,From,TimeStamp,To,TxHash,Value
0,0x4be2166a8dbe25e79a9b30b4ce26858e10d21e92,1512710075,0xe3fedaecd47aa8eab6b23227b0ee56f092c967a9,0xe4f71e80ef75730ffcb4aee34f4b8433e23c94e75e60e7fbeafd0c2523f01b92,0.0
1,0xa30d8157911ef23c46c0eb71889efe6a648a41f7,1512711688,0x0efd9fb079ed06d5c4f5bfddf5c6732cf066cf9f,0x4afa0739dc82aa587cbdded7bef7894b3e4d4ed1f6a212e28a0000be0abacfb6,13.4738
2,0xa30d8157911ef23c46c0eb71889efe6a648a41f7,1512711843,0x7a19d8b76393905dcdb4a722f9110e6ae6f162d5,0x62ce93c7c8abc119eba0769445ceb1c322aafcfc0208378273fc55dd017339c0,33.9
3,0xa30d8157911ef23c46c0eb71889efe6a648a41f7,1512711867,0x86fa049857e0209aa7d9e616f7eb3b3b78ecfdb0,0x0d7ad5fcefc7cb18b5529a97621b9c8b04fc0ee0fc2ba9e02d74bea2690da88f,0.0
4,0xa30d8157911ef23c46c0eb71889efe6a648a41f7,1512711867,0x68ce5c18f18229ca1e7330e3917657de22d18174,0x74ea327c64ba2436fa20756965d266c23c1e065e52add3cb124c6d48633221de,20.0
5,0xa30d8157911ef23c46c0eb71889efe6a648a41f7,1512711867,0x86fa049857e0209aa7d9e616f7eb3b3b78ecfdb0,0x1d47aaab869f42ba46caa863c087f4e61838843689ed3e41f4d8fa283473b4d3,0.0
6,0xa30d8157911ef23c46c0eb71889efe6a648a41f7,1512711867,0x5a9eb1c82ebb2e6025f1af3e7b14a74641439ec9,0x68ab392bc242d396e9ed13278ead5d253b9af09e01acbe4cd3cb49102ce92d1b,1.97
7,0xa30d8157911ef23c46c0eb71889efe6a648a41f7,1512711867,0x86fa049857e0209aa7d9e616f7eb3b3b78ecfdb0,0x112e1de52d932c9b9d5ebdf118d63db309b4a4d6b0387dca89ee6cef5fcbb00d,0.0
8,0xa30d8157911ef23c46c0eb71889efe6a648a41f7,1512711867,0x0f5d2fb29fb7d3cfee444a200298f468908cc942,0xaa17cfac18a5c23a072ddc46e71259bc237915b435ecc44eca8e7b6fad21b746,0.0
9,0xa30d8157911ef23c46c0eb71889efe6a648a41f7,1512711867,0x016e5c3aa5093ff32eabb530039f9cacd53a1573,0x93280353c7fceef06336b52c218af70a097062599eecbcde38d7788531f21ce4,39.0
10,0xa30d8157911ef23c46c0eb71889efe6a648a41f7,1512711867,0x86fa049857e0209aa7d9e616f7eb3b3b78ecfdb0,0xab861c31a386423c5137b43127e665d24927b91ff8b6366fba750cf9bd2b5675,0.0
11,0xa30d8157911ef23c46c0eb71889efe6a648a41f7,1512711867,0xcb97e65f07da24d46bcdd078ebebd7c6e6e3d750,0xc35364194fd7cd99752b8e789e9e9d8cb8ec2bc7289b80c805cae488528f184a,0.0
12,0xa30d8157911ef23c46c0eb71889efe6a648a41f7,1512711867,0xd850942ef8811f2a866692a623011bde52a462c1,0x0a11216e253a31280726fc007d1d4dfedbf61f6a40f67ccad18a5206672e3c0e,0.0
13,0xa30d8157911ef23c46c0eb71889efe6a648a41f7,1512711867,0xdb19a93b6a3dab9c78a9d17838346c8f1779f771,0x9a38ed8c2a6cb5673afc0cd97bd6598e1de3ba1b1e4527245179afca7527a516,10.4
14,0xa30d8157911ef23c46c0eb71889efe6a648a41f7,1512711867,0x86fa049857e0209aa7d9e616f7eb3b3b78ecfdb0,0xcd6117e56143b4b297cc9c4611150c2f0160e175c852d0183e360d1885965c69,0.0
15,0xa30d8157911ef23c46c0eb71889efe6a648a41f7,1512711867,0x41a79175e3a06c5a3facc002cae99ac71e0ac510,0xe91c3265b55da589ce4f303172cdbc3e172c48a025f1e25ee0270eb2cce3b6c6,1.2
16,0xa30d8157911ef23c46c0eb71889efe6a648a41f7,1512711867,0xdd974d5c2e2928dea5f71b9825b8b646686bd200,0x7d0b17071daa6e037883171240c49ce30010f77ef0f98835eb73932f74138601,0.0
17,0xa30d8157911ef23c46c0eb71889efe6a648a41f7,1512711867,0xe94327d07fc17907b4db788e5adf2ed424addff6,0x05641e58a78ea5e65bdb3bb4dd623d8bbb7d0576a9936478d2d1e1c35effba19,0.0
18,0xa30d8157911ef23c46c0eb71889efe6a648a41f7,1512711867,0xcb97e65f07da24d46bcdd078ebebd7c6e6e3d750,0xcfa70b77dd6739aa9109261c3fd770debd8f22232fa8b7b924ac66f55376e0a0,0.0
19,0xa30d8157911ef23c46c0eb71889efe6a648a41f7,1512711867,0x86fa049857e0209aa7d9e616f7eb3b3b78ecfdb0,0x206fd32fe2becd3dbdac175606d310dae0ee795b5eea856e332492f65f4d2a8f,0.0
20,0xa30d8157911ef23c46c0eb71889efe6a648a41f7,1512711867,0x001a4f7b93ed3ffbe1bbeb540aa5df9467423cf8,0x6585bdf0c9a974d2e21fc3609bc03ade5ac38717db987c22a9d9b35016293153,3.5
21,0xa30d8157911ef23c46c0eb71889efe6a648a41f7,1512711867,0x744d70fdbe2ba4cf95131626614a1763df805b9e,0xfda15f1ff8f5a1704124749484a246e5adab95e17dc2d83e0b966d2c3b632750,0.0
22,0xa30d8157911ef23c46c0eb71889efe6a648a41f7,1512711867,0x86fa049857e0209aa7d9e616f7eb3b3b78ecfdb0,0x19ca95695f864b6699620a72ae94962c1fd7a2e3f0b4e94e707a741b204ae5b1,0.0
23,0xa30d8157911ef23c46c0eb71889efe6a648a41f7,1512711867,0x86fa049857e0209aa7d9e616f7eb3b3b78ecfdb0,0xf1d6332a52534e863768b0d8473cac4387506825380514aed84f0df74d745b7c,0.0
24,0xa30d8157911ef23c46c0eb71889efe6a648a41f7,1512711867,0x86fa049857e0209aa7d9e616f7eb3b3b78ecfdb0,0xfa95eb384931cca389a419a58a5b0980fa7b6535fe2c5fdc4826a52d0cbf7eab,0.0
25,0xa30d8157911ef23c46c0eb71889efe6a648a41f7,1512711867,0x86fa049857e0209aa7d9e616f7eb3b3b78ecfdb0,0xeb70b838e8831ccc7905ebbc1096a706365f87cbab88dcd34fd6c733282b1269,0.0
26,0xa30d8157911ef23c46c0eb71889efe6a648a41f7,1512711867,0x86fa049857e0209aa7d9e616f7eb3b3b78ecfdb0,0x17ec4582186888909f4efc61eaa82c60d5cdba9490a8a2cf27af643e40df3234,0.0
27,0xa30d8157911ef23c46c0eb71889efe6a648a41f7,1512711867,0x86fa049857e0209aa7d9e616f7eb3b3b78ecfdb0,0x72d6e70ed0b9d08506af215877105c52b5dc79a5f9a5a79b69b2bed78e4a26fd,0.0
28,0xa30d8157911ef23c46c0eb71889efe6a648a41f7,1512711867,0xf7920b0768ecb20a123fac32311d07d193381d6f,0x025748fa86515fe69791aa4d79136f9314b6252ab502708e886dc5e1091f011e,0.0
29,0xa30d8157911ef23c46c0eb71889efe6a648a41f7,1512711867,0x86fa049857e0209aa7d9e616f7eb3b3b78ecfdb0,0x1428b563172ae31f77714c31a99fb33c101aecd86e72eb7d6529adbcdd070ff7,0.0
30,0xa30d8157911ef23c46c0eb71889efe6a648a41f7,1512711867,0x86fa049857e0209aa7d9e616f7eb3b3b78ecfdb0,0xd9379eaece61331fe03c6de67d77db0907b53afdc6a3692b1d3304c4506006c2,0.0
31,0xa30d8157911ef23c46c0eb71889efe6a648a41f7,1512711867,0x86fa049857e0209aa7d9e616f7eb3b3b78ecfdb0,0x8132e4095c92c26a5944e03b57b44568c8c5d90988e29e1146abe75fbf6aa3db,0.0
32,0xa30d8157911ef23c46c0eb71889efe6a648a41f7,1512711867,0x4290563c2d7c255b5eec87f2d3bd10389f991d68,0x28c8cc22053f519abbc25f002e90c835e5c80e5f334712077c19f1c7764929fb,0.0
33,0xa30d8157911ef23c46c0eb71889efe6a648a41f7,1512711867,0xb97048628db6b661d4c2aa833e95dbe1a905b280,0x7089cc756c933206491ff3c622d716757d9508cb1eb3e5857f456987b1f4eef7,0.0
34,0xa30d8157911ef23c46c0eb71889efe6a648a41f7,1512711867,0x0067c2cc26746c96778aabd70fa9569104ba3f3a,0xa33132e5584e1b058d676b71bfbab56a6438165389571b58cf2b66ab4ef4e841,2.4
35,0xa30d8157911ef23c46c0eb71889efe6a648a41f7,1512711867,0x86fa049857e0209aa7d9e616f7eb3b3b78ecfdb0,0x5472b4b02dd4a01e3cdb22ab5e918d71218ce7f154adff64244b5751c8f523c3,0.0
36,0xa30d8157911ef23c46c0eb71889efe6a648a41f7,1512711867,0xd850942ef8811f2a866692a623011bde52a462c1,0x34eda5e70549a3d0bc27736377719c0227dfde1ceaae0a13ec35adafd42c0e46,0.0
37,0xa30d8157911ef23c46c0eb71889efe6a648a41f7,1512711867,0x2687e3fe6b533025dc347d4423b8d6e787a1c4a4,0x2d1145285fc55caf36c0ee5bd7ad29f87b17bbaeff5b780334dd8dc9becc8bb5,4.0
38,0xa30d8157911ef23c46c0eb71889efe6a648a41f7,1512711867,0x86fa049857e0209aa7d9e616f7eb3b3b78ecfdb0,0xd765c2cd0cf1eb93448932afa128590a89b600a969c09e307a72a10879ceb8d9,0.0
39,0xa30d8157911ef23c46c0eb71889efe6a648a41f7,1512711867,0x86fa049857e0209aa7d9e616f7eb3b3b78ecfdb0,0x44dac8cfb75caa6368f3bbd20a651bb6140dda6f2b6108ef93f487402c6b9fe7,0.0
40,0xa30d8157911ef23c46c0eb71889efe6a648a41f7,1512711867,0x514910771af9ca656af840dff83e8264ecf986ca,0xda644585362649e4a6c70c53cbf52ae29945cad4a8351fa950f16f0c33148d0c,0.0
41,0xa30d8157911ef23c46c0eb71889efe6a648a41f7,1512711867,0xcb97e65f07da24d46bcdd078ebebd7c6e6e3d750,0x9e668dfff5db31418dd782b854096e42c69cb2685c06a25c917f1f86e1b21e6f,0.0
42,0xa30d8157911ef23c46c0eb71889efe6a648a41f7,1512711867,0x86fa049857e0209aa7d9e616f7eb3b3b78ecfdb0,0x646611883368559e32da2908b917452e3c977c14401868cdb856c1a067107c40,0.0
43,0xa30d8157911ef23c46c0eb71889efe6a648a41f7,1512711867,0x86fa049857e0209aa7d9e616f7eb3b3b78ecfdb0,0x95fa66b4b404a8b0c32f18755d29f043fe28987d4037cd0868c3ec8dd1383374,0.0
44,0xa30d8157911ef23c46c0eb71889efe6a648a41f7,1512711867,0x86fa049857e0209aa7d9e616f7eb3b3b78ecfdb0,0xebc74c1d9ee19b348c8cba4da988ab87dbe9a545691b9775b2a64fd037f24905,0.0
45,0xa30d8157911ef23c46c0eb71889efe6a648a41f7,1512711867,0x744d70fdbe2ba4cf95131626614a1763df805b9e,0x59fa01a5594b787eb6a4529bd411371c2ecb40a4320baf1518205986389580cb,0.0
46,0xa30d8157911ef23c46c0eb71889efe6a648a41f7,1512711867,0x4290563c2d7c255b5eec87f2d3bd10389f991d68,0xe511eb615185cc10fd9dac241530b75d6dea1c43628a8fbb31a7b96ea3dc501e,0.0
47,0xa30d8157911ef23c46c0eb71889efe6a648a41f7,1512711867,0xb97048628db6b661d4c2aa833e95dbe1a905b280,0x4d48f3fd9ad348aadf04da18325138749741fb7f37e5efe92e8e7548cb3982c8,0.0
48,0xa30d8157911ef23c46c0eb71889efe6a648a41f7,1512711867,0x86fa049857e0209aa7d9e616f7eb3b3b78ecfdb0,0x2036f6907ce0d912e4e035add2daa6215252eb34e2ec1242a6de01e10e893ea5,0.0
49,0xa30d8157911ef23c46c0eb71889efe6a648a41f7,1512711867,0x86fa049857e0209aa7d9e616f7eb3b3b78ecfdb0,0xbfd9d3aa4235eeb40c183ed817a381eea7bb1701d4b83290cd0e64d6140475b9,0.0
50,0xa30d8157911ef23c46c0eb71889efe6a648a41f7,1512711867,0x54fa272b149d8f85a631b4df2d254717f392c59b,0x264e4e7df8b08047bdee8c7ba1641089c369f9157c9daa10b31792e8e23a5349,6.8
51,0xa30d8157911ef23c46c0eb71889efe6a648a41f7,1512711867,0x66e01bd5e5ea529cc0e680e346261d69aa846c58,0x6a1797ece18a1d62d5c9ce4dfa0c0a0d81cf4c2442b815030105b0b2e7c86abe,1.0
52,0xa30d8157911ef23c46c0eb71889efe6a648a41f7,1512711867,0x177d39ac676ed1c67a2b268ad7f1e58826e5b0af,0xe7bd443d65a3faccc730edd659ce7430377b0a361d878b20efecd20cf9f57f6c,0.0
53,0xa30d8157911ef23c46c0eb71889efe6a648a41f7,1512711867,0x86fa049857e0209aa7d9e616f7eb3b3b78ecfdb0,0x1ae02af8d4add93a659b962d024b7c03be1d3dec5f36938c7fb493332af06c0e,0.0
54,0xa30d8157911ef23c46c0eb71889efe6a648a41f7,1512711867,0xd281eb2dcc484cb483753e185077e3148c587da4,0x3bc7fc771dd387304a82904fd6274ed3711f3914aed135ad8aaea3dff515d444,200.0
55,0xa30d8157911ef23c46c0eb71889efe6a648a41f7,1512711867,0x91e53f2b2d488051c689cd9850068f99b12e17e1,0xa3e013b55c86a4fba570fa43fcb4aca155c0927fbcdfcd512fef8e27ecbd79d4,1.0916
56,0xa30d8157911ef23c46c0eb71889efe6a648a41f7,1512711867,0xd26114cd6ee289accf82350c8d8487fedb8a0c07,0xf071bd79e17abaa1a7c4f8a124bcff51f19a6486ed14702b2da58048f0216258,0.0
57,0xa30d8157911ef23c46c0eb71889efe6a648a41f7,1512711867,0x86fa049857e0209aa7d9e616f7eb3b3b78ecfdb0,0x89ef0f8effc705ab513f0c89ffa339fd25adad90adc6bde59ba92c6318e40f28,0.0
58,0xa30d8157911ef23c46c0eb71889efe6a648a41f7,1512711867,0x177d39ac676ed1c67a2b268ad7f1e58826e5b0af,0x1573a311f5f5edcc197d622c006b3bcce4f99fcf6d567b2531a54a93b5dc81d9,0.0
59,0xa30d8157911ef23c46c0eb71889efe6a648a41f7,1512711867,0x86fa049857e0209aa7d9e616f7eb3b3b78ecfdb0,0xcb0841cae4d82bdc1f5702b7e4f77827258fdf58c6cc9c4129d7e4e90d72d909,0.0
60,0xa30d8157911ef23c46c0eb71889efe6a648a41f7,1512711867,0x86fa049857e0209aa7d9e616f7eb3b3b78ecfdb0,0x7bf44a0c68eb8a070aa72f194cc4f1adb3805d744464f17c9d34e3a08c381bb6,0.0
61,0xa30d8157911ef23c46c0eb71889efe6a648a41f7,1512711867,0x86fa049857e0209aa7d9e616f7eb3b3b78ecfdb0,0x52f68ddc6bf9be0e58072e8773e27703216a0c59c4535226d1a1919ca0ee252f,0.0
62,0xa30d8157911ef23c46c0eb71889efe6a648a41f7,1512711867,0xf7920b0768ecb20a123fac32311d07d193381d6f,0xabdb44549f77da0ef1ff6faeb0c350299c07e12185d1aa4359616c760cfbdf00,0.0
63,0xa30d8157911ef23c46c0eb71889efe6a648a41f7,1512711867,0x0f5d2fb29fb7d3cfee444a200298f468908cc942,0xd77fb97709777b67a41efd0a7773b7fd59c29965bf373b863a9c8ea154b4c2aa,0.0
64,0xa30d8157911ef23c46c0eb71889efe6a648a41f7,1512711867,0xcb97e65f07da24d46bcdd078ebebd7c6e6e3d750,0xc5a5892c2e8d6a7a0c36ad04720359f0814b0e6c19f69b9e711b1a1da3103509,0.0
65,0xa30d8157911ef23c46c0eb71889efe6a648a41f7,1512711867,0x86fa049857e0209aa7d9e616f7eb3b3b78ecfdb0,0x607e3606bce9f9c075f1da30e671b893a4e4417c706104637dfb7f1fb5d2b576,0.0
66,0xa30d8157911ef23c46c0eb71889efe6a648a41f7,1512711867,0x86fa049857e0209aa7d9e616f7eb3b3b78ecfdb0,0x4af5b3ee16e254b56ebcc13087ba8fef3b31a912238545389977bc71f54218c8,0.0
67,0xa30d8157911ef23c46c0eb71889efe6a648a41f7,1512711867,0x86fa049857e0209aa7d9e616f7eb3b3b78ecfdb0,0xd9d5fcf16dc6e4e26170099e2e3b4996abf1fd1e8e9b3ae39bb8528b16934d69,0.0
68,0xa30d8157911ef23c46c0eb71889efe6a648a41f7,1512711867,0x86fa049857e0209aa7d9e616f7eb3b3b78ecfdb0,0xd357ba4eb3e32c5cfd5feda743952efa9b5b07150320d593894dcd34c71faf42,0.0
69,0xa30d8157911ef23c46c0eb71889efe6a648a41f7,1512711867,0x86fa049857e0209aa7d9e616f7eb3b3b78ecfdb0,0x373bedd1484f0a4774dc2e8b03f150571c44888a2ed2683ed8a55b7d26062b3c,0.0
70,0xa30d8157911ef23c46c0eb71889efe6a648a41f7,1512711867,0x86fa049857e0209aa7d9e616f7eb3b3b78ecfdb0,0xb08a5518a99f9cb0271494b092a66e2fdae050aef40a5459616c4cde1fcc2197,0.0
71,0xa30d8157911ef23c46c0eb71889efe6a648a41f7,1512711867,0x86fa049857e0209aa7d9e616f7eb3b3b78ecfdb0,0x7725eca085f6e3ca183ab592c81a3612f6950484b12ee08971a0485bb13b46c8,0.0
72,0xa30d8157911ef23c46c0eb71889efe6a648a41f7,1512711867,0x86fa049857e0209aa7d9e616f7eb3b3b78ecfdb0,0xe547baf7ed431da28da4b31d7f1e419765fd3687e06c9a5b2cf6a55e9fb0fed8,0.0
73,0xa30d8157911ef23c46c0eb71889efe6a648a41f7,1512711867,0xc2d36124ef743d19ea9ace7bb6bd3ab3165bf7db,0x77564a5d654870dbb40d4ea35de32f630b2d6c61025dc9faf691c3bcd0a00d24,5.01
74,0xa30d8157911ef23c46c0eb71889efe6a648a41f7,1512711867,0x86fa049857e0209aa7d9e616f7eb3b3b78ecfdb0,0xf2f8ae6e607251df4a37b38365c15cb7d21d10b9f5f262d34be811d009e1e1c2,0.0
75,0xa30d8157911ef23c46c0eb71889efe6a648a41f7,1512711867,0x86fa049857e0209aa7d9e616f7eb3b3b78ecfdb0,0xb6d62c512435487b979c3492f70daa12a687c28ef99d7a3d67b74da7c15b2a11,0.0
76,0xa30d8157911ef23c46c0eb71889efe6a648a41f7,1512711867,0x30cbf66f4563384979cf16275fb4d046cf17ec89,0x0f5bfe769b2561f86305f8eb5700496728a132961176d26493d1fc541d006f0d,3.02
77,0xa30d8157911ef23c46c0eb71889efe6a648a41f7,1512711867,0xb319608bcd2c8a0ab4365a50c93ed75d4adc7e5b,0x672628228ab1860f3c904e6163909f94c6c14346b84a74bd5087cda6fafada0b,25.01
78,0xa30d8157911ef23c46c0eb71889efe6a648a41f7,1512711867,0x86fa049857e0209aa7d9e616f7eb3b3b78ecfdb0,0xbe3ab83244c59adaa878bd47d771e13e5b4db48d5c67518ef9c12bfab5e0d764,0.0
79,0xa30d8157911ef23c46c0eb71889efe6a648a41f7,1512711867,0x827549a02673576f982ef90290c191c195471b51,0x12d5814f6a284b5b78ec8c8e605bc2d0f647f4012f0a815c2d3e7a5bd197b2b9,275.5
80,0xa30d8157911ef23c46c0eb71889efe6a648a41f7,1512711867,0x86fa049857e0209aa7d9e616f7eb3b3b78ecfdb0,0x95b690862e142ffdd0c410e95a232c5a8c675c0384ac03538011482a721161ee,0.0
81,0xa30d8157911ef23c46c0eb71889efe6a648a41f7,1512711867,0x177d39ac676ed1c67a2b268ad7f1e58826e5b0af,0x7ff031dcfc9718a0878b82fbcab3e733801dbf842afafd7cc69f7bb13baa213b,0.0
82,0xa30d8157911ef23c46c0eb71889efe6a648a41f7,1512711867,0xcb97e65f07da24d46bcdd078ebebd7c6e6e3d750,0x0c8b9f690a3fa4dcd25b972e748bf21c7e06735ed1b0b496d45706bffcc4add5,0.0
83,0xa30d8157911ef23c46c0eb71889efe6a648a41f7,1512711867,0x7416ed6e3b536614261eb2550a9bfc56b5e7c9f5,0xb40d19e63adcc96572e5c750b8ae9ad736005b48079add61bd6cd90dc480a3e6,0.9889899999999999
84,0xa30d8157911ef23c46c0eb71889efe6a648a41f7,1512711867,0xaabe160c8693abe1779e6460e2eb5afa6f866ff0,0x2b56a4965b673abf0491a46d1c1cea95e8aa181e9ec5beaec35cf52d5ee85cf7,5.35
85,0xa30d8157911ef23c46c0eb71889efe6a648a41f7,1512711867,0x86fa049857e0209aa7d9e616f7eb3b3b78ecfdb0,0xcccd32619a51dee3494c3f46b8cc2a754a5f1a76b2f30046149a9205998efabd,0.0
86,0xa30d8157911ef23c46c0eb71889efe6a648a41f7,1512711867,0xb7cd08b61e033ec1200dcb4b901e0e8321b0c7fa,0x6528a2813f0a5503ccfc499e4173959a22ac488a99faf68c5aba0552e3af5386,10.9179
87,0xa30d8157911ef23c46c0eb71889efe6a648a41f7,1512711867,0x86fa049857e0209aa7d9e616f7eb3b3b78ecfdb0,0xb2ae85beb6eec5212927b5c061e6e7b3f7d3c25e3bc6b052b1a5ce594bcf81b6,0.0
88,0xa30d8157911ef23c46c0eb71889efe6a648a41f7,1512711867,0xd850942ef8811f2a866692a623011bde52a462c1,0x610319b7397d73e9bfb89c6375443ffa50530292bdf4214c38b15dd420ad686f,0.0
89,0xa30d8157911ef23c46c0eb71889efe6a648a41f7,1512711867,0x86fa049857e0209aa7d9e616f7eb3b3b78ecfdb0,0x81fcb1ee9c9329af2f1432a53ed32e95a3a516501d4dc4e618b0fc2b374f78b7,0.0
90,0xa30d8157911ef23c46c0eb71889efe6a648a41f7,1512711867,0xc0c7f32948f3a71080f7fe9bb93170a20c80bf52,0xfff97b9ef657894d3f835e9ac5c42bf4a7102316197022f8f4a8ca019857293f,8.0
91,0xa30d8157911ef23c46c0eb71889efe6a648a41f7,1512711867,0x744d70fdbe2ba4cf95131626614a1763df805b9e,0x2b9970ce54cda596a35c26a74f9057db9393fed39e5695275026570f0c591f8e,0.0
92,0xa30d8157911ef23c46c0eb71889efe6a648a41f7,1512711867,0x86fa049857e0209aa7d9e616f7eb3b3b78ecfdb0,0x67f7f489a3ce935b0396c333b213ff7a7009777573dc427d23101c1e03c6ef53,0.0
93,0xa30d8157911ef23c46c0eb71889efe6a648a41f7,1512711867,0x86fa049857e0209aa7d9e616f7eb3b3b78ecfdb0,0x14414294852dfbf8634681f08ace3994f8e49746b401d3bc35ddf30410f89e64,0.0
94,0xa30d8157911ef23c46c0eb71889efe6a648a41f7,1512711867,0x86fa049857e0209aa7d9e616f7eb3b3b78ecfdb0,0x540cae59dfe5b3693461a93df55cf9d253d92b3aa2d8fb6f6c94438882dc625f,0.0
95,0xa30d8157911ef23c46c0eb71889efe6a648a41f7,1512711867,0x453edc098667c153ea965b53a1cc3685f401f82c,0xe7c8305d107c5bd5090e667708451e54525c5c78d79a0cdf5dc6c450ac723fa6,20.0
96,0xa30d8157911ef23c46c0eb71889efe6a648a41f7,1512711867,0xd850942ef8811f2a866692a623011bde52a462c1,0x5a7bda7d9b679cff08a59b999aee731dc55fd69f8ba0b8878c3302012ea9b396,0.0
97,0xa30d8157911ef23c46c0eb71889efe6a648a41f7,1512711867,0x177d39ac676ed1c67a2b268ad7f1e58826e5b0af,0xfeeab88b89f9f668d0a13d1804406da08e844769222e257dfd66d0172a914729,0.0
98,0xa30d8157911ef23c46c0eb71889efe6a648a41f7,1512711867,0x5988a4fcdfd61689ed9783432cf526f747f147ed,0xc00b8330eeb34782ac914e61ee617de22d898485ed7413110ee5267b549efffd,1.2
99,0xa30d8157911ef23c46c0eb71889efe6a648a41f7,1512711867,0x86fa049857e0209aa7d9e616f7eb3b3b78ecfdb0,0x5213de93698237575740c4fbc51ffb54d4f5a705b9481a3fd81249c205b75ba8,0.0
100,0xa30d8157911ef23c46c0eb71889efe6a648a41f7,1512711867,0x86fa049857e0209aa7d9e616f7eb3b3b78ecfdb0,0x26dcf882dada791ea86516fdfc439bfeb733827c3ad4b4e479bf9ba574cc9533,0.0
101,0xa30d8157911ef23c46c0eb71889efe6a648a41f7,1512711867,0x86fa049857e0209aa7d9e616f7eb3b3b78ecfdb0,0xa000d5073b2a9ea8cd89095f750cc25a20275eb8ab2b4aa37fb4449896fd3b39,0.0
102,0xa30d8157911ef23c46c0eb71889efe6a648a41f7,1512711867,0xb7cd08b61e033ec1200dcb4b901e0e8321b0c7fa,0x8f727f473ea570d49110a9ae1d7c020b9e1c2620e165aea4aff15a5b9a2590d5,4.4907
103,0xa30d8157911ef23c46c0eb71889efe6a648a41f7,1512711867,0xef36161f2f945b623a26cb5585f4958cdfca422e,0x6c793e2dce90828320f70d36f82f553108da60cefdcb2be18fb5268324e3b239,9.2188
104,0xa30d8157911ef23c46c0eb71889efe6a648a41f7,1512711867,0x8d2a285335938efc8e94fb0814e190b88633c486,0xcb35208c23db1c8ea8d615df07c5afc1d39723f7606713064d5cba00ea2803aa,17.5931
105,0xa30d8157911ef23c46c0eb71889efe6a648a41f7,1512711867,0x6ed541f0c9b62b543df9138e0f7e37a28d0e041d,0x288ff6c8002387f2c332bb9b13f68f0d71916bf32db3f76c9cd6b05ca3fdc119,5.0
106,0xa30d8157911ef23c46c0eb71889efe6a648a41f7,1512711867,0x471e0b989ad57ec512953b8089bfbcf1b652205f,0x92cb711a30112140707153e912e3e6141273338579ec39e7150365ec8e8524b7,0.75
107,0xa30d8157911ef23c46c0eb71889efe6a648a41f7,1512711867,0x86fa049857e0209aa7d9e616f7eb3b3b78ecfdb0,0x436fc4cfb51154cc7622891e2da7b893b4fa5fd463227b2b8e5ccf087ed7d8df,0.0
108,0xa30d8157911ef23c46c0eb71889efe6a648a41f7,1512711867,0x86fa049857e0209aa7d9e616f7eb3b3b78ecfdb0,0x9ca8e7cd8338ea00be9f8d7a7d3b1138323e594b05ba9a7f0bf69a2c7e43b2b9,0.0
109,0xa30d8157911ef23c46c0eb71889efe6a648a41f7,1512711867,0x86fa049857e0209aa7d9e616f7eb3b3b78ecfdb0,0x35674d52147684166f2538e182ba9ad33d6df3116b9442839fc1b55d8820e0ad,0.0
110,0xa30d8157911ef23c46c0eb71889efe6a648a41f7,1512711867,0x09cc7db7655304df307590c98f0d82e36f43f058,0x7f359474569873531c55353474ab4181613b97944cf5218f0f24b7fc1cd5d649,33.4901
111,0xa30d8157911ef23c46c0eb71889efe6a648a41f7,1512711917,0xa645264c5603e96c3b0b078cdab68733794b0a71,0xeaa0748623be4a1774d5f859ac8757830bca76d66ac1e829e2328de564c436ee,0.0
112,0xa30d8157911ef23c46c0eb71889efe6a648a41f7,1512711962,0xd850942ef8811f2a866692a623011bde52a462c1,0x4586706a30978e680f16b4030486219b32d11f9a5d7c0f3b58ffccc0d3488bea,0.0
113,0xa30d8157911ef23c46c0eb71889efe6a648a41f7,1512711962,0x177d39ac676ed1c67a2b268ad7f1e58826e5b0af,0x6ba015ea8c6b0ca3e1118f16374ed9536d1c27b642853c8d3f2a61d2e3de4fa3,0.0
114,0xa30d8157911ef23c46c0eb71889efe6a648a41f7,1512711962,0x86fa049857e0209aa7d9e616f7eb3b3b78ecfdb0,0x59a2fd47542537361c62810980418f1e37057077da1f19e244b4dc4d68b88b7c,0.0
115,0xa30d8157911ef23c46c0eb71889efe6a648a41f7,1512712025,0x86fa049857e0209aa7d9e616f7eb3b3b78ecfdb0,0x5ae951a5c88b89f574a4548277d9c5cea3f89639ef74b1977a29c158af7183b0,0.0
116,0xa30d8157911ef23c46c0eb71889efe6a648a41f7,1512712033,0x86fa049857e0209aa7d9e616f7eb3b3b78ecfdb0,0x99bc697b8ef71c0995a679c06b7243dbf8d29de9f1e609a78faaeb2922dd48ac,0.0
117,0xa30d8157911ef23c46c0eb71889efe6a648a41f7,1512712033,0x86fa049857e0209aa7d9e616f7eb3b3b78ecfdb0,0x67fd4e691b2e40f59ff48753d7e3f38b214be30dcd048175dd0edbb867526ee8,0.0
118,0xa30d8157911ef23c46c0eb71889efe6a648a41f7,1512712033,0xf7920b0768ecb20a123fac32311d07d193381d6f,0x8d0a0afa039384940194d185d197be2bc6de450eb23c5af2bdf309902dd21ca8,0.0
119,0xa30d8157911ef23c46c0eb71889efe6a648a41f7,1512712033,0x744d70fdbe2ba4cf95131626614a1763df805b9e,0xa5419b84e0d512dceb2af2b887dbbaec4371baf47d4b0bf9f34e2645effaf39f,0.0
120,0xa30d8157911ef23c46c0eb71889efe6a648a41f7,1512712033,0x86fa049857e0209aa7d9e616f7eb3b3b78ecfdb0,0x719668c776998bb4614e365f60d19d0283e16246a7499f518e7e28b31df7f253,0.0
121,0xa30d8157911ef23c46c0eb71889efe6a648a41f7,1512712033,0xb97048628db6b661d4c2aa833e95dbe1a905b280,0x6af970650fbd172cafd7506b8c204ff6480219c9f61c1db4ea8bd4a249e7a075,0.0
122,0xa30d8157911ef23c46c0eb71889efe6a648a41f7,1512712033,0x744d70fdbe2ba4cf95131626614a1763df805b9e,0x71b55ca06f2e7cb873a0da05b9601518b002efd67130ff4f7e2bad3128e47722,0.0
123,0xa30d8157911ef23c46c0eb71889efe6a648a41f7,1512712033,0x514910771af9ca656af840dff83e8264ecf986ca,0xe29b0e76940ee63156006c25f0e4d8ea14f735d6ab9756e5bf45ef389a91c826,0.0
124,0xa30d8157911ef23c46c0eb71889efe6a648a41f7,1512712033,0x86fa049857e0209aa7d9e616f7eb3b3b78ecfdb0,0xcea76cefc53c2f8c1cefbb744dc46f7f05d1762c879570703931298afca9d7ed,0.0
125,0xa30d8157911ef23c46c0eb71889efe6a648a41f7,1512712033,0x9bc043fa46809e3f43745adf69062c5760221841,0x6595bed2512c749a00f50f1c5070f74681f06492c9a9d72b392304a0860c5edc,0.5503
126,0xa30d8157911ef23c46c0eb71889efe6a648a41f7,1512712033,0x177d39ac676ed1c67a2b268ad7f1e58826e5b0af,0x08c47e40006726f86eb96f319211b82386901c532ce0ef579bf42f6356ec9ae0,0.0
127,0xa30d8157911ef23c46c0eb71889efe6a648a41f7,1512712033,0x86fa049857e0209aa7d9e616f7eb3b3b78ecfdb0,0xc5b95dbb48b1acf0df20c6d7f73a3c05d2abfde8a1e48ce2795abf94bd71d6a5,0.0
128,0xa30d8157911ef23c46c0eb71889efe6a648a41f7,1512712047,0x86fa049857e0209aa7d9e616f7eb3b3b78ecfdb0,0xe8536a3132c584e6b9ca876257c52de5db052112c92c6b2974928b357959bc57,0.0
129,0xa30d8157911ef23c46c0eb71889efe6a648a41f7,1512712065,0xb97048628db6b661d4c2aa833e95dbe1a905b280,0xbc432deab38ec71416af719f23134e08e0710a2fbe93911fb9dd8ba9d1abb3f7,0.0
130,0xa30d8157911ef23c46c0eb71889efe6a648a41f7,1512712065,0x4e2b10fdc68fdd35bb85909f1727fd90f4df0795,0x75df34e2c14f5fa4cf00d2628d285465b9a8ce79447efe7849a70c46e0b876fc,19.1
131,0xa30d8157911ef23c46c0eb71889efe6a648a41f7,1512712065,0xf7920b0768ecb20a123fac32311d07d193381d6f,0xfc45326445e3425b47d5d6ce37fb9a23d9e4fefbdfc24d58144ad428a63c148e,0.0
132,0xa30d8157911ef23c46c0eb71889efe6a648a41f7,1512712065,0x86fa049857e0209aa7d9e616f7eb3b3b78ecfdb0,0x231722fbf05ebb30b2e245a464014a0022fca75735e053d7a1a6fccb0e2a9f87,0.0
133,0xa30d8157911ef23c46c0eb71889efe6a648a41f7,1512712065,0x0f5d2fb29fb7d3cfee444a200298f468908cc942,0xc2a66f14a4cd17aa49cd4117299b2b652d284960236ed95c6bac71f4cbd03901,0.0
134,0xa30d8157911ef23c46c0eb71889efe6a648a41f7,1512712065,0x0f5d2fb29fb7d3cfee444a200298f468908cc942,0x7bd3590f43da41d92b93009322aabd4f07e77c7bf13489921bf6b4c6499249de,0.0
135,0xa30d8157911ef23c46c0eb71889efe6a648a41f7,1512712065,0x0363e236269065d43ca8c22c32c98bf784168a41,0x11934b2e4f379b8df15d75e133debe91a14c680c235a9f00a29833925ce50b9c,38.0
136,0xa30d8157911ef23c46c0eb71889efe6a648a41f7,1512712065,0x0f5d2fb29fb7d3cfee444a200298f468908cc942,0x59a72150080807e7bc526ac97a7e92641f3661c618b07f24131682fbfb36a7fb,0.0
137,0xa30d8157911ef23c46c0eb71889efe6a648a41f7,1512712065,0xdd974d5c2e2928dea5f71b9825b8b646686bd200,0x7053a8cdc02e1d2be7e89bc2efa430c83f079e8665567927f0eab273efcb7692,0.0
138,0xa30d8157911ef23c46c0eb71889efe6a648a41f7,1512712065,0x0f5d2fb29fb7d3cfee444a200298f468908cc942,0xb62a5672e2493397635c841e270eb104f0ed932aba188265da4a9bf2ddf70ad2,0.0
139,0xa30d8157911ef23c46c0eb71889efe6a648a41f7,1512712065,0x0f5d2fb29fb7d3cfee444a200298f468908cc942,0xf0c265358b700b07e50b640349e5b144aef64034f7c25c4d66a078e6ee570b4a,0.0
140,0xa30d8157911ef23c46c0eb71889efe6a648a41f7,1512712077,0x0f5d2fb29fb7d3cfee444a200298f468908cc942,0x535d6b1dce1d5d23c4fb7a1230b7a11ce174e1f878d67d4305a8673bf5de634b,0.0
141,0xa30d8157911ef23c46c0eb71889efe6a648a41f7,1512712077,0x86fa049857e0209aa7d9e616f7eb3b3b78ecfdb0,0x1f696c8dcc6300fc1a5a0000d94326a058b7456a60eef00ab07d4cf46a07ba40,0.0
142,0xa30d8157911ef23c46c0eb71889efe6a648a41f7,1512712077,0x86fa049857e0209aa7d9e616f7eb3b3b78ecfdb0,0x9497d2d6eeac38ae4bf155bec7e85fe5c958bb2140b3d7c4d33286a12904e4e2,0.0
143,0xa30d8157911ef23c46c0eb71889efe6a648a41f7,1512712077,0x86fa049857e0209aa7d9e616f7eb3b3b78ecfdb0,0x3df52cf4899dc6970567ce4ff9f787384301a82590eb5332411db1a5fb11689e,0.0
144,0xa30d8157911ef23c46c0eb71889efe6a648a41f7,1512712077,0x86fa049857e0209aa7d9e616f7eb3b3b78ecfdb0,0xe13bc22fba5258e13cb41a4d08b4a25273fe5bf07b9a451a9c6f902166ece994,0.0
145,0xa30d8157911ef23c46c0eb71889efe6a648a41f7,1512712077,0xe0b7927c4af23765cb51314a0e0521a9645f0e2a,0x4a5b9ed024021b1a3b8b41aba299da398684c688816f8ab7b0607427cae42766,0.0
146,0xa30d8157911ef23c46c0eb71889efe6a648a41f7,1512712077,0x14d68aa1f295e38b0f553023731d75927e98ea88,0x506273991a8218d7fec171dd65a4009ccb7191ed6e0639802aa7e090c64a3f15,10.0
147,0xa30d8157911ef23c46c0eb71889efe6a648a41f7,1512712077,0x0f5d2fb29fb7d3cfee444a200298f468908cc942,0xc85b21328afc1db62d98744a1bf0fe40f0c0a7b6bb3184c672926357dd7e583b,0.0
148,0xa30d8157911ef23c46c0eb71889efe6a648a41f7,1512712077,0x4bb0b6266c41530bd0540b9bd59e32b070b29d16,0xa59543873885ab0f91afd5ed28b3bb1f152cf3f26dec52982171f9173b2a7d47,7.8320000000000025
149,0xa30d8157911ef23c46c0eb71889efe6a648a41f7,1512712077,0x86fa049857e0209aa7d9e616f7eb3b3b78ecfdb0,0x16ec7b6fbb0f4411cd59d7c9d3d75f0c0e3b5aa5dff3bb0334378184f6edef7b,0.0
150,0xa30d8157911ef23c46c0eb71889efe6a648a41f7,1512712077,0x47442036617f75778b6cf3a8f174581ce469e439,0x24a01ad30197f2140cac2c103ae4f023e4d2bbf36b72726afe0aee557743debd,2.4859
151,0xa30d8157911ef23c46c0eb71889efe6a648a41f7,1512712077,0x0f5d2fb29fb7d3cfee444a200298f468908cc942,0xfaa1549e7693f4c69c41c0ba249853c89d1da4ffb5ef61a4af73215d14bb984d,0.0
152,0xa30d8157911ef23c46c0eb71889efe6a648a41f7,1512712077,0x4e86e5f314555cdebffe596f0c2ae4fbd872efd5,0x118c26508bd0b592c36082921bedeaac35486e1cf1b261b3c0d5ddd301219f1b,1.0
153,0xa30d8157911ef23c46c0eb71889efe6a648a41f7,1512712077,0x86fa049857e0209aa7d9e616f7eb3b3b78ecfdb0,0xe9d097c3ddafc12fc8abf066cfede8d1a7068df165560b2b75c88b5f9767632c,0.0
154,0xa30d8157911ef23c46c0eb71889efe6a648a41f7,1512712077,0x14d68aa1f295e38b0f553023731d75927e98ea88,0xd6644d720b444806f5edd2493c0986a1ef2957a5cdb486b4291b638ef131920f,20.0
155,0xa30d8157911ef23c46c0eb71889efe6a648a41f7,1512712077,0x177d39ac676ed1c67a2b268ad7f1e58826e5b0af,0x329adb2206fb8121f1a52ea73e77e99485695f6ea5121ab097444f8a84fb6c24,0.0
156,0xa30d8157911ef23c46c0eb71889efe6a648a41f7,1512712077,0xb97048628db6b661d4c2aa833e95dbe1a905b280,0xf3e011e2d7fddf6f3a9668de31fdb7cdc70cb277014b244f454473e46aa77e36,0.0
157,0xa30d8157911ef23c46c0eb71889efe6a648a41f7,1512712077,0x79f3ac90b024cae54afaa7fff8506c9db48b9123,0xfe5ee72d0947e67982695b9c49df228fe12d40bda0b795efb7c5765f2cc08cb1,1.0
158,0xa30d8157911ef23c46c0eb71889efe6a648a41f7,1512712085,0x0f5d2fb29fb7d3cfee444a200298f468908cc942,0x31e08bd5824fc907b9b13862f30b16b1f2ef23ab8c6960cb10ef08606f559a0a,0.0
159,0xa30d8157911ef23c46c0eb71889efe6a648a41f7,1512712103,0xc29c808020ce020c6a9b92f662de9f00fe27057e,0x4ae22edc888b9b27596be381bcf8bac9f17e3ff4c56747a28d52dc5e525e587e,0.9
160,0xa30d8157911ef23c46c0eb71889efe6a648a41f7,1512712103,0x4024151bb2fc28979492d580f9da2084db9a627f,0xe2a224976f01dd5f83344ab6e5b60c227990e6c09d9b7b02117aa7545521226b,0.62900737
161,0xa30d8157911ef23c46c0eb71889efe6a648a41f7,1512712103,0xa447e4764d6737535b71b62eff87949f4fe42dd5,0x63222e9076873fcb8c5b56c663e225315d90ac9c65a25f69f1cc95ed388b8d00,0.3636
162,0xa30d8157911ef23c46c0eb71889efe6a648a41f7,1512712103,0x514910771af9ca656af840dff83e8264ecf986ca,0x56e662997f9f195a5e08176dff05038da2dadc1906056ff348e187b29c2184ee,0.0
163,0xa30d8157911ef23c46c0eb71889efe6a648a41f7,1512712103,0xd850942ef8811f2a866692a623011bde52a462c1,0x9f53a31c9a72da1215cc412fd7d2689908d8237c8f35314e9d93e74d8e61a6d9,0.0
164,0xa30d8157911ef23c46c0eb71889efe6a648a41f7,1512712103,0x86fa049857e0209aa7d9e616f7eb3b3b78ecfdb0,0x8243ceeebf6950217d71597b3ca3b2edf572f902751bd5219c988e766b678ea4,0.0
165,0xa30d8157911ef23c46c0eb71889efe6a648a41f7,1512712103,0xf7920b0768ecb20a123fac32311d07d193381d6f,0x5e1a78029ac789e082d53e42aa7fab688012cfd2eaf03e2e9dbe907e082e2786,0.0
166,0xa30d8157911ef23c46c0eb71889efe6a648a41f7,1512712103,0x1ef73234e162a85d7435ac433124c055c1a31f6f,0x174051fdd01a80d8d4452f121bdb112f9bb4b8cb480286a0220682e362503562,0.001
167,0xa30d8157911ef23c46c0eb71889efe6a648a41f7,1512712103,0x86fa049857e0209aa7d9e616f7eb3b3b78ecfdb0,0x5b00d476d94156ed104d63589933ea4cb84e115e0788a892f04ac1df4ba868cf,0.0
168,0xa30d8157911ef23c46c0eb71889efe6a648a41f7,1512712103,0xd850942ef8811f2a866692a623011bde52a462c1,0x025919f3afd393220d6d07e3d9256835bdb5be224743e863e4481fff3504a954,0.0
169,0xa30d8157911ef23c46c0eb71889efe6a648a41f7,1512712103,0xe41d2489571d322189246dafa5ebde1f4699f498,0x909244216a0b2eea7b82ac2eb30ee24acc0358a79748e7f10018d1984a22dd16,0.0
170,0xa30d8157911ef23c46c0eb71889efe6a648a41f7,1512712103,0x86fa049857e0209aa7d9e616f7eb3b3b78ecfdb0,0xf2202a9f91df669f35c9fac28c5b21557d851612b5c03860f39d278bc0c3dd73,0.0
171,0xa30d8157911ef23c46c0eb71889efe6a648a41f7,1512712103,0xe50365f5d679cb98a1dd62d6f6e58e59321bcddf,0xb29e257a272e05e54a1cffcddc69e9f467b51e1227465daca5aefd7f618ecef4,0.0
172,0xa30d8157911ef23c46c0eb71889efe6a648a41f7,1512712103,0x86fa049857e0209aa7d9e616f7eb3b3b78ecfdb0,0xc384588391aa93b21f2c46d16d8ed6a959cb1c73fb0db3d8617a581e7a3f2c45,0.0
173,0xa30d8157911ef23c46c0eb71889efe6a648a41f7,1512712103,0xb8703a1c385fc94e6f0136c90cc22b4523c527d6,0x74a90983cb8145199c152b7e7f5f386dab0a420e832db364ac1202056a4959b8,12.52
174,0xa30d8157911ef23c46c0eb71889efe6a648a41f7,1512712103,0xf7920b0768ecb20a123fac32311d07d193381d6f,0x87a036e22c47f0a2c59ee19217e13121d9ea9e4e7acd23c4dc5ae00cdd709b77,0.0
175,0xa30d8157911ef23c46c0eb71889efe6a648a41f7,1512712103,0x86fa049857e0209aa7d9e616f7eb3b3b78ecfdb0,0xb60eb2c8cd49790fc335af6fe42794feddee3d8afc190b1e3953c63c35ff9055,0.0
176,0xa30d8157911ef23c46c0eb71889efe6a648a41f7,1512712103,0x86fa049857e0209aa7d9e616f7eb3b3b78ecfdb0,0x58d1b78e77122bbfbc862363c971aaf9977a7b876eaab825f7558d5ba9597f04,0.0
177,0xa30d8157911ef23c46c0eb71889efe6a648a41f7,1512712103,0x86fa049857e0209aa7d9e616f7eb3b3b78ecfdb0,0x40d2573c7e84e225867dfef642dac73ba6f20f5dd6b328f946a2eabaeec68012,0.0
178,0xa30d8157911ef23c46c0eb71889efe6a648a41f7,1512712103,0x86fa049857e0209aa7d9e616f7eb3b3b78ecfdb0,0x89f0957a114954df6d2f6ea1e0127d37b2ca3d6c49ce4bd5892ebe606a21aca6,0.0
179,0xa30d8157911ef23c46c0eb71889efe6a648a41f7,1512712103,0x86fa049857e0209aa7d9e616f7eb3b3b78ecfdb0,0xccf6597b80aa233f903ebb8cf1dd8ffddd9ef1b9e8cfb6b05f2f0c105b107e4a,0.0
180,0xa30d8157911ef23c46c0eb71889efe6a648a41f7,1512712103,0x354907a24c4b02662145837ea2b03274dcd5621e,0xca409c11812926c05bb7669c3aedc3606446bd59b84fc25c0a77f85ee75b731b,0.01
181,0xa30d8157911ef23c46c0eb71889efe6a648a41f7,1512712103,0x86fa049857e0209aa7d9e616f7eb3b3b78ecfdb0,0xbc2a6312fc5e4aef507522a317ae3e398d17c43bf617e546c235570254db2d61,0.0
182,0xa30d8157911ef23c46c0eb71889efe6a648a41f7,1512712103,0x86fa049857e0209aa7d9e616f7eb3b3b78ecfdb0,0x6888968501a5b03d68aab51b1493706d32dfa0b62922083d2a477b1a6cb31088,0.0
183,0xa30d8157911ef23c46c0eb71889efe6a648a41f7,1512712103,0xf7920b0768ecb20a123fac32311d07d193381d6f,0x01a6bf3b8107ffeb7b5558c9a98c209ac901613efb414c8be838cf185b23c750,0.0
184,0xa30d8157911ef23c46c0eb71889efe6a648a41f7,1512712103,0xcb97e65f07da24d46bcdd078ebebd7c6e6e3d750,0x2429bea03bc1d69bfe2d6c988066e1beaf8ec1f42d14b0ff098b9bac33813a98,0.0
185,0xa30d8157911ef23c46c0eb71889efe6a648a41f7,1512712103,0x86fa049857e0209aa7d9e616f7eb3b3b78ecfdb0,0xf749ebffde157114edd833e434f974f9d677dc4cf869442d9376d34cd09ab082,0.0
186,0xa30d8157911ef23c46c0eb71889efe6a648a41f7,1512712103,0xf7920b0768ecb20a123fac32311d07d193381d6f,0x5d2bd9be11b1e1e89409250c6235d901422264b11d125fb0d08311b8a989f92b,0.0
187,0xa30d8157911ef23c46c0eb71889efe6a648a41f7,1512712103,0x86fa049857e0209aa7d9e616f7eb3b3b78ecfdb0,0x0ebf6a00ba8bc9ca50231b8372e6a5620ad363bfdb13d175269e4a1f6e016e89,0.0
188,0xa30d8157911ef23c46c0eb71889efe6a648a41f7,1512712103,0xc2d3c59b9053d995edac9e35b94b580c5ef9c2b8,0x3fc9448f1be9e255787a0ef304ea77b8fb14a064748b4d8533ea393b74539d23,10.0
189,0xa30d8157911ef23c46c0eb71889efe6a648a41f7,1512712103,0x75180d6637d901084cfccfce42bd64c5dc082d71,0x4d743f3fcafe9cbbc7514108cde2fd802983dd01ca4da30c5cdca043d2b4ed99,20.0
190,0xa30d8157911ef23c46c0eb71889efe6a648a41f7,1512712103,0xd850942ef8811f2a866692a623011bde52a462c1,0x46771cc6b60ba69ece9559ba367fd0ab79283ce6b944e44cc1bce9979a237ea6,0.0
191,0xa30d8157911ef23c46c0eb71889efe6a648a41f7,1512712103,0x86fa049857e0209aa7d9e616f7eb3b3b78ecfdb0,0x9751100d9a9669b257ec5ca7ad91b1c45364abce7e8d3360045616b83ad0c6d2,0.0
192,0xa30d8157911ef23c46c0eb71889efe6a648a41f7,1512712103,0xef071879c1ddeacf77840310710e2511f293a209,0x54a083503ceed5bd7fd81a67dbbc6cc8d8955e75ce8cf36083984597fcecdb70,32.2
193,0xa30d8157911ef23c46c0eb71889efe6a648a41f7,1512712103,0x4ea8a11f3056578ebc6cf040d4bd59c1fa9f39eb,0x4eae9e132c334b3034848fb2285c5edb38b35d7f7989684d9daed241f9751cbf,13.45
194,0xa30d8157911ef23c46c0eb71889efe6a648a41f7,1512712103,0x4776ba34b6d4bb1c7fdac1e778e717c930855d5d,0x8372177547e05d3e2424b28c9487e7be7477509c2dd377cf7d9bf5a647a9c7d3,1.1
195,0xa30d8157911ef23c46c0eb71889efe6a648a41f7,1512712103,0xaa8f06c44146c14f3393d4f4e0b782845e802b3d,0x3218eab2d310a2f226949882fe8611640234c98c0f2a81c2b61dd1517258b149,5.0
196,0xa30d8157911ef23c46c0eb71889efe6a648a41f7,1512712103,0x5ca9a71b1d01849c0a95490cc00559717fcf0d1d,0x64d51c50a4d6b74e2cef5c7d80a7dc13ab41e7837f80eb698970d16ecd1217e6,0.0
197,0xa30d8157911ef23c46c0eb71889efe6a648a41f7,1512712103,0x5ca9a71b1d01849c0a95490cc00559717fcf0d1d,0xeada6b49aa220142ec7684d92ed633f7a9d8ffe5d175dc8a0dacee2014feeda3,0.0
198,0xa30d8157911ef23c46c0eb71889efe6a648a41f7,1512712103,0x86fa049857e0209aa7d9e616f7eb3b3b78ecfdb0,0x7243b71e5e5c39efe45aabb1a03c1b937ad09ab8eb587b0551c559e7377af0f0,0.0
199,0xa30d8157911ef23c46c0eb71889efe6a648a41f7,1512712103,0x86fa049857e0209aa7d9e616f7eb3b3b78ecfdb0,0x6cce63e389a83d19847c1028ba9a80753fa58e0e2cc8929146bdcc4453026f7d,0.0
200,0xa30d8157911ef23c46c0eb71889efe6a648a41f7,1512712103,0x0f5d2fb29fb7d3cfee444a200298f468908cc942,0xf1950e26fe24c535ef409185ba3bf5084163f068b175134fe510bf92aff041cf,0.0
201,0xa30d8157911ef23c46c0eb71889efe6a648a41f7,1512712103,0x86fa049857e0209aa7d9e616f7eb3b3b78ecfdb0,0x289c8ec540b11dad6a131ee5d477b36fa86aacf60937f0fa25c77887c43e858b,0.0
202,0xa30d8157911ef23c46c0eb71889efe6a648a41f7,1512712103,0x86fa049857e0209aa7d9e616f7eb3b3b78ecfdb0,0x4d239a2a95e6fd1b3dc356c1a47c76a09ca044836e66f07c59d07a5c1df7d062,0.0
203,0xa30d8157911ef23c46c0eb71889efe6a648a41f7,1512712103,0xe41d2489571d322189246dafa5ebde1f4699f498,0xfe55ed8928eb3813fa9e82bf46430ecb97df19a4e1c29393800ce1cd0b57a185,0.0
204,0xa30d8157911ef23c46c0eb71889efe6a648a41f7,1512712103,0x861f6df04663d71c9d3a9d15c7aa3203998fa9ec,0x5ee76e20a17293b008f8fff13556b179f2826773fe179974b9a87c0eaa4c5a4b,152.35350000000003
205,0xa30d8157911ef23c46c0eb71889efe6a648a41f7,1512712103,0x0f5d2fb29fb7d3cfee444a200298f468908cc942,0xe70f52453a963c6be4ec5ac91bbacb6de5847072bf33d5cc8c92eef544caf54f,0.0
206,0xa30d8157911ef23c46c0eb71889efe6a648a41f7,1512712103,0x138f690a3db6b55941738ce635522f4bbbefbbba,0xacd4d2302460ecfa1b0be7a7e29fa2fd9c5d740f5198ff38e445c5ed9085be06,8.0
207,0xa30d8157911ef23c46c0eb71889efe6a648a41f7,1512712103,0x0f5d2fb29fb7d3cfee444a200298f468908cc942,0x2d3ad67e10882545a5ace3986ec8d66b982eda9eb73829f9ea04e46baede9020,0.0
208,0xa30d8157911ef23c46c0eb71889efe6a648a41f7,1512712103,0x0f5d2fb29fb7d3cfee444a200298f468908cc942,0x92615857549a544c1ff192f0bb83cb5abeff031ef5f9c2472e056ee9dccc5740,0.0
209,0xa30d8157911ef23c46c0eb71889efe6a648a41f7,1512712103,0x2c05300661f8b8459cf09b43d2d8a924456c6a4f,0x1af31d1488786dda344e2fa34e872c2605b70f5bd2b9f8a87dd2eaa67a75e3ce,3.55
210,0xa30d8157911ef23c46c0eb71889efe6a648a41f7,1512712103,0x86fa049857e0209aa7d9e616f7eb3b3b78ecfdb0,0xf1f3e25e0827f1243c15e860a3c28f3764e5d65ac357427a5c9b6063744014d7,0.0
211,0xa30d8157911ef23c46c0eb71889efe6a648a41f7,1512712103,0x0f5d2fb29fb7d3cfee444a200298f468908cc942,0xe667caa20c8b294b5699cd317c593afcaea574d2c115fefb7d79973f057d0e2c,0.0
212,0xa30d8157911ef23c46c0eb71889efe6a648a41f7,1512712103,0x514910771af9ca656af840dff83e8264ecf986ca,0x6c3dc2c9878ef52c05a32bc92cf17662ced6eef8d6eef80665f65aabbed8c003,0.0
213,0xa30d8157911ef23c46c0eb71889efe6a648a41f7,1512712103,0xcc2d35a4d64d4dcdd6b708146fe9990f73047dfb,0x22c84c71cb61bc4df1a492939b2076473d843d017afc2637febc1e0371e5a199,0.05
214,0xa30d8157911ef23c46c0eb71889efe6a648a41f7,1512712103,0x86fa049857e0209aa7d9e616f7eb3b3b78ecfdb0,0xc5c30df3b07b0625b3cf278379354c65cd3f49e5c2e0e1a6fac2e42d7110e6ea,0.0
215,0xa30d8157911ef23c46c0eb71889efe6a648a41f7,1512712103,0xfa05a73ffe78ef8f1a739473e462c54bae6567d9,0x7cd806846adcd0669481ae363e355a95b320fb91034b3f2953d6f59511d4d835,0.0
216,0xa30d8157911ef23c46c0eb71889efe6a648a41f7,1512712103,0xcb97e65f07da24d46bcdd078ebebd7c6e6e3d750,0x9c9810bd2d5d649cf5b038aa1bafabf42cdd658f2c280ed38c3e489efd18fe48,0.0
217,0xa30d8157911ef23c46c0eb71889efe6a648a41f7,1512712103,0x177d39ac676ed1c67a2b268ad7f1e58826e5b0af,0xefc4d15730eca599bf7d55d4bb8b9781f8d7306604eaa4afa0140857bdb52e0f,0.0
218,0xa30d8157911ef23c46c0eb71889efe6a648a41f7,1512712103,0x86fa049857e0209aa7d9e616f7eb3b3b78ecfdb0,0x74a7f26e87099d032b4a32862e8e44e722355d5e2185a0f4359d1e0a4933aab2,0.0
219,0xa30d8157911ef23c46c0eb71889efe6a648a41f7,1512712103,0x744d70fdbe2ba4cf95131626614a1763df805b9e,0xd25c214cae5fa5825169bc2f41a2c6a12c0531eaa0f9b4009a604bb6b9bdc001,0.0
220,0xa30d8157911ef23c46c0eb71889efe6a648a41f7,1512712103,0x57c80b095ccac7535d39283e4f8182ac4c6aca8d,0xca2e0405b99c491fd3f264834cb25cccca2e55c1c6bb2ab2f47f25417dd962d3,0.05
221,0xa30d8157911ef23c46c0eb71889efe6a648a41f7,1512712103,0xe41d2489571d322189246dafa5ebde1f4699f498,0xce6d3c2a52fc7408e166fdf3e430215709ca5203f07aefb95417782ca06c389b,0.0
222,0xa30d8157911ef23c46c0eb71889efe6a648a41f7,1512712103,0x94c7ef268639b1193446b33c54116dadabf85bbf,0x7e764d5ece2f93a1821fc019a66eccb225c2b7009bebb09ea23ba9938e417005,2.0
223,0xa30d8157911ef23c46c0eb71889efe6a648a41f7,1512712103,0xb63b606ac810a52cca15e44bb630fd42d8d1d83d,0x663b4a1fa06b7b8a74b3e30c9b2ad3f44e1d925218e67b70cfff7b78a3970db2,0.0
224,0xa30d8157911ef23c46c0eb71889efe6a648a41f7,1512712103,0xcb97e65f07da24d46bcdd078ebebd7c6e6e3d750,0xf717f3fb04b7dd9084d9642b78d44b89871b303bc8c5e2e2959d6a934db60d70,0.0
225,0xa30d8157911ef23c46c0eb71889efe6a648a41f7,1512712103,0x744d70fdbe2ba4cf95131626614a1763df805b9e,0x94c5ed9635881388605935f7b0e70b6291c8feedc834f3f1aad1b636c33fd96b,0.0
226,0xa30d8157911ef23c46c0eb71889efe6a648a41f7,1512712103,0x84917b0a9c746c862e833a22307286bb34510d80,0xab727baec86fdd5e557ca2c17c7831066664152fef0f47b59cbbf98a42c88b55,6.69
227,0xa30d8157911ef23c46c0eb71889efe6a648a41f7,1512712103,0x805fc92a4f3f4a3f11fa3970bf6a7dc9c33c3d3c,0xfa8e446a760c45bcb16bbbfe5487280758f8066d5ec0c01f63b6a244c269a99e,0.3
228,0xa30d8157911ef23c46c0eb71889efe6a648a41f7,1512712103,0x86fa049857e0209aa7d9e616f7eb3b3b78ecfdb0,0x53a2c45c5e19bdb99f1687e94bda5c7c0607180ad619271eb8207b1c66179f0e,0.0
229,0xa30d8157911ef23c46c0eb71889efe6a648a41f7,1512712103,0xcb97e65f07da24d46bcdd078ebebd7c6e6e3d750,0x2dcf1611dfd825d09a47ba5df47dd0e003614b24a72f7d0a077ba00eb7352c42,0.0
230,0xa30d8157911ef23c46c0eb71889efe6a648a41f7,1512712103,0x86fa049857e0209aa7d9e616f7eb3b3b78ecfdb0,0xce574047c08c9066ff3e27b69f7176b1dfe0225ea2aca89da6d0d779133ea52e,0.0
231,0xa30d8157911ef23c46c0eb71889efe6a648a41f7,1512712103,0x86fa049857e0209aa7d9e616f7eb3b3b78ecfdb0,0x1d814f4bfbfa91543d3a2c884e68cdce441ccc7676553fea90b1da73975edb4b,0.0
232,0xa30d8157911ef23c46c0eb71889efe6a648a41f7,1512712103,0x744d70fdbe2ba4cf95131626614a1763df805b9e,0x0d575646aea7ddd5d4f448188d1099ff0188d563c326cb8c2f66109f2f371a23,0.0
233,0xa30d8157911ef23c46c0eb71889efe6a648a41f7,1512712103,0x86fa049857e0209aa7d9e616f7eb3b3b78ecfdb0,0xc799ae21270242102be4cf083d4c254c40cb5679ac81787eddf1ab05052714f2,0.0
234,0xa30d8157911ef23c46c0eb71889efe6a648a41f7,1512712103,0xe0b7927c4af23765cb51314a0e0521a9645f0e2a,0xc27cc79d29cc4b23c8576432d1042450a90008a766e82ac9bab3567ca088c2e8,0.0
235,0xa30d8157911ef23c46c0eb71889efe6a648a41f7,1512712103,0x86fa049857e0209aa7d9e616f7eb3b3b78ecfdb0,0x15ea5757f520cbc716c62b38f5c72dc7441f8e908a5f5aa68c41431df7f60802,0.0
236,0xa30d8157911ef23c46c0eb71889efe6a648a41f7,1512712103,0x86fa049857e0209aa7d9e616f7eb3b3b78ecfdb0,0x72b2d8efbef118ef7f939243375d07af3d90c539559ae0378201c2ec69b91e68,0.0
237,0xa30d8157911ef23c46c0eb71889efe6a648a41f7,1512712103,0xcb97e65f07da24d46bcdd078ebebd7c6e6e3d750,0x7960339688d60a28bf87c6aa8f41b3a83e7e285af868270223fed2dff576c8e6,0.0
238,0xa30d8157911ef23c46c0eb71889efe6a648a41f7,1512712103,0x47cbc3cc959fceb7d3209aced5d1970863afed31,0x3dd761f68d56506022f1aa80f515c9f9b5a729a26e1d0634b75709a1d14c01c7,57.0
239,0xa30d8157911ef23c46c0eb71889efe6a648a41f7,1512712103,0x0f5d2fb29fb7d3cfee444a200298f468908cc942,0x747ad8d834d93edaff9dd2c8db8ed3d4bf570f982addfba37d05d315b40c49c9,0.0
240,0xa30d8157911ef23c46c0eb71889efe6a648a41f7,1512712103,0x86fa049857e0209aa7d9e616f7eb3b3b78ecfdb0,0x678150f384ce83e303e3e05fad5310cd4255f76e7d001fb78f78138237767266,0.0
241,0xa30d8157911ef23c46c0eb71889efe6a648a41f7,1512712103,0x177d39ac676ed1c67a2b268ad7f1e58826e5b0af,0xb6fbf63cafd2923d78af700887c4691063cdd4395837e8dc9693739d97af1359,0.0
242,0xa30d8157911ef23c46c0eb71889efe6a648a41f7,1512712103,0xd850942ef8811f2a866692a623011bde52a462c1,0x5bd164b930b70b94f9e21161a32cad64a794bfcf6986e2b7aa27b71ba6a60dff,0.0
243,0xa30d8157911ef23c46c0eb71889efe6a648a41f7,1512712103,0x86cc049496470f52240c270a1103f6a4a45c55b3,0x67b868e3eb6f4098d5fdc609d7e2a5313e94bd9203f13361f8b2975d5fecf2a5,1.0349469999999998
244,0xa30d8157911ef23c46c0eb71889efe6a648a41f7,1512712103,0xb97048628db6b661d4c2aa833e95dbe1a905b280,0x399d183a46856763393dcb3599596c2507cfc0150a3ff6092166a07090f96400,0.0
245,0xa30d8157911ef23c46c0eb71889efe6a648a41f7,1512712103,0xfd70e81c8427971ffff4acd0c9d2c04b591ef4d3,0x38f7b17c2999844f967c6f67a1350be1e97a1f88d3ad13c60b254c70c4c94fa8,0.01
246,0xa30d8157911ef23c46c0eb71889efe6a648a41f7,1512712103,0xe41d2489571d322189246dafa5ebde1f4699f498,0x6e2925193a777f0598e2c39c3991e0a9918079a24b1ef0459e060e719538c2e4,0.0
247,0xa30d8157911ef23c46c0eb71889efe6a648a41f7,1512712103,0x86fa049857e0209aa7d9e616f7eb3b3b78ecfdb0,0x24f72b05eb3e2e61605e6e32199013505d9f2990c4ee30afa47248a177cfb665,0.0
248,0xa30d8157911ef23c46c0eb71889efe6a648a41f7,1512712103,0xcb97e65f07da24d46bcdd078ebebd7c6e6e3d750,0xe50d491d1114eab3ee67c13aee790e6be0158b01a5b213052b4d8a9c7d312f42,0.0
249,0xa30d8157911ef23c46c0eb71889efe6a648a41f7,1512712103,0x05e8798ec82c2132699806c7e36e3854b1c33e5b,0x27086bdb583f40840fcd7d7b30bc321a41d5d6c0b8d6f49d381f4bae824d8c7e,0.1
250,0xa30d8157911ef23c46c0eb71889efe6a648a41f7,1512712103,0xc7ccea5a0c6b87f8cbd4601eaed64a1b48f6aa93,0x498337a6848acc9c7f19500315fcafd2658700d434c7f96dcbc8aa77c942ef16,0.6151
251,0xa30d8157911ef23c46c0eb71889efe6a648a41f7,1512712103,0x86fa049857e0209aa7d9e616f7eb3b3b78ecfdb0,0xcd4819dd9af8fbc50563135563f7d86c5eda99e39696e6b798541562cdaeff36,0.0
252,0xa30d8157911ef23c46c0eb71889efe6a648a41f7,1512712103,0x0f5d2fb29fb7d3cfee444a200298f468908cc942,0xe26f5b60244c9bf54d42472311c06ae2c30966da7035c1ebb098bb2384246f3e,0.0
253,0xa30d8157911ef23c46c0eb71889efe6a648a41f7,1512712103,0x0f5d2fb29fb7d3cfee444a200298f468908cc942,0xed5555f9d3b7a2e908e65e63b4408843ade4e511a6cbffd1293d54da0f3ab720,0.0
254,0xa30d8157911ef23c46c0eb71889efe6a648a41f7,1512712103,0x86fa049857e0209aa7d9e616f7eb3b3b78ecfdb0,0x3b1a8ecc332ed83bd5009fb5b0736d5473ed1e9f1541eddec236e50b41f53e1f,0.0
255,0xa30d8157911ef23c46c0eb71889efe6a648a41f7,1512712103,0xa645264c5603e96c3b0b078cdab68733794b0a71,0x38a4685a7839e83459bad85d205248d88959718f2ef67f085dd92a49972a54eb,0.0
256,0xa30d8157911ef23c46c0eb71889efe6a648a41f7,1512712103,0x0f5d2fb29fb7d3cfee444a200298f468908cc942,0x11832097eb4942b72c973d0ece3ade3b5b55ba56e60070d7ad1cc63eebaa59d6,0.0
257,0xa30d8157911ef23c46c0eb71889efe6a648a41f7,1512712103,0x86fa049857e0209aa7d9e616f7eb3b3b78ecfdb0,0x63dfb2d4eda5e89ea1c0d63069ad83e9f3c8ce66e455e8cbe210dc2d76471415,0.0
258,0xa30d8157911ef23c46c0eb71889efe6a648a41f7,1512712103,0x5c559f816695ab19e727ad6e5f0a31a6b95efb5f,0xcbe5bba0e46228b72078173265f396cf1eb65bb976eec885cb9c49c20935af66,4.99
259,0xa30d8157911ef23c46c0eb71889efe6a648a41f7,1512712103,0xb63b606ac810a52cca15e44bb630fd42d8d1d83d,0x9aa3866e540256df24e4430987955b7041b88c0eebe51dcec8533361688aa54f,0.0
260,0xa30d8157911ef23c46c0eb71889efe6a648a41f7,1512712103,0xbed18d0e59571cba415ca0714df1eaf3c93c1a82,0x91b92db47bbc7ed006663064ef6a5736f4a40e04d9fdca94094448af3ded3db7,0.09
261,0xa30d8157911ef23c46c0eb71889efe6a648a41f7,1512712103,0xf7920b0768ecb20a123fac32311d07d193381d6f,0xf07beed2f0e0cc82a3f25b18aa2342d9cf4af6b732e8d446fcfb7f2ee9beedc5,0.0
262,0xa30d8157911ef23c46c0eb71889efe6a648a41f7,1512712103,0x86fa049857e0209aa7d9e616f7eb3b3b78ecfdb0,0x2a65d847e73a56ab5b765b6cfac47d81cc99a8419cab7e47c78485f6ffe97958,0.0
263,0xa30d8157911ef23c46c0eb71889efe6a648a41f7,1512712103,0x86fa049857e0209aa7d9e616f7eb3b3b78ecfdb0,0x2c21b5fa37c85b842321cebf76267b4162100bbd428f0dd87ecca884badd82d2,0.0
264,0xa30d8157911ef23c46c0eb71889efe6a648a41f7,1512712103,0xfd9bc9cdf4c2119a7a1c71e64fb1f2bd3acc0822,0xb71410da4cf995f5e8f56422ddf9ca3296b11f50e1444acce00f9415ed1f8cba,10.0
265,0xa30d8157911ef23c46c0eb71889efe6a648a41f7,1512712103,0xf7920b0768ecb20a123fac32311d07d193381d6f,0xe028b4df433bfbdbc07c164e6d6ab0ae506952b346130cb90dd9876475459720,0.0
266,0xa30d8157911ef23c46c0eb71889efe6a648a41f7,1512712103,0xda4ea5dc698b63460f196da8515e362ad1f9b12f,0x68b5657b5b313e9dc3e84cfea9b59e348f694804ecc1e031c6950c09db348ff3,9.0
267,0xa30d8157911ef23c46c0eb71889efe6a648a41f7,1512712103,0x0f5d2fb29fb7d3cfee444a200298f468908cc942,0x5aa2b9d266eb0df362ce58bc87b876adb2c681eef618dac922414cbf4de09752,0.0
268,0xa30d8157911ef23c46c0eb71889efe6a648a41f7,1512712103,0x680b8c0ef7ffd21979099eac2e59bd452bc10596,0x772be6ab25af1518ef2eebca622aca3ed980c55723246258d2fe43cf56713e90,18.0
269,0xa30d8157911ef23c46c0eb71889efe6a648a41f7,1512712103,0xb97048628db6b661d4c2aa833e95dbe1a905b280,0xabe89057127cd785c83e4c638e3111a8f9896d25b84a95b94fa37e00585bb4df,0.0
270,0xa30d8157911ef23c46c0eb71889efe6a648a41f7,1512712103,0x177d39ac676ed1c67a2b268ad7f1e58826e5b0af,0xb95af346eb83445de5139554ace83027def0fe3e8bf172e4ea9bd7e0556fbc5c,0.0
271,0xa30d8157911ef23c46c0eb71889efe6a648a41f7,1512712103,0xcb97e65f07da24d46bcdd078ebebd7c6e6e3d750,0x9076d16e52cdf64d7774412f97a42d7a077b501de15d9f6735296531d09441db,0.0
272,0xa30d8157911ef23c46c0eb71889efe6a648a41f7,1512712103,0x86fa049857e0209aa7d9e616f7eb3b3b78ecfdb0,0x59447cff8ac1044774985c18d1bab126a4138855dbe6cad18e1f99322955408d,0.0
273,0xa30d8157911ef23c46c0eb71889efe6a648a41f7,1512712103,0x4290563c2d7c255b5eec87f2d3bd10389f991d68,0xe7b3c35f316c450e77a99d5d9121bd941751097d011a84f7b6075111571688e4,0.0
274,0xa30d8157911ef23c46c0eb71889efe6a648a41f7,1512712103,0x86fa049857e0209aa7d9e616f7eb3b3b78ecfdb0,0xfec5b21fd9c2ee85449f50decdc59a72eaaab1e042a4ddbf69d74e192bcd9775,0.0
275,0xa30d8157911ef23c46c0eb71889efe6a648a41f7,1512712103,0xa74476443119a942de498590fe1f2454d7d4ac0d,0x3d653597ca5a324f7e63a20e5430e979142475a134c2a4818bfbd1a1170dc608,0.0
276,0xa30d8157911ef23c46c0eb71889efe6a648a41f7,1512712103,0xba3f517b21a8438a17b22b7abb89c8a62c837986,0x76f8a8e65bbfafd080a5a45d2bb4a684d138080200f4620df5f79e8d3391ec2a,0.3291
277,0xa30d8157911ef23c46c0eb71889efe6a648a41f7,1512712103,0xcb97e65f07da24d46bcdd078ebebd7c6e6e3d750,0x7c8766a7d574cbca4e1b3af059ace7b1e36491fe443f1d6cd04b5deef7a91963,0.0
278,0xa30d8157911ef23c46c0eb71889efe6a648a41f7,1512712103,0xb97048628db6b661d4c2aa833e95dbe1a905b280,0x508a356498d10523dfc6775ace4081bbfd0447251cbffdcfdb7f861ff9540762,0.0
279,0xa30d8157911ef23c46c0eb71889efe6a648a41f7,1512712103,0x0f5d2fb29fb7d3cfee444a200298f468908cc942,0x4cf9eed28e66f1f195b428c5559f4789a3e7b443218de5b6ea444c21b460275a,0.0
280,0xa30d8157911ef23c46c0eb71889efe6a648a41f7,1512712103,0x86fa049857e0209aa7d9e616f7eb3b3b78ecfdb0,0xb37a5f3753728b92fd083128b1cc1c8aaa8723229620dadc2253b782842676bf,0.0
281,0xa30d8157911ef23c46c0eb71889efe6a648a41f7,1512712103,0xe94327d07fc17907b4db788e5adf2ed424addff6,0xbaf86c53346de66ed500d63b8d3d23d4d776bbeaeebb0cace2779314de1e8e34,0.0
282,0xa30d8157911ef23c46c0eb71889efe6a648a41f7,1512712103,0x0f5d2fb29fb7d3cfee444a200298f468908cc942,0xd432f41e0f0d786760c0ccbb3b69ecdbb0513e8c0946f1264f678d2791423ced,0.0
283,0xa30d8157911ef23c46c0eb71889efe6a648a41f7,1512712103,0xd5afc0ebd1c660e0a11c7a0cab069cfdc4a1647e,0x28e0363f7dd4406c6afe12b2156f1a64682fbbdba3dd1757883c0e850f1ddeff,3.85
284,0xa30d8157911ef23c46c0eb71889efe6a648a41f7,1512712103,0x86fa049857e0209aa7d9e616f7eb3b3b78ecfdb0,0x346878bb90397b9422dca518883b1dd078fbf81299ccf1891d8f3419c7a134f2,0.0
285,0xa30d8157911ef23c46c0eb71889efe6a648a41f7,1512712103,0xf7920b0768ecb20a123fac32311d07d193381d6f,0xe9510f00955c4f66e74cb538eccb4cf9ad4e400482eab677b2a247c80d14ef3b,0.0
286,0xa30d8157911ef23c46c0eb71889efe6a648a41f7,1512712103,0xd5afc0ebd1c660e0a11c7a0cab069cfdc4a1647e,0x35e18f8918974373bd5b332eec0f65a6d239bacf591461ae8417813f43d4e342,11.68
287,0xa30d8157911ef23c46c0eb71889efe6a648a41f7,1512712103,0x86fa049857e0209aa7d9e616f7eb3b3b78ecfdb0,0x8e8d0a53958438b39ea52c2f01e0e4cfeada710c03e0cc506c4654d49050291f,0.0
288,0xa30d8157911ef23c46c0eb71889efe6a648a41f7,1512712103,0x86fa049857e0209aa7d9e616f7eb3b3b78ecfdb0,0x0e14bd3a38ab581853debceda76a30d1c8ba5328b0690fe7d9e1a8d8cc7441f0,0.0
289,0xa30d8157911ef23c46c0eb71889efe6a648a41f7,1512712103,0xd40cf1d5648e06bd805f606c3a4e7092d5f066e4,0x10014602ce633ae5d2e86365943f0c095931135e920b8db8ecae75c8b69eae1c,2.51473237
290,0xa30d8157911ef23c46c0eb71889efe6a648a41f7,1512712123,0x86fa049857e0209aa7d9e616f7eb3b3b78ecfdb0,0x53a92942b9850dde6acddbb837a6666a8f873d7b73f3f3ef6f951c13ffbca3c7,0.0
291,0xa30d8157911ef23c46c0eb71889efe6a648a41f7,1512712132,0x305e210c85de82394e2949e8aa2624720bbf7811,0x2fd4648ce478f849c3c124805fce33f92f319520cde45e38875330667de5a6dc,3.01
292,0xa30d8157911ef23c46c0eb71889efe6a648a41f7,1512712132,0x86fa049857e0209aa7d9e616f7eb3b3b78ecfdb0,0x2d047f88178849111282058ed019e36037378332509dd713d40edca7478c3d1f,0.0
293,0xa30d8157911ef23c46c0eb71889efe6a648a41f7,1512712132,0x0f5d2fb29fb7d3cfee444a200298f468908cc942,0x2af96a5c7ac9341e4f2bd80c70d697757c95568d84e48c7583997824e2bdb2d8,0.0
294,0xa30d8157911ef23c46c0eb71889efe6a648a41f7,1512712132,0x07bc41668038667b61338c62c0089c5089db8f2b,0xc14817a10c64f10274ca8670887d115bd7f7b3376220d83c2644392d242aecae,3.549
295,0xa30d8157911ef23c46c0eb71889efe6a648a41f7,1512712132,0x0f5d2fb29fb7d3cfee444a200298f468908cc942,0x924baa95469ce101d0ece8d7b5401599de998e484d3a21a1fbb1b01511bc2cf7,0.0
296,0xa30d8157911ef23c46c0eb71889efe6a648a41f7,1512712132,0xd49362862d988bb546bc9cf692d6490456dc5672,0xb215dac23bb9b8ca413028d9b6cebbe7dbb39c374b79c78f661335d922ef466e,20.0
297,0xa30d8157911ef23c46c0eb71889efe6a648a41f7,1512712132,0x0f5d2fb29fb7d3cfee444a200298f468908cc942,0x4a57042b93c4c33fb099b57aefd7776ff13431b6aa635248409edd4cf2ab36d0,0.0
298,0xa30d8157911ef23c46c0eb71889efe6a648a41f7,1512712132,0x0f5d2fb29fb7d3cfee444a200298f468908cc942,0x2ccaffc6b29efd04bc6c56722d0e52062926916c5889d6a1e4452e9372fa7a67,0.0
299,0xa30d8157911ef23c46c0eb71889efe6a648a41f7,1512712132,0x86fa049857e0209aa7d9e616f7eb3b3b78ecfdb0,0xba51f221c5bd23442544a2c457d65530775a859aaa4effb14f0a87ed3dcec20b,0.0
300,0xa30d8157911ef23c46c0eb71889efe6a648a41f7,1512712132,0xcb97e65f07da24d46bcdd078ebebd7c6e6e3d750,0xd0a1851ca32fd39950f1f216851aa412e253926e76317875b11a29ee0aa434f9,0.0
301,0xa30d8157911ef23c46c0eb71889efe6a648a41f7,1512712132,0x86fa049857e0209aa7d9e616f7eb3b3b78ecfdb0,0x3a3bca417e51f13867967a1ea33755e86652a20d5acf8f064c2917c081ee7f84,0.0
302,0xa30d8157911ef23c46c0eb71889efe6a648a41f7,1512712132,0xcb97e65f07da24d46bcdd078ebebd7c6e6e3d750,0x264ecd75543cc09c0537c75d668d0ceb3c27a6f4876dd759c02b1d3fa5f04a11,0.0
303,0xa30d8157911ef23c46c0eb71889efe6a648a41f7,1512712132,0x86fa049857e0209aa7d9e616f7eb3b3b78ecfdb0,0x8c8d402d08560da1378d7977cf5930ed8dd30fe4e8aa64a7856b2ccf244c4a76,0.0
304,0xa30d8157911ef23c46c0eb71889efe6a648a41f7,1512712132,0x4290563c2d7c255b5eec87f2d3bd10389f991d68,0x6b2b42662e3289b66ba335d8f45cbd83813ad03210bad7bcf229a25896edd2b2,0.0
305,0xa30d8157911ef23c46c0eb71889efe6a648a41f7,1512712132,0x961a844ba756f7ce5523129ceb35f72f2251abed,0xb11d864125dccb32372a7086b7977cf827a9ad01a60e8bb31f01cc1c8a508d7d,5.4
306,0xa30d8157911ef23c46c0eb71889efe6a648a41f7,1512712132,0x31686d58f89c1313f92d8344a16b88876d3b5239,0xbfb3f8cc4e6771266c951fe898a29b1b0a6d3cbf7d0e73c129d788c9fb6f5402,0.8
307,0xa30d8157911ef23c46c0eb71889efe6a648a41f7,1512712132,0x5ca9a71b1d01849c0a95490cc00559717fcf0d1d,0x92b494c6edd999beef0650d8fc3325221d8e4fb2667178b4a267775cba2b810c,0.0
308,0xa30d8157911ef23c46c0eb71889efe6a648a41f7,1512712132,0xa1853fb3bb871fcc2effefa2856ed736b0152594,0x016b46df6037f5762a522c41285a0fe51c7d008634b25c2936190e025446e6d7,4.0
309,0xa30d8157911ef23c46c0eb71889efe6a648a41f7,1512712132,0x2740967adc9c30ab4331f3da5939b8b764e536a8,0x00ea8f6e956165821294a08818b5e1f040e0ddeae67e002217b05b185a369b95,5.0
310,0xa30d8157911ef23c46c0eb71889efe6a648a41f7,1512712132,0x86fa049857e0209aa7d9e616f7eb3b3b78ecfdb0,0x62a3d8b7f5b96d6ce97ed44fe6352148ad4b8f75031846d86ce635328dbe5861,0.0
311,0xa30d8157911ef23c46c0eb71889efe6a648a41f7,1512712132,0x0f5d2fb29fb7d3cfee444a200298f468908cc942,0x8e2d85da2d3e3ebb0e60d4faa1bb4503974f079fb01c06b2d655682709538600,0.0
312,0xa30d8157911ef23c46c0eb71889efe6a648a41f7,1512712132,0x0f5d2fb29fb7d3cfee444a200298f468908cc942,0x30a38b760d03533ff34e51e9190fafc09d066353334498e3f692abfbcc38fc99,0.0
313,0xa30d8157911ef23c46c0eb71889efe6a648a41f7,1512712132,0xf7a005800f35d6cf831c6135d92ab96bde15ef12,0xf2df892facc02f36b25d1ce763869560327d323cdb7da462d715aec80e330c79,10.0
314,0xa30d8157911ef23c46c0eb71889efe6a648a41f7,1512712132,0x744d70fdbe2ba4cf95131626614a1763df805b9e,0x1e7335335a5e76e28a63b1128d2e4367d4050e110da4189838e73f5879b6d944,0.0
315,0xa30d8157911ef23c46c0eb71889efe6a648a41f7,1512712132,0xb63b606ac810a52cca15e44bb630fd42d8d1d83d,0xb8660f4bc11f6e78323ed1c4c9574a866c162407b4bce81572aabbe0661f8ad7,0.0
316,0xa30d8157911ef23c46c0eb71889efe6a648a41f7,1512712132,0x177d39ac676ed1c67a2b268ad7f1e58826e5b0af,0xbeeb4faad76beab564cb5f4b8b4651c19c1fdacb62104a532a4c4d45d07389bc,0.0
317,0xa30d8157911ef23c46c0eb71889efe6a648a41f7,1512712132,0x4033013bb739d2f0d6b30a9538aa66b2abee5fd5,0x7c9791c924361d772d5c7b7d009c1f0541fe7a875ef16e46b1f372eaf98426f2,10.0
318,0xa30d8157911ef23c46c0eb71889efe6a648a41f7,1512712132,0x86fa049857e0209aa7d9e616f7eb3b3b78ecfdb0,0xb7d7c463daa390152c51b98848c6705c7f3718347040457981d59ef2a8ef2529,0.0
319,0xa30d8157911ef23c46c0eb71889efe6a648a41f7,1512712132,0xd850942ef8811f2a866692a623011bde52a462c1,0x024949dd7e1a90be281a3b6f72746d682942f4881b15db1d1fc2316c47f323aa,0.0
320,0xa30d8157911ef23c46c0eb71889efe6a648a41f7,1512712132,0x86fa049857e0209aa7d9e616f7eb3b3b78ecfdb0,0x06e13e68a2fe735039a20cfee64acb342c84e682626bf6b66cb02e2312cafdfd,0.0
321,0xa30d8157911ef23c46c0eb71889efe6a648a41f7,1512712132,0x133595850416140ea176ecc94d7e5f427fbb8a01,0x63134d0e6b8143aeaa62337f1f57a97e5179b75c9e4a7a2120d193f8bd616b4b,2.0
322,0xa30d8157911ef23c46c0eb71889efe6a648a41f7,1512712132,0x71c4576d67dc8e6e1a177507e26d909e5cf3963d,0x8fb45f4b81f7095ef8ad16708722394f4f960e6ac62175089ed09ba564d24c7c,18.0
323,0xa30d8157911ef23c46c0eb71889efe6a648a41f7,1512712132,0xcb97e65f07da24d46bcdd078ebebd7c6e6e3d750,0x3df479692ee8b038d3aa21830ec098e7e0260b96c98e7a7973c3af6ce2ef6113,0.0
324,0xa30d8157911ef23c46c0eb71889efe6a648a41f7,1512712132,0x0f5d2fb29fb7d3cfee444a200298f468908cc942,0x13ef89a0f6aafb1d97f985382ef25a07eea243368e136b370697ae9f3c0ba896,0.0
325,0xa30d8157911ef23c46c0eb71889efe6a648a41f7,1512712132,0x0f5d2fb29fb7d3cfee444a200298f468908cc942,0x45d337969e1c088f42b5824099631110808f310bf4926dd66ccbb9224b92a47d,0.0
326,0xa30d8157911ef23c46c0eb71889efe6a648a41f7,1512712132,0x06ff41ca6a81d1d9227c666bd7469c8ffb275006,0xa346501c53cfc5d32c26d5a175524bdc2cd6efa401ef9a77bb4660a77a574589,3.2516
327,0xa30d8157911ef23c46c0eb71889efe6a648a41f7,1512712132,0xe41d2489571d322189246dafa5ebde1f4699f498,0xbcd745eceffb6004c2eb44449f7d3b760cf3326869b3e0a3771cd9d52bffeefc,0.0
328,0xa30d8157911ef23c46c0eb71889efe6a648a41f7,1512712132,0x9b30669cb3bb1b4e6186e18db7ebaedea4325602,0xf9b6befa9c50c2736d25ca8dadf36ec166079d6b8b6d6c3b0d0f8d4530b5d39a,43.3
329,0xa30d8157911ef23c46c0eb71889efe6a648a41f7,1512712132,0xe28d8d1fd24cd2427aff9a190eeeb5b5f7d22fef,0xfe0d3223d7225757d15c6135592b33e3fc7f26d533ebab7de1c1974afd033016,145.0
330,0xa30d8157911ef23c46c0eb71889efe6a648a41f7,1512712132,0x722cc6d52f097b4760f9720b3f81d12abc43705e,0x3ebb8c7db8a129f10f4a901b79f4344fe27dd869320b3b52212533723a3aba71,0.13
331,0xa30d8157911ef23c46c0eb71889efe6a648a41f7,1512712132,0x86fa049857e0209aa7d9e616f7eb3b3b78ecfdb0,0xbc3bc02e661bd55686dae22c794b2ca939b9d6cab5d7460935216fb5c723c5a5,0.0
332,0xa30d8157911ef23c46c0eb71889efe6a648a41f7,1512712132,0xaf30d2a7e90d7dc361c8c4585e9bb7d2f6f15bc7,0xc5e7894f6765a2e7be30283b43ac93e269c59ed546d55eefc0798a4d496c61c8,0.0
333,0xa30d8157911ef23c46c0eb71889efe6a648a41f7,1512712132,0x177d39ac676ed1c67a2b268ad7f1e58826e5b0af,0x7f741b00b0e24c588e2ea0cd65f1d6800b433fb7d97cbb251ae1f1988fe3dd83,0.0
334,0xa30d8157911ef23c46c0eb71889efe6a648a41f7,1512712132,0x0f5d2fb29fb7d3cfee444a200298f468908cc942,0x6cea5042eb750f09b83dab122197e93788862f6dc3e163f534b2cad52311c91d,0.0
335,0xa30d8157911ef23c46c0eb71889efe6a648a41f7,1512712132,0xd26114cd6ee289accf82350c8d8487fedb8a0c07,0x139846d8efe3504a886e89b77f8b60204d36fd2bfdf214e292e0decfef976e74,0.0
336,0xa30d8157911ef23c46c0eb71889efe6a648a41f7,1512712132,0x595832f8fc6bf59c85c527fec3740a1b7a361269,0xb7c7708046a306dc5673286d0eda3d0004d45a5e253630d6db2896cbadf46f35,0.0
337,0xa30d8157911ef23c46c0eb71889efe6a648a41f7,1512712132,0xd850942ef8811f2a866692a623011bde52a462c1,0x4692d307090bea3864670fd01f800abac2c4d338fd015c0bef1f68a86de82294,0.0
338,0xa30d8157911ef23c46c0eb71889efe6a648a41f7,1512712132,0x4290563c2d7c255b5eec87f2d3bd10389f991d68,0xa0c1aee5d1a705ba0de68944233241026ca2b903e0ec9aaee02723c2836a9594,0.0
339,0xa30d8157911ef23c46c0eb71889efe6a648a41f7,1512712132,0xc6548c38001754e74b6c718f3f5017c011a2f679,0x2e281eb185e6d8afe85b4df197b8cbd7a7f5c374b483cb7369a54fba81f3db49,30.0
340,0xa30d8157911ef23c46c0eb71889efe6a648a41f7,1512712132,0x261b9e910aa0be683ac24c827681d80c8de7d862,0x5a77ab2fa0767be729ef463e70f949a666d1d6a5758653bdcb8ad5d1d05f4b2c,2.0
341,0xa30d8157911ef23c46c0eb71889efe6a648a41f7,1512712132,0xb97048628db6b661d4c2aa833e95dbe1a905b280,0xb74634449704e7435c0b9e6fa588eb5f6a9608a73cf04044c74ad33214eacb08,0.0
342,0xa30d8157911ef23c46c0eb71889efe6a648a41f7,1512712132,0x86fa049857e0209aa7d9e616f7eb3b3b78ecfdb0,0x947f45a42be8f81a187000a8a1f4309b8561c1f468ef94c1c3ca3e482844e1e2,0.0
343,0xa30d8157911ef23c46c0eb71889efe6a648a41f7,1512712132,0x86fa049857e0209aa7d9e616f7eb3b3b78ecfdb0,0xcde7fbeee39aeeeea197197c8ce23930361a5aa00adeac1c3c38c19c4ad3112d,0.0
344,0xa30d8157911ef23c46c0eb71889efe6a648a41f7,1512712132,0xc679fc065279423a5462450b9b7cc5b4172d8a37,0xbadff79cec88d37607be34e4bc677cef0a7c34140560f21d863561faa62ca5b5,10.0
345,0xa30d8157911ef23c46c0eb71889efe6a648a41f7,1512712132,0x86fa049857e0209aa7d9e616f7eb3b3b78ecfdb0,0xed259a9461a1d4a7eccbe9bde082b8c183b3035caa92a6082cdef314fe7e2a17,0.0
346,0xa30d8157911ef23c46c0eb71889efe6a648a41f7,1512712132,0x58017532583f51dca596a6cbd0d45670d2589d00,0xf74077ae82be90276fcd744c0366595ecd5bbb3590df2922fe1ed4aa6413fba7,4.9
347,0xa30d8157911ef23c46c0eb71889efe6a648a41f7,1512712132,0x86fa049857e0209aa7d9e616f7eb3b3b78ecfdb0,0xf07ef6dab52e784890a3605fbf0782758d420d670c78bfbd5d3e7884ffce2f2e,0.0
348,0xa30d8157911ef23c46c0eb71889efe6a648a41f7,1512712132,0xdcb0449d7e969a143ae1ff6edb6e776a057f76e5,0x2284d0561d452e9d48a916c1b4115eb9cfd47a75a57118a3c37380502a1ccd3e,13.45
349,0xa30d8157911ef23c46c0eb71889efe6a648a41f7,1512712132,0x30e3dc438360016afcf7b7b9b22b9ba33abc9fee,0xcb91124bc5abb080af266691b8b3d8252a0e727e92770de4e0ee35bf5520888b,0.008
350,0xa30d8157911ef23c46c0eb71889efe6a648a41f7,1512712132,0x86fa049857e0209aa7d9e616f7eb3b3b78ecfdb0,0xf230e6f62575d05461f28ec71bbfdbe0d899b0bb228b6129da083c46fe627fcb,0.0
351,0xa30d8157911ef23c46c0eb71889efe6a648a41f7,1512712132,0x86fa049857e0209aa7d9e616f7eb3b3b78ecfdb0,0x62e87812cf19c7a2ee41b5f3f540ba28be91526e5247e80fdfdf43d0ad5b0395,0.0
352,0xa30d8157911ef23c46c0eb71889efe6a648a41f7,1512712132,0x361d64a32e1adfbac625135b6f8a60a6dd18bcf4,0xf195d2af3a9f92854fa3e7f9c451a77e03ca3adf774063539369bc227038ac2c,0.25
353,0xa30d8157911ef23c46c0eb71889efe6a648a41f7,1512712132,0x6d4b0f21a1f6ba3cfc6c58cc44da5292b575a72f,0x4c87432705706e3b96730ad4de3fa7418e2489e83e104d0dff412d5e64163d0e,0.35
354,0xa30d8157911ef23c46c0eb71889efe6a648a41f7,1512712132,0x0f5d2fb29fb7d3cfee444a200298f468908cc942,0x6e73738f495e55eb8cb5b014f8611448b0fd78749d693026b7bdf004f41d954f,0.0
355,0xa30d8157911ef23c46c0eb71889efe6a648a41f7,1512712132,0x0d8775f648430679a709e98d2b0cb6250d2887ef,0xcfd5f12eb576bc61dafd7dbf6ab7a601ce6454abbcce9cc32ae918b870bf14c5,0.0
356,0xa30d8157911ef23c46c0eb71889efe6a648a41f7,1512712132,0x177d39ac676ed1c67a2b268ad7f1e58826e5b0af,0x38234f7c17b2ebde4d74ff1188c4b5494be9f8863582e502124d85139f382d7a,0.0
357,0xa30d8157911ef23c46c0eb71889efe6a648a41f7,1512712132,0xdd8862241f9b51feaeae91db575a5ceab10807b9,0x446c72e0c49d5fc51024314056605d5e15f0ade12245f36b15ee6f4cb01817da,10.0
358,0xa30d8157911ef23c46c0eb71889efe6a648a41f7,1512712132,0x86fa049857e0209aa7d9e616f7eb3b3b78ecfdb0,0x49efac9af2c13d6e6378e935afd14198838a777302baeec66963c244ed80f690,0.0
359,0xa30d8157911ef23c46c0eb71889efe6a648a41f7,1512712132,0x514910771af9ca656af840dff83e8264ecf986ca,0xfdd3d859bca0f7cf1a0b5fd140c8eac051b501397348e8f5e47dec101bb73895,0.0
360,0xa30d8157911ef23c46c0eb71889efe6a648a41f7,1512712132,0xcb97e65f07da24d46bcdd078ebebd7c6e6e3d750,0x24ffb074fbd95b33e24ee35ad72879d63d0b76dd1822effcb0966754d847d1b2,0.0
361,0xa30d8157911ef23c46c0eb71889efe6a648a41f7,1512712132,0x744d70fdbe2ba4cf95131626614a1763df805b9e,0xf58e8b60d7e8b8001f11f3323f425104976600408d11d8ff095ab73b285516d4,0.0
362,0xa30d8157911ef23c46c0eb71889efe6a648a41f7,1512712132,0x06ecfcf50a9cbbc694a9814dd6102943363da4dd,0x7c2a8178825f03cb6d301004a6d0c9393a594e8962f5742b4dfb97d6599aceb1,15.0
363,0xa30d8157911ef23c46c0eb71889efe6a648a41f7,1512712132,0x8fdf70de22d3b9044d3539658fcda560460debb9,0x99170a4674a12fedf9353b05719a06845467881782237f29b3009091e0b655be,3.45
364,0xa30d8157911ef23c46c0eb71889efe6a648a41f7,1512712132,0xb63b606ac810a52cca15e44bb630fd42d8d1d83d,0xccd26ab1019903a3a8f084ed46be1142ecd5619dbfb305b7e31293116758d725,0.0
365,0xa30d8157911ef23c46c0eb71889efe6a648a41f7,1512712132,0x887834d3b8d450b6bab109c252df3da286d73ce4,0x4cf857143d9555c796fd243fc1bd6f7ef2bbb13f9ec84a2392a67d3b43576b5c,0.0
366,0xa30d8157911ef23c46c0eb71889efe6a648a41f7,1512712132,0x86fa049857e0209aa7d9e616f7eb3b3b78ecfdb0,0x0b392d55393952e5d42e54c819ce949c602028b8b0681bd9bce4eee96f164517,0.0
367,0xa30d8157911ef23c46c0eb71889efe6a648a41f7,1512712132,0x44c1739d4ab28da207a05e1cf623ea4be37b6acf,0xd4258534f3ac5adaf7b5a02e30c145c64ba6657b44e7d96a515a25dc869cb832,10.4169
368,0xa30d8157911ef23c46c0eb71889efe6a648a41f7,1512712132,0x177d39ac676ed1c67a2b268ad7f1e58826e5b0af,0xbf1990a2be86f0b4d63a221c8f785b55db5aafd32ed6b0ba40b8b197a5bf8dbe,0.0
369,0xa30d8157911ef23c46c0eb71889efe6a648a41f7,1512712132,0x86fa049857e0209aa7d9e616f7eb3b3b78ecfdb0,0x1b714833d46b944a7e2392144a5a186dbfdddf460065f03ad37bb49da3d52158,0.0
370,0xa30d8157911ef23c46c0eb71889efe6a648a41f7,1512712132,0x284238dbda186cf2603dbeec3adbe82643a7febd,0xabc9f53ae90be8772366967f24ed06cce149f3c1d1ee983a08b986b1949fe02c,0.23
371,0xa30d8157911ef23c46c0eb71889efe6a648a41f7,1512712132,0x86fa049857e0209aa7d9e616f7eb3b3b78ecfdb0,0xe1f1e5b0e05f65644b8862717a6f8a4e9538ebf588cbb27e6d5b023a9cc2c3b4,0.0
372,0xa30d8157911ef23c46c0eb71889efe6a648a41f7,1512712132,0x693607a36417c25733046b5cd74badde6cd548e7,0x4292be9a6abd8e507bb67358583b80ac8b8418404f2016eb0afb9ed497f856ff,8.0
373,0xa30d8157911ef23c46c0eb71889efe6a648a41f7,1512712132,0x0f5d2fb29fb7d3cfee444a200298f468908cc942,0x82456393558b38ed1b911e54da339699bdca33e0af63e262762b1ac64ca13509,0.0
374,0xa30d8157911ef23c46c0eb71889efe6a648a41f7,1512712132,0xbc03f70c85b59feaf07fde57ac8f27584a8d1854,0x9ed6167c153b1cdfed7a86ec5959836ddbf780fc429146aa09e2512e7ce294c0,3.0
375,0xa30d8157911ef23c46c0eb71889efe6a648a41f7,1512712132,0xa77b504a980c27d8b11387d1d482d38738f7050f,0x619fc5b10d0a18e150d310ac60b3d717ae4585df974e92d0d86ac835c286e5d5,0.1
376,0xa30d8157911ef23c46c0eb71889efe6a648a41f7,1512712132,0x9925fa235f0a66e13664c610427d63cedbbec005,0x858c9ae131eaabae373ce2bf4eae754373d94f6ec55c4dc904e25e75f9d4abde,27.97
377,0xa30d8157911ef23c46c0eb71889efe6a648a41f7,1512712132,0xbc638b3127b7523f6c5e06cb913d04a6b8b92580,0x40d520de183622ceb5cb1ba058c283dda927f4e054dcd4c012058310d16e9abf,20.0
378,0xa30d8157911ef23c46c0eb71889efe6a648a41f7,1512712132,0x06ecfcf50a9cbbc694a9814dd6102943363da4dd,0xd4f0f60210f591873c8c9a07ab930e68bd24ccdd686fa39b2ddeaff40ffdd23b,14.98
379,0xa30d8157911ef23c46c0eb71889efe6a648a41f7,1512712132,0x86fa049857e0209aa7d9e616f7eb3b3b78ecfdb0,0x7a4fd33bc98a7f7b84d71bf5d179661d4095e0500b734e175f5839414bd6d2e0,0.0
380,0xa30d8157911ef23c46c0eb71889efe6a648a41f7,1512712132,0xd850942ef8811f2a866692a623011bde52a462c1,0x8772987444517c88312b69de7dd7bba0c4451e13c1a594f0ed8635e1c6b11415,0.0
381,0xa30d8157911ef23c46c0eb71889efe6a648a41f7,1512712132,0x6c3035f2de2acb7a2304b087937ddd2e110f3780,0x654d3b2e0c6dae7378a92bb8250e30959565a8060bee079788cdc384e5be3a99,0.3119
382,0xa30d8157911ef23c46c0eb71889efe6a648a41f7,1512712132,0xcb97e65f07da24d46bcdd078ebebd7c6e6e3d750,0x1af2cf534e32b98d5b041871530584a75a659b12568b67ec2a318707f3805076,0.0
383,0xa30d8157911ef23c46c0eb71889efe6a648a41f7,1512712132,0xbc03f70c85b59feaf07fde57ac8f27584a8d1854,0x9a518a6ac71ee9e1c115480375a6fc951312474ac10eff418b5dc7efb1147472,3.03
384,0xa30d8157911ef23c46c0eb71889efe6a648a41f7,1512712132,0x86fa049857e0209aa7d9e616f7eb3b3b78ecfdb0,0xfe24db49e3956ccf9cd6db33cca20ea6a1a54c5aad16aa6014bd4f3549a1acf9,0.0
385,0xa30d8157911ef23c46c0eb71889efe6a648a41f7,1512712132,0xc4ca612c2b9df1dda98fe7ead5fa610d3ff2b6ce,0xe2f960af991ee4368b44c56acd9b3a11994f649e6d0680030eb681064ce8d84f,5.01
386,0xa30d8157911ef23c46c0eb71889efe6a648a41f7,1512712132,0x86fa049857e0209aa7d9e616f7eb3b3b78ecfdb0,0x160c041fec487ea18264667bcbdfc26c632a3d52956a79add8fe008e07a5a88f,0.0
387,0xa30d8157911ef23c46c0eb71889efe6a648a41f7,1512712132,0xb63b606ac810a52cca15e44bb630fd42d8d1d83d,0xf7aab149f00bfb90446024a2f53edfee705bc0be08995fceda8bc5ea66f10818,0.0
388,0xa30d8157911ef23c46c0eb71889efe6a648a41f7,1512712132,0x4106e5ef084dfa03db209b04cda57b2c95214f5d,0xaa40b54f55f30bdd685d87f9c29ce818a2eca918848e0d287cbdb4214703f569,7.08
389,0xa30d8157911ef23c46c0eb71889efe6a648a41f7,1512712132,0xd26114cd6ee289accf82350c8d8487fedb8a0c07,0x48692ff4aaf0c5dd3702e1913ccdd7e48a344000e96c242219eac148c3580d93,0.0
390,0xa30d8157911ef23c46c0eb71889efe6a648a41f7,1512712132,0x773765a71405b4c342b9fcfb9d93d23d60abeeeb,0x77c50871e53ac441460cb91218931dc6037364bb5af56727c5a981ad177131cc,5.0
391,0xa30d8157911ef23c46c0eb71889efe6a648a41f7,1512712132,0xe41d2489571d322189246dafa5ebde1f4699f498,0x323712af1d402581b75411d32e052db1952be5d7eed45416d6305b4e698753df,0.0
392,0xa30d8157911ef23c46c0eb71889efe6a648a41f7,1512712132,0x86fa049857e0209aa7d9e616f7eb3b3b78ecfdb0,0x5752fd678888d1b8c2c9e734f4d8c8db9784c822e1644d69d35e7345ba69eb73,0.0
393,0xa30d8157911ef23c46c0eb71889efe6a648a41f7,1512712132,0xd26114cd6ee289accf82350c8d8487fedb8a0c07,0xa23273603cdb29ca3efd06e7c89068adfa98890e67d8dd9432e5ef0722b30fa9,0.0
394,0xa30d8157911ef23c46c0eb71889efe6a648a41f7,1512712132,0x86fa049857e0209aa7d9e616f7eb3b3b78ecfdb0,0xb8bf7ee79fc7cdf732511c5f18c22115edf5f1464d62f8f8c30265df41f8dfe7,0.0
395,0xa30d8157911ef23c46c0eb71889efe6a648a41f7,1512712132,0x86fa049857e0209aa7d9e616f7eb3b3b78ecfdb0,0x47bd4efdfd4c76e9488cfab5b5ead6bf8ca682044ea5c7d7d87c40652a623271,0.0
396,0xa30d8157911ef23c46c0eb71889efe6a648a41f7,1512712132,0x86fa049857e0209aa7d9e616f7eb3b3b78ecfdb0,0x82457353bea093d3c4e566a8e167ad7a7e4d62e8ae3f562b18dec664fd5af721,0.0
397,0xa30d8157911ef23c46c0eb71889efe6a648a41f7,1512712132,0xab8486435f2f3be90099be43a9451c15a4094a0f,0x49b06376bec2ebb1bf2a722b4ba625b39986447ba3a5fc7b0c6a82f4a3721ff0,0.56
398,0xa30d8157911ef23c46c0eb71889efe6a648a41f7,1512712132,0x5f7191d33d41d07c2b097f6b618fb3438148648f,0x32bd996b8e58b35089991a97c1f448c44af93e60bb3858f1aa0a74fcf598bddd,10.7898
399,0xa30d8157911ef23c46c0eb71889efe6a648a41f7,1512712132,0xc4ca612c2b9df1dda98fe7ead5fa610d3ff2b6ce,0xfd600e8f89afff4b44529c96c1b97bf31e532e3533154809328d2d661c38c1e0,50.0
400,0xa30d8157911ef23c46c0eb71889efe6a648a41f7,1512712132,0x86fa049857e0209aa7d9e616f7eb3b3b78ecfdb0,0xbf9960c9c32542b4208c3562f3c057ec1068a0e521a12c259e928868d6a2ebda,0.0
401,0xa30d8157911ef23c46c0eb71889efe6a648a41f7,1512712132,0xaf30d2a7e90d7dc361c8c4585e9bb7d2f6f15bc7,0xbb4298d035fd24b6b22f21e33942453dfe5c35ef0fdc415466d7134b10360e41,0.0
402,0xa30d8157911ef23c46c0eb71889efe6a648a41f7,1512712132,0xbc83aaf76a291c15ef6ac180ff95c03e29661bc3,0x6bf6d40d9c1ea0305173b905a851c04779d680d36d8a9925947fbc3ea5abcee1,10.0
403,0xa30d8157911ef23c46c0eb71889efe6a648a41f7,1512712132,0xa8ead3e043eeef5f3bb17d470db616460f2c7879,0x3667f9f9f6bdb2c93ffa5db0a8bb1c5a3ca6897859281f2cbde7b71c0a22e641,4.0
404,0xa30d8157911ef23c46c0eb71889efe6a648a41f7,1512712132,0xdd974d5c2e2928dea5f71b9825b8b646686bd200,0x07146746368274da341ee078b15b365b3f56b6a096e6281c0cb9d6f733b3e403,0.0
405,0xa30d8157911ef23c46c0eb71889efe6a648a41f7,1512712132,0xc6548c38001754e74b6c718f3f5017c011a2f679,0x1404fb81ba92466db7d972199aea8e290ef0ad239f7ca0751eed63bf3dccecdf,1.0
406,0xa30d8157911ef23c46c0eb71889efe6a648a41f7,1512712132,0x86fa049857e0209aa7d9e616f7eb3b3b78ecfdb0,0xba79e97bf1ceb8db541ecbfc412efe581ec75cbb972397072e45aa710ecc3433,0.0
407,0xa30d8157911ef23c46c0eb71889efe6a648a41f7,1512712132,0xfde6251bf613c4a628f555de4ae01de391dd1fa8,0x7f5ee5ae6037a3c6b043e49099cc5b669c87835299c321ba1377603b35552716,6.0
408,0xa30d8157911ef23c46c0eb71889efe6a648a41f7,1512712132,0x86fa049857e0209aa7d9e616f7eb3b3b78ecfdb0,0xc909b3fdad41c52dace7ef40ccdc747ec4460c08e61d6eff652d7b32525fdb27,0.0
409,0xa30d8157911ef23c46c0eb71889efe6a648a41f7,1512712132,0xcb97e65f07da24d46bcdd078ebebd7c6e6e3d750,0x5775b3ec22b36df7c4dea8258b93fa961b45c08b25fc47aa18028c6053b05741,0.0
410,0xa30d8157911ef23c46c0eb71889efe6a648a41f7,1512712132,0x86fa049857e0209aa7d9e616f7eb3b3b78ecfdb0,0x21cceab593708fe539db6bf63febb43410f57ce69ce509734127c6c601fa87b9,0.0
411,0xa30d8157911ef23c46c0eb71889efe6a648a41f7,1512712132,0xcda5683c196c615c4f50591d3cec6495a5946418,0xace0aded4393cf6e527581dc33d65502e04a8852c47204229e1c69ac0acc6015,20.0
412,0xa30d8157911ef23c46c0eb71889efe6a648a41f7,1512712132,0x248ab9491499d5eaff5c1d62a868609feecd1827,0xb4c49f30fe29d5825652f4789a0acf8e2a2cac26273edec53bffa4060c464dd3,69.98
413,0xa30d8157911ef23c46c0eb71889efe6a648a41f7,1512712132,0x3078a558338bd5337350e7e76461903e15723c7a,0xa68c3a906bdb1cbf8353e334f0f56854b5312afdcdc8a11bf4b15a39b7c8e90f,0.06
414,0xa30d8157911ef23c46c0eb71889efe6a648a41f7,1512712132,0x86fa049857e0209aa7d9e616f7eb3b3b78ecfdb0,0xe88ac207222fbb17a52b9e112caab6b1ff0927a49e04226c28407b7c429c30b7,0.0
415,0xa30d8157911ef23c46c0eb71889efe6a648a41f7,1512712132,0x86fa049857e0209aa7d9e616f7eb3b3b78ecfdb0,0x0aa05d0b3e30d2c3e9f30d4c5cc2ef7d1df46266dfc9e25a4e0edecfb4454861,0.0
416,0xa30d8157911ef23c46c0eb71889efe6a648a41f7,1512712132,0xa065167c30741fc3c3ce12d9e83a9f8da9ce8a98,0x99f24c074b9a223e5663ad539a42b650d95fc398ae544a7fe2f20817d40348eb,2.8
417,0xa30d8157911ef23c46c0eb71889efe6a648a41f7,1512712132,0xe6b1927758d4baab75fa9da76fbd75dd215883f7,0x4f614883b9e4980ea222edade7199b74d4c45a9b55dc397b43919dd862a538f2,19.99
418,0xa30d8157911ef23c46c0eb71889efe6a648a41f7,1512712132,0x47216de2330356efc75382b5755e82047d1fcd12,0x24d8df06f2863e9e8020a8be2658adf66f6429b399661de965def4ebc63222b7,5.1
419,0xa30d8157911ef23c46c0eb71889efe6a648a41f7,1512712132,0xd26114cd6ee289accf82350c8d8487fedb8a0c07,0xc56bb624b763a808b8e2be01918b27a3d6f947769757128fff95ea8b81a931fa,0.0
420,0xa30d8157911ef23c46c0eb71889efe6a648a41f7,1512712132,0xd26114cd6ee289accf82350c8d8487fedb8a0c07,0x98949be78548774aea3235a8c0232e4945d90700acc2d093e2023f879bc135c7,0.0
421,0xa30d8157911ef23c46c0eb71889efe6a648a41f7,1512712132,0x86fa049857e0209aa7d9e616f7eb3b3b78ecfdb0,0x35d5815ac670d8d3d8307e199d6857de47e24ab4ba31230ffb49ace9afb359a4,0.0
422,0xa30d8157911ef23c46c0eb71889efe6a648a41f7,1512712132,0x86fa049857e0209aa7d9e616f7eb3b3b78ecfdb0,0x24312e9bce9ce054d00d091f6fd55fd9a942678051346f74e815c6290fc453c8,0.0
423,0xa30d8157911ef23c46c0eb71889efe6a648a41f7,1512712132,0x86fa049857e0209aa7d9e616f7eb3b3b78ecfdb0,0x75c4e23d4859d5f0bb7df32cf1520c85e873f0d687ed5ec29aebc4910a284fb9,0.0
424,0xa30d8157911ef23c46c0eb71889efe6a648a41f7,1512712132,0x884652f7780222500fa03ea0ff1df54cf2a92888,0xfe550a8b393356f51c85b9ddc63cec8da56f6fa9c628f271a316c7eac705a98a,20.0
425,0xa30d8157911ef23c46c0eb71889efe6a648a41f7,1512712149,0x86fa049857e0209aa7d9e616f7eb3b3b78ecfdb0,0x22707acfd3c1b2079fa47c0ebdbb91cdda6daafecb13981fdf4392452542dfee,0.0
426,0xa30d8157911ef23c46c0eb71889efe6a648a41f7,1512712149,0x0f5d2fb29fb7d3cfee444a200298f468908cc942,0x495ea9be74a4b40b8603400b29a65863700c5ad7b05c7e654ae5ff00a543a11e,0.0
427,0xa30d8157911ef23c46c0eb71889efe6a648a41f7,1512712149,0x35779505eeca23e0422a73349d32618ceff8d745,0x321c8a950c962f6b28b104967e6b38d362f7a1759da96974f0c300bae600264a,40.0
428,0xa30d8157911ef23c46c0eb71889efe6a648a41f7,1512712149,0x5ca9a71b1d01849c0a95490cc00559717fcf0d1d,0x8730fc55bea3af2129a1a1c21ba00c4299eb97a0c2400d794615163d74645b94,0.0
429,0xa30d8157911ef23c46c0eb71889efe6a648a41f7,1512712149,0x90d7a829015ec0f6951ce5f2f7477be41b4ba5d2,0x1f5384f695a913653ebdd88b5d391dd21ce5c6acdb244ec0f2be130ba8bf40a7,56.9
430,0xa30d8157911ef23c46c0eb71889efe6a648a41f7,1512712149,0xbc121d8d62876a56f46d1efc73e8af3efc970706,0x946c1a455d5fea9630b50e5759af99145bee60bc0bd9d62c835b4b3071746b26,10.0
431,0xa30d8157911ef23c46c0eb71889efe6a648a41f7,1512712149,0x744d70fdbe2ba4cf95131626614a1763df805b9e,0x9ad8e2e3cf46c450b64fa667877b1ebe6f06c1a5df0d9a9aee60da293a3bfe78,0.0
432,0xa30d8157911ef23c46c0eb71889efe6a648a41f7,1512712149,0xd850942ef8811f2a866692a623011bde52a462c1,0xc4ccd9726bd1854e9cc7cbab7f585d2867a4bab5f84e64020af0df1a25b37198,0.0
433,0xa30d8157911ef23c46c0eb71889efe6a648a41f7,1512712175,0x71f0aca902c72ac75063aaef6d7148b9ea27b782,0xa79c584468b3103f15626cc1c516d8c3ac8b4e8d2afca17a2805e65f1d39dc15,15.0
434,0xa30d8157911ef23c46c0eb71889efe6a648a41f7,1512712175,0xcb97e65f07da24d46bcdd078ebebd7c6e6e3d750,0xd06d0aa284ddf45ee42c493639b6d6984475a9a3af3aa6610184dfd622606c00,0.0
435,0xa30d8157911ef23c46c0eb71889efe6a648a41f7,1512712195,0xa645264c5603e96c3b0b078cdab68733794b0a71,0x9df494ecd656d41406ee1518d9569d70b3f7d3f76865013556b5ae6c97749441,0.0
436,0xa30d8157911ef23c46c0eb71889efe6a648a41f7,1512712238,0xe0b7927c4af23765cb51314a0e0521a9645f0e2a,0x07ed254a6843047060eea4e1c6eb8c9c2aaebf9f38d746416c48579b3b3051eb,0.0
437,0xa30d8157911ef23c46c0eb71889efe6a648a41f7,1512712238,0x177d39ac676ed1c67a2b268ad7f1e58826e5b0af,0xaef3eb32839214779701f998a4dc368cc328bae7fbff09e24c8fd0d518c7b29d,0.0
438,0xa30d8157911ef23c46c0eb71889efe6a648a41f7,1512712238,0x744d70fdbe2ba4cf95131626614a1763df805b9e,0x7c7c1fc4c0434657cee76c0b4274c231bf27045eb2d0ae7bc4d06c16880ab61f,0.0
439,0xa30d8157911ef23c46c0eb71889efe6a648a41f7,1512712238,0x2642f5256f76cb2af85c24be8c425091e7d7b311,0x8a1aa9609b2c39fd8f433e08e554f38c6893812d8ed770f97340f491390189c6,4.13821625
440,0xa30d8157911ef23c46c0eb71889efe6a648a41f7,1512712238,0xa20964db8ca46b954409ef773146929420d8b184,0xc0a8bb6ad1cb41ce2409fff259c37347edb738c03ace08e3261b64acc0d2f5b3,24.5
441,0xa30d8157911ef23c46c0eb71889efe6a648a41f7,1512712238,0x0f5d2fb29fb7d3cfee444a200298f468908cc942,0x0b30f0bdc60b320c98178958ce0f9e9ecd96baf87b7c68a84a317d1fce8de8a9,0.0
442,0xa30d8157911ef23c46c0eb71889efe6a648a41f7,1512712238,0x9e36b91fce58f20002dd0f0ade740cb518d22fc7,0x819280853e4862e6728ee7a1a8c133366fe9f9b0800929765b0eb4f7b5d0720b,2.1
443,0xa30d8157911ef23c46c0eb71889efe6a648a41f7,1512712238,0xc1120939c135c6be1b48e94ddc0c763bb84a3da0,0x4ea34092c596c0f546f0d678c7ff4d2d4bc2506b697384485aead0eb4f6ab006,3.24972
444,0xa30d8157911ef23c46c0eb71889efe6a648a41f7,1512712238,0xbb11d1aeb7d8b451f33700e716bc1027d783d609,0xd8c4a36f96cb87e4744aa935e75f07360da080888a5ba9cdff99efebc61c726e,15.0017
445,0xa30d8157911ef23c46c0eb71889efe6a648a41f7,1512712238,0xf32ef1965c36a50d7401d398449fa8c7740eb31a,0xe0dc6de2ecb8ab1b2d5c90d8a1c3066eed7c96e889e6f6d60797d97ddb86ebb5,5.0
446,0xa30d8157911ef23c46c0eb71889efe6a648a41f7,1512712238,0x0f5d2fb29fb7d3cfee444a200298f468908cc942,0xa6cc73e6b16c428ba401747c4341b29f22c66b0617ea5d91f666a5d3106e28aa,0.0
447,0xa30d8157911ef23c46c0eb71889efe6a648a41f7,1512712238,0x36f7c32c5d6010e8347948ebc3929756ca62831e,0x18f130a9d6e7117bcbf975a4055fb927f25bb6e7f1fa1ed557fd5303774c85f8,11.0
448,0xa30d8157911ef23c46c0eb71889efe6a648a41f7,1512712238,0x57faa642c01109eed16dda4d42475d3aeccd9b96,0x8da7a48d89532cc9c39ca1d92c97b7bdd74f650093a883f02f905cc695a247aa,0.01
449,0xa30d8157911ef23c46c0eb71889efe6a648a41f7,1512712238,0xd21a9eb98764acba7ce924a9e89ec83404850ab5,0x09d8e2c3822437a3f21df7d36c530986b134f4fb398280868ae3b2f242d77d43,0.91
450,0xa30d8157911ef23c46c0eb71889efe6a648a41f7,1512712238,0x86fa049857e0209aa7d9e616f7eb3b3b78ecfdb0,0xe88b427a3b0bd61df6c99931926f904de62bb2f54fddc65c47c6999e96f4072d,0.0
451,0xa30d8157911ef23c46c0eb71889efe6a648a41f7,1512712238,0x0f5d2fb29fb7d3cfee444a200298f468908cc942,0x861f428ca12d930a745579bf8b83d7918f38727933d86258f13af81abde23c2d,0.0
452,0xa30d8157911ef23c46c0eb71889efe6a648a41f7,1512712238,0xd10c7abc7dd0e2cc30a6eda9a2fc868cb244c8b9,0xfd08edeb158d53d145c0fe5e34eebd52a6e38ba29178193a03c11a517de4b0fc,400.0
453,0xa30d8157911ef23c46c0eb71889efe6a648a41f7,1512712238,0xae019b5eb640c359a1d0becdd819059c0339f398,0xfd94121a8e383be76a70027d7144d8a0bdd7651d09d93eeaaac392295e2a7c66,0.5
454,0xa30d8157911ef23c46c0eb71889efe6a648a41f7,1512712238,0xd850942ef8811f2a866692a623011bde52a462c1,0x73f37c895bd56ac45aeddf51c8257f666a429c474656ff1909db54d61db28622,0.0
455,0xa30d8157911ef23c46c0eb71889efe6a648a41f7,1512712238,0xb97048628db6b661d4c2aa833e95dbe1a905b280,0x7803f3e34304f0680bbaa4ae034f3536848330a3c258ef9b8b42a640016eac9c,0.0
456,0xa30d8157911ef23c46c0eb71889efe6a648a41f7,1512712238,0xf7920b0768ecb20a123fac32311d07d193381d6f,0x30c20341939efa0ebd4be974098e99c011649f40d7e03202f6615208a1568f29,0.0
457,0xa30d8157911ef23c46c0eb71889efe6a648a41f7,1512712238,0x744d70fdbe2ba4cf95131626614a1763df805b9e,0xaa5bd14cd9500f8fb6a4fba90d74a7df62438d19bd846a8f5afd17058bd3b31c,0.0
458,0xa30d8157911ef23c46c0eb71889efe6a648a41f7,1512712238,0x08a230eec5f1885b97706022669537e2e9d8b6ad,0x5756765b9a1cb5fbff6a696db874567f60563f29a39be03d40dd422bc8924e3b,5.324547
459,0xa30d8157911ef23c46c0eb71889efe6a648a41f7,1512712238,0xf8ad512acd2b9dee21f34ef221c298ed2bb1e13f,0x938b7ad5b1c92c3d7e7806c8539aef65a2b6db5bb84cde9c7a0ba720cd89c635,1.0
460,0xa30d8157911ef23c46c0eb71889efe6a648a41f7,1512712238,0xa1cdc88e09fac9d7ae9d9e3a9fc5ff40a99a74cc,0x420f969e70c1fd288972f270fca767d352f1ce8cc1426d58bfc36b133af60418,5.0
461,0xa30d8157911ef23c46c0eb71889efe6a648a41f7,1512712238,0xe42471bc8a512c915295caded5a9d77139140499,0x6e821c017488366b12d1fc970b9c722da71ca245a170ce9b44a1f6556092c429,500.0
462,0xa30d8157911ef23c46c0eb71889efe6a648a41f7,1512712238,0x03c9ce1d115a21acf915bbf2505c7322dab299ea,0xedef204873e38480a4e971fc3aa935b320938bb8be80045b1717494053762407,28.5
463,0xa30d8157911ef23c46c0eb71889efe6a648a41f7,1512712238,0xd4b5cfb825e10222f1d742e4ff95301103d66468,0xc958b6b10dd7255ce0308a93ef11c5a91c2cd6317c0f3ed4066af4e15bc27c59,5.01
464,0xa30d8157911ef23c46c0eb71889efe6a648a41f7,1512712238,0x0b2a42f3dad8952f7101041789e46ed7c89fc7af,0x87d27a73e601946f78114b210d0f32b682858fa876bb5fb47671ea2da5c0b482,1.4
465,0xa30d8157911ef23c46c0eb71889efe6a648a41f7,1512712238,0x57faa642c01109eed16dda4d42475d3aeccd9b96,0x32b174c932af0261e3404e21e1281d55d366158192cd867b1d2e986e50d11ba1,0.01
466,0xa30d8157911ef23c46c0eb71889efe6a648a41f7,1512712238,0x86fa049857e0209aa7d9e616f7eb3b3b78ecfdb0,0x457b9ddc27b1ff40fd952a1d082e9fc5d4f5bcd9bfac8943edbb39def802309c,0.0
467,0xa30d8157911ef23c46c0eb71889efe6a648a41f7,1512712238,0xcb97e65f07da24d46bcdd078ebebd7c6e6e3d750,0x8b33041d5a771d8d1f829329af0ad247e5ed1f6b311b00a88046526348f209b4,0.0
468,0xa30d8157911ef23c46c0eb71889efe6a648a41f7,1512712238,0x952ef4a2c690e0bda798e556fc6756f6e3f7d995,0xa9dbf25306f370b3a0f5ba4c8e3e1f2a8266c8490885053bff9a9bab4c62bb79,20.0
469,0xa30d8157911ef23c46c0eb71889efe6a648a41f7,1512712238,0x02df1456e2d97af058ea7cddfa31e05ab67cd4be,0x98841d058af04c8a392c057c53d8b4de6a34b8ad6c664788db48961f12e283cc,2.06
470,0xa30d8157911ef23c46c0eb71889efe6a648a41f7,1512712238,0xafbaac35b50eefe8cdcd193a18d0975068a27199,0xfb64dc6c94f8bb6f1ae6b089b4f57de091952bc6001467e8e3e271a1dc8d2399,0.987
471,0xa30d8157911ef23c46c0eb71889efe6a648a41f7,1512712238,0x1a97fa1d3f79a0bb41986e3fdc8e386dd26240a9,0xcc9b826b4e3f4c1b48dea40a7a5a21a0b9e8400e9395ac1d865cd8edb3ad649c,3.09
472,0xa30d8157911ef23c46c0eb71889efe6a648a41f7,1512712238,0xcb97e65f07da24d46bcdd078ebebd7c6e6e3d750,0x81a1fd6c2fd9d6619c7441eba4ec7fcf6aa34ff9bdb54b3b6b4bc767dcba99d6,0.0
473,0xa30d8157911ef23c46c0eb71889efe6a648a41f7,1512712238,0xd9e389dc008ed964394a949a64ca4b2b3056c653,0xcd59e337bfeb9ceadc6d819230044a9c2183fa319c35ab4b4e56d0f5756d25fe,10.0
474,0xa30d8157911ef23c46c0eb71889efe6a648a41f7,1512712238,0x00315b7da7919663b1afbb17274c56663936b516,0xe61d968b4fddba7a70ebeb743a72dd673ebcb239688d2431248b630d04ee148a,10.0
475,0xa30d8157911ef23c46c0eb71889efe6a648a41f7,1512712238,0xce81db31d6ef9737278777e88d829479f1cafced,0x35dff323a52ef797c1193ea7f40fa71a259fe4f9d4dcdbe82b4ff36b3c5e56ce,7.9
476,0xa30d8157911ef23c46c0eb71889efe6a648a41f7,1512712238,0xf6c142a06f1c74b69855e5d73d0b8fc79287dd92,0x77ed98cc35d0ef27fbf0fc6b66c288d3f1d86e9306d360396c06a56b1d47305a,3.99
477,0xa30d8157911ef23c46c0eb71889efe6a648a41f7,1512712238,0x66a332903c10c471268c0ccce43438790c5db74e,0x7f3d52366ab9ca03d51eef232db0b61d797c8626a6de64b6527a60c9187120e3,7.91
478,0xa30d8157911ef23c46c0eb71889efe6a648a41f7,1512712238,0xa49033fc20b94b00ab74d053c7803a9eebad95e8,0xa1e1a01084e2eb94c4f8d93a44f874e9034ee6c139c2cfdbc3a6ba74dbba26d3,5.52
479,0xa30d8157911ef23c46c0eb71889efe6a648a41f7,1512712238,0xeb69f530c2ec29c4582956ed850421301b295b37,0xd0585c706e220b6684587d06c6099f9731f6b9df2122181018bb7bde47c43a63,45.0
480,0xa30d8157911ef23c46c0eb71889efe6a648a41f7,1512712238,0x86fa049857e0209aa7d9e616f7eb3b3b78ecfdb0,0x5938f533a75104c1bcd359f47abbbec27b06744dc8cbfff568c6ad9b91e0ecd0,0.0
481,0xa30d8157911ef23c46c0eb71889efe6a648a41f7,1512712238,0x177d39ac676ed1c67a2b268ad7f1e58826e5b0af,0x5e00791bc50da16f34b98fbf344bef794fdda8bcda5350f7e9e4994fab277bc9,0.0
482,0xa30d8157911ef23c46c0eb71889efe6a648a41f7,1512712238,0x86fa049857e0209aa7d9e616f7eb3b3b78ecfdb0,0x804aa69bfbf1e1b1d104bd3bed9e0d41fee237523df88312e1d2708f4d9eb940,0.0
483,0xa30d8157911ef23c46c0eb71889efe6a648a41f7,1512712238,0x33a6216d6ac902b01b2097cdb95f6489128a6579,0xcbdca6713c3bd95f2c78d6bffe39f99e3613de5bfbbe559a3a64ca44244c2620,21.0
484,0xa30d8157911ef23c46c0eb71889efe6a648a41f7,1512712238,0xaf30d2a7e90d7dc361c8c4585e9bb7d2f6f15bc7,0xbb394a9e8e7fcf946f680fce23226c2af435e0b7fde81dcc086a1f2b2fd888f1,0.0
485,0xa30d8157911ef23c46c0eb71889efe6a648a41f7,1512712238,0x14d68aa1f295e38b0f553023731d75927e98ea88,0x76ac91f34c0a608cf0e9395cb17afb63fb6b0d57a371c89dc6902bc2426bb59d,5.0
486,0xa30d8157911ef23c46c0eb71889efe6a648a41f7,1512712238,0x3078a558338bd5337350e7e76461903e15723c7a,0x7ebcec7271f20b865d4c6f9a643ee69c6e25c889d992d56f1e1fc8b95358b813,8.78
487,0xa30d8157911ef23c46c0eb71889efe6a648a41f7,1512712238,0x86fa049857e0209aa7d9e616f7eb3b3b78ecfdb0,0xb420f1bc2b833a50ce1254777e1f57fdb3af7f293953ce5ecdcba77bde6b321d,0.0
488,0xa30d8157911ef23c46c0eb71889efe6a648a41f7,1512712238,0xf4a60f007fad514917936261611e2cf21c753743,0x6dd9512c62a14153b48fc34ff6e7ba5016902f9100eacf9c549e3eaddd76db45,8.4
489,0xa30d8157911ef23c46c0eb71889efe6a648a41f7,1512712238,0x86fa049857e0209aa7d9e616f7eb3b3b78ecfdb0,0x991bcd23d1d4cc11bbc7b4e79698df14aa3f2f0d0b74e52a58fea7287098b17c,0.0
490,0xa30d8157911ef23c46c0eb71889efe6a648a41f7,1512712238,0x7130772860593f5988f10e69a34d2e9481d238e5,0xe35ade174d6dd314f206cda96e10437a6dafcba4d1baf6f4ed516e397c8208aa,10.5
491,0xa30d8157911ef23c46c0eb71889efe6a648a41f7,1512712238,0x0f5d2fb29fb7d3cfee444a200298f468908cc942,0x7cafacaab58eec7bae051eef7cfd28cd9d9c6f64cf86fa20e0465faee1426c76,0.0
492,0xa30d8157911ef23c46c0eb71889efe6a648a41f7,1512712238,0x86fa049857e0209aa7d9e616f7eb3b3b78ecfdb0,0x369c3c4a2d8851f2e5af8919b7bff858aa77f43405bd4fe94c8da8c8acd97401,0.0
493,0xa30d8157911ef23c46c0eb71889efe6a648a41f7,1512712238,0xdd974d5c2e2928dea5f71b9825b8b646686bd200,0xa6dc4af516b37bfb15679bf8f7562c596e35062b6b0d0572de759f8b809b3bb0,0.0
494,0xa30d8157911ef23c46c0eb71889efe6a648a41f7,1512712238,0xb97048628db6b661d4c2aa833e95dbe1a905b280,0xc19c7c27bfacdd5abdac8477ace5ff4edb8b7cf408166896ba9c31f725afc081,0.0
495,0xa30d8157911ef23c46c0eb71889efe6a648a41f7,1512712238,0x744d70fdbe2ba4cf95131626614a1763df805b9e,0x1082b4c2caa11a58d9f62fe9434acc2d652a755ca64ebe495a614ec84a1b5956,0.0
496,0xa30d8157911ef23c46c0eb71889efe6a648a41f7,1512712238,0x86fa049857e0209aa7d9e616f7eb3b3b78ecfdb0,0x4c774414a8f07f556d988511585d3615368933ba064c681ed64329067d13dcd1,0.0
497,0xa30d8157911ef23c46c0eb71889efe6a648a41f7,1512712238,0xd850942ef8811f2a866692a623011bde52a462c1,0x06ce4f7c8fcd7c7243af626817f8b9f6e25b80a4e8ec50ef9336a6bcc6ad4dd4,0.0
498,0xa30d8157911ef23c46c0eb71889efe6a648a41f7,1512712238,0xd26114cd6ee289accf82350c8d8487fedb8a0c07,0x47837b01ec0c78314db004ea7861fe90d2e32f496c71e09b5bc81bc933e2932d,0.0
499,0xa30d8157911ef23c46c0eb71889efe6a648a41f7,1512712238,0x86fa049857e0209aa7d9e616f7eb3b3b78ecfdb0,0xb5af6539d6d8bf4422c676b8e48c3365b0fc642835e0c0e2b4f2427758022392,0.0
500,0xa30d8157911ef23c46c0eb71889efe6a648a41f7,1512712238,0xf7920b0768ecb20a123fac32311d07d193381d6f,0x63ff6181ae657ff6f6755c315acec918d175421406cc6b1ddc6dc672f67e7caa,0.0
501,0xa30d8157911ef23c46c0eb71889efe6a648a41f7,1512712238,0x86fa049857e0209aa7d9e616f7eb3b3b78ecfdb0,0x855f5f6640afbeb4757fbdc459c625b748bd4f04ba11e5f6f358aa8db2d83ede,0.0
502,0xa30d8157911ef23c46c0eb71889efe6a648a41f7,1512712238,0x0f5d2fb29fb7d3cfee444a200298f468908cc942,0xcd0796043c3fac8e3381a20adb1d1743b850be133417c5b7a8b7104b6557b11a,0.0
503,0xa30d8157911ef23c46c0eb71889efe6a648a41f7,1512712238,0x0f5d2fb29fb7d3cfee444a200298f468908cc942,0x0bcd031674fc00b142c03346d2bb975e02a5dbd62fe095c7d83a974fe7c111ee,0.0
504,0xa30d8157911ef23c46c0eb71889efe6a648a41f7,1512712238,0x1673f62c350cbe6b714150785fa785f12138aa59,0xcccd805e8b4b9cd0240f604c0f3b7df5616d1a2aac52e900d6f518988e8e518a,2.0102
505,0xa30d8157911ef23c46c0eb71889efe6a648a41f7,1512712238,0x32f6f14f8b209505a9a6a938c7032012bb94265b,0x5cbc7b85dc41e75e48c0be9059aae6b6a2533bbc986da6f9ff3360f1f29c15d0,21.36
506,0xa30d8157911ef23c46c0eb71889efe6a648a41f7,1512712238,0x121231fa85c0453947732b1e902dfafa04c71563,0x3863077638d4af63b78bca281db685fe512ee1f78f3c3370f1fe9a23edcc4a33,1.36
507,0xa30d8157911ef23c46c0eb71889efe6a648a41f7,1512712238,0x32f6f14f8b209505a9a6a938c7032012bb94265b,0x87cedfc142ca3710eaaa45ce5554f447571d70574daaa3389a46c22404770479,27.99
508,0xa30d8157911ef23c46c0eb71889efe6a648a41f7,1512712238,0x258e22f326cd1a76adc7a243e809e7cdc1a501a4,0xdf741a0eed852548a8207ce060923c7b40a66d832751e24351e15e397dfd681c,0.47440845
509,0xa30d8157911ef23c46c0eb71889efe6a648a41f7,1512712238,0x0f5d2fb29fb7d3cfee444a200298f468908cc942,0xf76f9d473288467b11760f25d7c9b3180815f67a5c8434481facd94d18f41a2e,0.0
510,0xa30d8157911ef23c46c0eb71889efe6a648a41f7,1512712238,0x0f5d2fb29fb7d3cfee444a200298f468908cc942,0xa7c7c6377ed44475389a6725385aa4aef57e02d540e0a23ed59c51b9be50487a,0.0
511,0xa30d8157911ef23c46c0eb71889efe6a648a41f7,1512712238,0x5ebec07fc07ba0e46885435d6435570a08e06c60,0x14b5c11e810836c3bbaca79a522c56aa1d065d6cd67a374b340308cffb802921,0.09
512,0xa30d8157911ef23c46c0eb71889efe6a648a41f7,1512712238,0x86fa049857e0209aa7d9e616f7eb3b3b78ecfdb0,0xc2f680cfa54cd13c0be52b8603a2b6a3b22b3f47639eeec3b3aa09377c56a866,0.0
513,0xa30d8157911ef23c46c0eb71889efe6a648a41f7,1512712238,0x86fa049857e0209aa7d9e616f7eb3b3b78ecfdb0,0x0a46353f834f0c14cb13681e3ccfd87893a90ab2eaa0612c3ceb7044b33cd61e,0.0
514,0xa30d8157911ef23c46c0eb71889efe6a648a41f7,1512712238,0x3b11a23b4645494997e645044cc35670814241e9,0x9d9424811e031c11b5a4b68be587b66a95fcea9eedc95b62d8f74218ac10be78,16.0
515,0xa30d8157911ef23c46c0eb71889efe6a648a41f7,1512712238,0x576e13e103e292fcdb98af689c2a317aa7f8ece2,0xbf998d3b79fdc99e8c8333a55f45e8cbbb87c3ecc6f83cb1c06b150e64c8eb8d,7.5566
516,0xa30d8157911ef23c46c0eb71889efe6a648a41f7,1512712238,0x86fa049857e0209aa7d9e616f7eb3b3b78ecfdb0,0x63fb414784c27517cbca2ed7684818217bfc377b1cd5927975582d4b92ec961d,0.0
517,0xa30d8157911ef23c46c0eb71889efe6a648a41f7,1512712238,0x86fa049857e0209aa7d9e616f7eb3b3b78ecfdb0,0x729c1990b8319ef241d2bcb31727d06d510780f699fd397f9d4860e347d30c2c,0.0
518,0xa30d8157911ef23c46c0eb71889efe6a648a41f7,1512712238,0x632b103f4db7d697444375abd887b764a86b9e3f,0xda549e6a29afd3991dffa5da1521a04e373f6629ffb08a777a24c660b256719d,5.451365
519,0xa30d8157911ef23c46c0eb71889efe6a648a41f7,1512712238,0x30b0489d2b8d2213f4cc1a17e90cb8c8463d18e2,0xa07b01ecd996f0b6ff3fa85af88e71c38b762471f52566389479b5eaed35d769,1.5732
520,0xa30d8157911ef23c46c0eb71889efe6a648a41f7,1512712238,0x0f5d2fb29fb7d3cfee444a200298f468908cc942,0x0de12a937126fb50612d95542fce376228a6b203a278cca1d15d85dfb04db9bf,0.0
521,0xa30d8157911ef23c46c0eb71889efe6a648a41f7,1512712238,0x1aef41cd97f2f741c182006b8f0d4fe8bab46e33,0x57864aa42ccd52601b52ba7d09b09561a34080d2315fab188940d6d87c3848b6,10.0
522,0xa30d8157911ef23c46c0eb71889efe6a648a41f7,1512712238,0x6c4d6b29752fe2e73bcc92f80fb8a56bbaaa7613,0xbd25e07dc20b59c22e7426e93119e26ebe0372377ce6753b9b64f1b32fafa397,9.98
523,0xa30d8157911ef23c46c0eb71889efe6a648a41f7,1512712238,0x6e23399ef927904a9a107f01f2bdddc40296366a,0x50310ed51ecd7c74e11ab755ae0cafee2c6f1222507df7295742d73bf75ef2d3,0.1
524,0xa30d8157911ef23c46c0eb71889efe6a648a41f7,1512712238,0xcb97e65f07da24d46bcdd078ebebd7c6e6e3d750,0xa97a1e5d5f95732a9919098604f501fb25fe94906085e5a27231fa36ec268be9,0.0
525,0xa30d8157911ef23c46c0eb71889efe6a648a41f7,1512712238,0xb989f1041dcc6e3455bdcd5183909f3d578802ac,0x7e9ae28b71bf9c46d0249ac253a02596689c13f04098d1615fa86660c16e4174,1.0
526,0xa30d8157911ef23c46c0eb71889efe6a648a41f7,1512712238,0x0f5d2fb29fb7d3cfee444a200298f468908cc942,0x79eb0a2035ff263ea79894d5566224535b0205de8c2f0436409894f617db9609,0.0
527,0xa30d8157911ef23c46c0eb71889efe6a648a41f7,1512712238,0xf502316211ffed8158cb94d6099f14cf7fe52d38,0x5543daa4c21368a41673238b569c744f5de3e0bc23a4ac9fe58a72e60891185f,22.0
528,0xa30d8157911ef23c46c0eb71889efe6a648a41f7,1512712238,0xd850942ef8811f2a866692a623011bde52a462c1,0xf9c2ddf7e53c8c17558bb943357727e5159cb72de478d10df356e1f4ca093f62,0.0
529,0xa30d8157911ef23c46c0eb71889efe6a648a41f7,1512712238,0x86fa049857e0209aa7d9e616f7eb3b3b78ecfdb0,0x538ac88042e2224920ebdca69c88721bba87c0f22c6a22f0a1c8bf03e87e2181,0.0
530,0xa30d8157911ef23c46c0eb71889efe6a648a41f7,1512712238,0xbc516aef92b045dce528ac79cab137901c0687bb,0x3c2dcac9351528b50e3989f1154563883fdbb2b2533b2ac8a4898b2b3ad9d2c2,2.0
531,0xa30d8157911ef23c46c0eb71889efe6a648a41f7,1512712238,0xdd974d5c2e2928dea5f71b9825b8b646686bd200,0x708d0811ed0ef01bd35c43dd06d00b988841a7924c78b4f7c63eb425671cb83c,0.0
532,0xa30d8157911ef23c46c0eb71889efe6a648a41f7,1512712238,0x0f5d2fb29fb7d3cfee444a200298f468908cc942,0xf423bbc458b89a9fbb525e145414c6ca24bbdc63cd71f7269108bb6c331b67dc,0.0
533,0xa30d8157911ef23c46c0eb71889efe6a648a41f7,1512712238,0xa085dd81bf4d12f8c6cf226687ec47f23b79a7b7,0x7b5c042f18bb8e1c84aeae6d23b1dd4a171279dd1906c5173d9edfed76e03780,102.0
534,0xa30d8157911ef23c46c0eb71889efe6a648a41f7,1512712238,0x27e8ec1fdb25312c175381a7fedfcb6d41659670,0xbf42ca30acc49b38a939f4d6891a71c3e403eb7fc8258491b825f213865255fb,60.0
535,0xa30d8157911ef23c46c0eb71889efe6a648a41f7,1512712238,0x0f5d2fb29fb7d3cfee444a200298f468908cc942,0x10f9f31e5d4896666ffc4069890dd6b588d67d2fbf024b766e37795ad1cefea9,0.0
536,0xa30d8157911ef23c46c0eb71889efe6a648a41f7,1512712238,0x86fa049857e0209aa7d9e616f7eb3b3b78ecfdb0,0xee8836a648bf794baea1fcfb2bfcadbeb5ccf633f1cb98114f960b588ec74c29,0.0
537,0xa30d8157911ef23c46c0eb71889efe6a648a41f7,1512712238,0x86fa049857e0209aa7d9e616f7eb3b3b78ecfdb0,0x4fa1b8fb01369a0d635d4410f5a63d6fc53e6c76f0c3e1d5fc554a8b15379701,0.0
538,0xa30d8157911ef23c46c0eb71889efe6a648a41f7,1512712238,0x2106f1816d50014b628c81b8c8b1845a64ca9390,0xe421259f9baddc1f8bec2e2806f619730a2c72dd222a9f7c4c0d4c5ddadd2f93,1.0
539,0xa30d8157911ef23c46c0eb71889efe6a648a41f7,1512712238,0xcb97e65f07da24d46bcdd078ebebd7c6e6e3d750,0xfd2daf10b6ffeda473980ce1b531ce47ee792de4ca308c4511c0d261fd6375c2,0.0
540,0xa30d8157911ef23c46c0eb71889efe6a648a41f7,1512712238,0x46aef716cd4a6e3d1b3e6913cedc09f16de75ea6,0x1bcc87e491a61f2d2744820e86cff236d1eb1a93123cb96f886efd8264e2b152,0.09
541,0xa30d8157911ef23c46c0eb71889efe6a648a41f7,1512712238,0xb5f59aa4d8928735d545cb7a0defc61670ce2952,0xd9bdb12c0728598547d95f9ae9c889768d2b4bec9560e289521d65aa2c205573,10.0
542,0xa30d8157911ef23c46c0eb71889efe6a648a41f7,1512712238,0x0f5d2fb29fb7d3cfee444a200298f468908cc942,0xbe19638955e89b6a2513c18962952beb5fde61a6a571147eb5d44187ec6bf6fa,0.0
543,0xa30d8157911ef23c46c0eb71889efe6a648a41f7,1512712238,0x744d70fdbe2ba4cf95131626614a1763df805b9e,0x1630b47373342082349b0a81dd602a132577f09d8aaff3689bff75881865c8c8,0.0
544,0xa30d8157911ef23c46c0eb71889efe6a648a41f7,1512712238,0x6c6bd179176b6a6f3dd818f184b331b540aeecf3,0xbf19f1d49810b360df1168134f74dc1b9fecea48264af9924c0abe2bd664da0c,9.9
545,0xa30d8157911ef23c46c0eb71889efe6a648a41f7,1512712238,0xe32718134c181cf39d2a51d92de48627852d9c12,0xe005fcfce02e22e8a06197501b64b003e42ded3eb6fb11c4c55ab2508e19be01,20.0
546,0xa30d8157911ef23c46c0eb71889efe6a648a41f7,1512712238,0x8caa5ee9b92ca04ebc95013041b62a2cfd30de47,0x0e367dc75bd90950cb51be7b4758b41a585bb52f6dbc96bf2527d44ba0cdfe5a,0.268
547,0xa30d8157911ef23c46c0eb71889efe6a648a41f7,1512712238,0x18265efa4a5f88cd9198501e3626284ae8b66370,0x06af1cab16aadc1715b8cf69a7cee76753a88fed87e37446be6b8dbca34e6cbb,100.1
548,0xa30d8157911ef23c46c0eb71889efe6a648a41f7,1512712238,0x0f5d2fb29fb7d3cfee444a200298f468908cc942,0xb0b6e6c6d683d116ee48bca97a64d7cbf5d8b3ddc20db3db3f664f9eb95f4941,0.0
549,0xa30d8157911ef23c46c0eb71889efe6a648a41f7,1512712238,0x86fa049857e0209aa7d9e616f7eb3b3b78ecfdb0,0x3404a88770c7ea6795f150a958fbd5b66bbbe63932601dd9e7c539a552647780,0.0
550,0xa30d8157911ef23c46c0eb71889efe6a648a41f7,1512712238,0x14a31f4923ca15adbc68c639eeac9a092f692ff0,0x1b8c8c793240a7d6217f7dd982d7bda714c46149e54ec9a253642aca06e15917,1.0
551,0xa30d8157911ef23c46c0eb71889efe6a648a41f7,1512712238,0xbfa6ec6d55c295394d3261414036c882e961d845,0xf0aaed6f13dafde950dafba5ee094abc9bc523c2d70b71efa722c6ea752907e7,0.3
552,0xa30d8157911ef23c46c0eb71889efe6a648a41f7,1512712238,0x881407aaa39046d93ccb49320fe66c6f304f0e3f,0x96930967c7b2debbee92be31bd65c85852cb99e5b411267213648fc9e759e00f,3.0
553,0xa30d8157911ef23c46c0eb71889efe6a648a41f7,1512712238,0x693869a79cf8eed6e3b78fc9a5e0d4661bcf5f1d,0x3209045c0209ab2ed46bc630e5f5c3adfbce3cfab2cfd45678ddb48f39463bd7,15.0
554,0xa30d8157911ef23c46c0eb71889efe6a648a41f7,1512712238,0xd850942ef8811f2a866692a623011bde52a462c1,0x667d96f23d30a0f39b1fd7d20f0cb16e582467914133025ae071b72dc00cea01,0.0
555,0xa30d8157911ef23c46c0eb71889efe6a648a41f7,1512712238,0xd10c7abc7dd0e2cc30a6eda9a2fc868cb244c8b9,0x335566a71fb42b49af0b0535cb54974ae91705752fbb7c06b7d16e6d48f4f200,100.0
556,0xa30d8157911ef23c46c0eb71889efe6a648a41f7,1512712238,0x86fa049857e0209aa7d9e616f7eb3b3b78ecfdb0,0x27331871c29dbc83a963d38bfafd0261c67d1b294b30e715d3ce9b27d89454b6,0.0
557,0xa30d8157911ef23c46c0eb71889efe6a648a41f7,1512712238,0xb6beeac557c5eed1a09dd381b43ba0641fdbcea1,0x82f8b4ed9059bbb98a627fe1189b3f23e108e095f89d70a21e8e539f35678ce9,1.0
558,0xa30d8157911ef23c46c0eb71889efe6a648a41f7,1512712238,0x86fa049857e0209aa7d9e616f7eb3b3b78ecfdb0,0x3fa69ee60ff27d6fde32574f3e3f6a83cb3df7675a624afdd26e9f45fb3d6d55,0.0
559,0xa30d8157911ef23c46c0eb71889efe6a648a41f7,1512712238,0x0f5d2fb29fb7d3cfee444a200298f468908cc942,0xec0343451a835c4169721cf8e0b0a82978981d9cd3d8f4db7562135733498c55,0.0
560,0xa30d8157911ef23c46c0eb71889efe6a648a41f7,1512712238,0x95a6b00bc4d32e865b6d952ad953eb1b04d4de10,0xc0d4c5e13200403f1f8bb0fe6508caa6f3c5fcdd0c77cadeefbaec531c057b2e,3.358
561,0xa30d8157911ef23c46c0eb71889efe6a648a41f7,1512712238,0x20d109ed051fc358f6f19b1e5ff8eb0a4c389563,0x4c4dc0cf1be6c218d63944474b2e339785df847cb09799b3c8d9ab9ba878052b,2.85
562,0xa30d8157911ef23c46c0eb71889efe6a648a41f7,1512712238,0x14d68aa1f295e38b0f553023731d75927e98ea88,0xb115e6929a872dba1431960eeebc99789d9be59314be54f2b53a6106a5ce8eff,20.0
563,0xa30d8157911ef23c46c0eb71889efe6a648a41f7,1512712238,0xcb38b7b94091a804fd81bf6913c9f75597f792a1,0x47104a70103ee9dd3560e6fe93ffa24b9cf016c6f724453caf0ead20c6a94902,10.0
564,0xa30d8157911ef23c46c0eb71889efe6a648a41f7,1512712238,0x86fa049857e0209aa7d9e616f7eb3b3b78ecfdb0,0xef120e5844f4208b802d0cb821cbf368cf8618fbc8e220c1f143db54856bedd7,0.0
565,0xa30d8157911ef23c46c0eb71889efe6a648a41f7,1512712238,0x266477d4c99a38dd7e33dc5b1cdc839383dd51be,0x003c7da9e0e2f588f5ea70ee47ed4e575da30fd6f4161b700d3f46aa91871b5f,9.99
566,0xa30d8157911ef23c46c0eb71889efe6a648a41f7,1512712238,0xc2ed3367888c22db6617821abff342264c56f7b7,0x8be78b898fea94e900d28708c211a47103fa958d66deede1446d548de01f7a3a,6.4
567,0xa30d8157911ef23c46c0eb71889efe6a648a41f7,1512712238,0x86fa049857e0209aa7d9e616f7eb3b3b78ecfdb0,0x43753c96df011b57669ae09fa26e9ce7ea558a39a176493cffc5786e9f381107,0.0
568,0xa30d8157911ef23c46c0eb71889efe6a648a41f7,1512712238,0x3152472115ddc967400197b71c6c06e3bcc05dfe,0xaa6fe3e9d967f7ca6f6b6e750c35a9901a4d99cb00e20dd94318bc31d8e36c01,3.2
569,0xa30d8157911ef23c46c0eb71889efe6a648a41f7,1512712238,0xa54c8c154ab7792846f9ce9139cb6a19a3fe4c5c,0x7cb15d79b6e8d469c2450f6270d380ef0d06ec0c2cb52d3c538b12a15000b1d0,14.0
570,0xa30d8157911ef23c46c0eb71889efe6a648a41f7,1512712238,0x86fa049857e0209aa7d9e616f7eb3b3b78ecfdb0,0x9443f4b805c5db6fc67170c3e7f189377668d65263c5742ddd30214d91131833,0.0
571,0xa30d8157911ef23c46c0eb71889efe6a648a41f7,1512712238,0x0f5d2fb29fb7d3cfee444a200298f468908cc942,0x316358ca2c89ddc927e8e042781674a404f4f99b8d5416006229ed98efa30806,0.0
572,0xa30d8157911ef23c46c0eb71889efe6a648a41f7,1512712238,0x86fa049857e0209aa7d9e616f7eb3b3b78ecfdb0,0x67b03519044ff23229c36b6232b2e2cd82a99d75cd10794bb52f012a2715d122,0.0
573,0xa30d8157911ef23c46c0eb71889efe6a648a41f7,1512712238,0x8dec37c0034bc3abbf4e204b27bef628eb7cc944,0xf935326b83c059feb33c19351d0ab22bef54e3bcb1522aa669d91900c7c7572e,5.5055
574,0xa30d8157911ef23c46c0eb71889efe6a648a41f7,1512712238,0x6dd3bafa2fc23c24187bc580963068c4f9ea8f50,0x748a8ab2270f9ef924fe4ecbccadaf29968f239f635a219f3a8694a7eabaa077,5.0
575,0xa30d8157911ef23c46c0eb71889efe6a648a41f7,1512712238,0x0f5d2fb29fb7d3cfee444a200298f468908cc942,0xa18d7203fa93d07de2bddc100e1bf5b4daad8dd43cf02fe826b27db923d05a9a,0.0
576,0xa30d8157911ef23c46c0eb71889efe6a648a41f7,1512712238,0x0b0e8459b7c0169566e7cd7e1454e9b429ef5817,0x48928e105c9d3113f4c3331b7baf1d3b1501495425031aa8ca3ecaf350c726ad,27.2
577,0xa30d8157911ef23c46c0eb71889efe6a648a41f7,1512712238,0x9ce3174dd071eaea70450835f2df8a2f9bb6162c,0x641e8ecb63c82df9b940d3d9f5414c1479b2e7cadcc60cc997ea5b8060f3fd60,5.431
578,0xa30d8157911ef23c46c0eb71889efe6a648a41f7,1512712238,0xbb1cac18a7c72960c68c2ab681230313648cf469,0x1064a3a7302584291c87c0dd2a1bfaab43fdac3eeee423d5ea2d650d3a81161d,3.0
579,0xa30d8157911ef23c46c0eb71889efe6a648a41f7,1512712238,0x410282b6e53c0d48007ace4874b6afa6754425f7,0x7cfdd6c68a2da5a51c6f6f5a40a1ba427dd1bb869505d2bb69fc0b5ece7776c2,16.8
580,0xa30d8157911ef23c46c0eb71889efe6a648a41f7,1512712238,0x3797dda43cb9d3eda55e6e887efb798947a9af2f,0x2406d2a3cee50f2be12e8ba6b44fa9d2e436b9d225128296bebd536c3c03417b,1.0
581,0xa30d8157911ef23c46c0eb71889efe6a648a41f7,1512712238,0x0f5d2fb29fb7d3cfee444a200298f468908cc942,0x9772c22958b22b18649e869d92e3b31b382fdd554395aba5b1f11beccd23dd93,0.0
582,0xa30d8157911ef23c46c0eb71889efe6a648a41f7,1512712238,0xe04cbd06e523aaadb5ebcb105d848ddb898ba969,0x6e3c4623cbed3f19734ee6c5878291839365e4b052d57f79d6e7ef4a60cb698d,7.16
583,0xa30d8157911ef23c46c0eb71889efe6a648a41f7,1512712238,0xb989f1041dcc6e3455bdcd5183909f3d578802ac,0xd24a36a2b707c3b8ae7c642195a9bdf3c99efa955054d4d0ab9290d78300860e,1.0
584,0xa30d8157911ef23c46c0eb71889efe6a648a41f7,1512712238,0xe6a6c2597361dd891e71ef9396bb413c16be6076,0x8f675405744b90dde94d9b187e8fa074137542ac09b09e9354eafd24c1babbab,2.0
585,0xa30d8157911ef23c46c0eb71889efe6a648a41f7,1512712238,0x0f5d2fb29fb7d3cfee444a200298f468908cc942,0xd1428a94ee605d64a5d76e0220d412827e6fdd5eef36e1368d736bd3d92ba7b8,0.0
586,0xa30d8157911ef23c46c0eb71889efe6a648a41f7,1512712238,0xcb97e65f07da24d46bcdd078ebebd7c6e6e3d750,0xbfbcefd3005dd6384b339050eee743ee14971725ea78be2eae7689bc46a17ac3,0.0
587,0xa30d8157911ef23c46c0eb71889efe6a648a41f7,1512712238,0xba7798d18ceec48083c34c2dedf910c17c63eb3a,0xe020a2612f26e10761c2773c005ea444551c44f698384e6210d6aad0ee0a4334,0.01
588,0xa30d8157911ef23c46c0eb71889efe6a648a41f7,1512712238,0xb9a87b5b9ebdae324588129bd6d56751443c6a62,0xe530c5baef5ee72060d33c5329aae38f8fe075da786cd77e5464f62795eef877,9.99
589,0xa30d8157911ef23c46c0eb71889efe6a648a41f7,1512712238,0x1bf8e2cb3fce06948db70b3c27c4abc5c00b6d3b,0xf91eae1dd06cd75cc56efe3a2952825421144b6f2a6fee8163c010a9993dfd6d,7.0
590,0xa30d8157911ef23c46c0eb71889efe6a648a41f7,1512712238,0x0f5d2fb29fb7d3cfee444a200298f468908cc942,0xa55fe693fe81051a4c4e23e90ad1a1ec3c735fa7a539dcc5c50e7e722989c3ac,0.0
591,0xa30d8157911ef23c46c0eb71889efe6a648a41f7,1512712238,0x86fa049857e0209aa7d9e616f7eb3b3b78ecfdb0,0x2bf5225bcb6f7f941c0515596508bf1c5eb60540a80740b932982c3fa20727a2,0.0
592,0xa30d8157911ef23c46c0eb71889efe6a648a41f7,1512712238,0x0f5d2fb29fb7d3cfee444a200298f468908cc942,0x7ab9cf74001eeb7912f5ce094bc7ea0a39ee9fd3b62af7b4bbca1e575cc1012e,0.0
593,0xa30d8157911ef23c46c0eb71889efe6a648a41f7,1512712249,0x3c472540c79b9dddd84334143a999418fb8c6141,0xc9fcaa9f55503d1e715d6f6b798eeb21f2310e4c7f25c237a616d56292f79aa3,15.5
594,0xa30d8157911ef23c46c0eb71889efe6a648a41f7,1512712249,0xb63b606ac810a52cca15e44bb630fd42d8d1d83d,0x1d324ff77a66ef04b754d2ae552c1721638ae34a13e94c9393595867c0f3381c,0.0
595,0xa30d8157911ef23c46c0eb71889efe6a648a41f7,1512712249,0x744d70fdbe2ba4cf95131626614a1763df805b9e,0x509dd5cbb536dd76b206d1a11993018367f40a09a31de9e53536f1d5d26e8a20,0.0
596,0xa30d8157911ef23c46c0eb71889efe6a648a41f7,1512712249,0x86fa049857e0209aa7d9e616f7eb3b3b78ecfdb0,0x36a359720cdc4f79ecedf50daf47366131b111581fa988023dfa5ed237d7b942,0.0
597,0xa30d8157911ef23c46c0eb71889efe6a648a41f7,1512712249,0xcb97e65f07da24d46bcdd078ebebd7c6e6e3d750,0x1afb291ee4613896167d17496ae0745d3bb301b991a6326fc63882bd11652ee0,0.0
598,0xa30d8157911ef23c46c0eb71889efe6a648a41f7,1512712249,0x0f5d2fb29fb7d3cfee444a200298f468908cc942,0x89cf0dc0c070aaf10ab3bec0150d732830d2d1bcfe7a8863dd374fc54fa47199,0.0
599,0xa30d8157911ef23c46c0eb71889efe6a648a41f7,1512712249,0x98c6ca4e2206064dfac27b0525fb4d260c474cb7,0xd5b4062f98761b05622c205d28da434c1c977d431a3956b6ac2bc726d2e247c6,3.3789999999999996
600,0xa30d8157911ef23c46c0eb71889efe6a648a41f7,1512712249,0x5481248d98034a0a221ef389d737c8d2be612ad7,0x87bf243e09c8a1498d3611b1bad2c82dfa7e8e059876bfce838d6db04c8b916f,5.0
601,0xa30d8157911ef23c46c0eb71889efe6a648a41f7,1512712249,0x86fa049857e0209aa7d9e616f7eb3b3b78ecfdb0,0xb021bd6fa94309027cb90ea6a87fbffc2f8f09818acb868ecb633dc8d4042a36,0.0
602,0xa30d8157911ef23c46c0eb71889efe6a648a41f7,1512712249,0x0fea2126f24934a237a1cda032d03101f93d7ab3,0xc958fd8cf2cb9fc38e0a119ed026ceae8e776afab194188e809f5996a608c66e,1.92
603,0xa30d8157911ef23c46c0eb71889efe6a648a41f7,1512712249,0x5dae5c3ca2019d5f2a4d0fd4334435bf32b5e4c2,0x94e3a363cc124d6ba926517708acbb5442caa15db9c511a510a67941e9575987,101.0
604,0xa30d8157911ef23c46c0eb71889efe6a648a41f7,1512712249,0x0f5d2fb29fb7d3cfee444a200298f468908cc942,0xbddaff9f4c11dc8e61f221cb58d075eeb47640c5a433555472b63b2557bc8f8a,0.0
605,0xa30d8157911ef23c46c0eb71889efe6a648a41f7,1512712249,0xaeef89716d989746b5e0eebceeab8a418ce26b7c,0xc5b6f0010d823133125a6ffafbbf995fff93bd43ebc6b0c4a90c61b93a9a5a7a,1.51
606,0xa30d8157911ef23c46c0eb71889efe6a648a41f7,1512712249,0xe0b7927c4af23765cb51314a0e0521a9645f0e2a,0xec8b7256e139fb506efa01ce360c149b11468ae2d329951f7f9ecae4e852b53f,0.0
607,0xa30d8157911ef23c46c0eb71889efe6a648a41f7,1512712249,0x86fa049857e0209aa7d9e616f7eb3b3b78ecfdb0,0x75f79d8f2b59d69a6a48d0a606155305dcc3f9c827f1ff3531edcd15570c15a5,0.0
608,0xa30d8157911ef23c46c0eb71889efe6a648a41f7,1512712249,0x0f5d2fb29fb7d3cfee444a200298f468908cc942,0x3663ef94b9a2b0cf7815ef8896d28ec435f3c71d652d40b1305f95a0ce360f6d,0.0
609,0xa30d8157911ef23c46c0eb71889efe6a648a41f7,1512712249,0x86fa049857e0209aa7d9e616f7eb3b3b78ecfdb0,0xeff90969501098c74fe624beb865a01470754405f35649096001fe36f19c4b78,0.0
610,0xa30d8157911ef23c46c0eb71889efe6a648a41f7,1512712249,0x2059d93185e33285ad47ced1e78e91d8364fb2d5,0x440038290c7eb3a32229991d60707ecb9b7cc4cedae9cf253b762a06fb10816b,30.45
611,0xa30d8157911ef23c46c0eb71889efe6a648a41f7,1512712249,0xf7920b0768ecb20a123fac32311d07d193381d6f,0xffc35a58d1f77286ac0a14a2b3bf3f9792af89009d872ec3293957ba9ad54e35,0.0
612,0xa30d8157911ef23c46c0eb71889efe6a648a41f7,1512712249,0x86fa049857e0209aa7d9e616f7eb3b3b78ecfdb0,0xce22aee4eeb7159ad07a39682cffbb039db735b4961fd98ec5ee893a26d38481,0.0
613,0xa30d8157911ef23c46c0eb71889efe6a648a41f7,1512712249,0x64adc5e1cc14da4a79ee90a0643d58b20f842bf0,0xb230dbfbe643999423d4b8f29c56661da6a00387861f5749298ebb00e9f5165e,22.9
614,0xa30d8157911ef23c46c0eb71889efe6a648a41f7,1512712249,0x32c175f8dd4a842391f33e17a31867db48541f46,0xb4ff375afdd7992c246575a4f042b70cc9c307d485dddd7c88d8495e661046c8,16.293084099999998
615,0xa30d8157911ef23c46c0eb71889efe6a648a41f7,1512712249,0x177d39ac676ed1c67a2b268ad7f1e58826e5b0af,0x6ed7445f5c20f57a442e31c32b675373eb40b87e84f3d8885ab989acfae2a972,0.0
616,0xa30d8157911ef23c46c0eb71889efe6a648a41f7,1512712249,0x744d70fdbe2ba4cf95131626614a1763df805b9e,0x79e1b86a3b8d37d277e86bbb38c06af5a2a17c52f7a814a6232928e17cfc32dc,0.0
617,0xa30d8157911ef23c46c0eb71889efe6a648a41f7,1512712249,0x86fa049857e0209aa7d9e616f7eb3b3b78ecfdb0,0x2453c205d3ba39dc64df12f4bc3aac8d8550b45b796c250515b872a609d67929,0.0
618,0xa30d8157911ef23c46c0eb71889efe6a648a41f7,1512712249,0x1aee6fae4777ea97e70534d12be3dcf67ed070cf,0x5e9e8d6b0f7f021bb8cf7275ae9975d0ca6bc39b05a0187ccb52b5fe0c1e9b00,50.0
619,0xa30d8157911ef23c46c0eb71889efe6a648a41f7,1512712249,0x86fa049857e0209aa7d9e616f7eb3b3b78ecfdb0,0xacc8a8e76430caec008d12c8a647f207e0bb167a5569681f027c649277756a01,0.0
620,0xa30d8157911ef23c46c0eb71889efe6a648a41f7,1512712249,0x4290563c2d7c255b5eec87f2d3bd10389f991d68,0xdd5e52e6be4bc0988edc97f2a8815288b94e0aa250ffb59dda05d9d359da5aca,0.0
621,0xa30d8157911ef23c46c0eb71889efe6a648a41f7,1512712249,0x86fa049857e0209aa7d9e616f7eb3b3b78ecfdb0,0xac7404ac4e966b6b5fd4dd92dc8c3e2a1a517276dc20960699046b569166152a,0.0
622,0xa30d8157911ef23c46c0eb71889efe6a648a41f7,1512712249,0xa8bf6a5596c5c90d06cca79dfe3cb810774b8b98,0x1dab5c2e0adc4cce8cdb59e080fd4ac11e41252ac4355598442ac503ec96f8bb,16.0
623,0xa30d8157911ef23c46c0eb71889efe6a648a41f7,1512712249,0xcb97e65f07da24d46bcdd078ebebd7c6e6e3d750,0xd81bdbce787ffa0d63b383f0be3bf2af2ba7364f69333aea31c35c3b368aba47,0.0
624,0xa30d8157911ef23c46c0eb71889efe6a648a41f7,1512712249,0xa05225eae1b2d0af6b0ed645c2ba7176764c0c62,0x1be499f97266d341c1f031b28c815d7f453e5d634929bd277d1e242269ad4819,52.0
625,0xa30d8157911ef23c46c0eb71889efe6a648a41f7,1512712249,0x41e5560054824ea6b0732e656e3ad64e20e94e45,0xd3dc2519a5598075dfb64e4fe74ff834840bf30284238a00e9e514372b90be8b,0.0
626,0xa30d8157911ef23c46c0eb71889efe6a648a41f7,1512712249,0xfc7edcbd4ea1c47f205d6138c042add363246a2f,0x402d2f32e23e986a71c59b629c7c9f10aab2e059e62376991e3a6fd44b12da1d,7.6
627,0xa30d8157911ef23c46c0eb71889efe6a648a41f7,1512712249,0x72cfa33238c61053816b678b9f389bf9d96facdd,0x1c6a71c79b0ed62782203e62ab24a0b38c6662377f171b00d42fc5e1fd9b3d00,46.433
628,0xa30d8157911ef23c46c0eb71889efe6a648a41f7,1512712249,0x5cb0c95fb327dd688f47c2f2465995b832c3375b,0x9c830f1be9299d6f53dccaec7d6a823ba6e4681069e20007697566d1ff157633,1.0
629,0xa30d8157911ef23c46c0eb71889efe6a648a41f7,1512712249,0x94393e0d05f0d60255e6a2a4626d539b536c5665,0x57ebf60e48e86d19a01581d860e8631279317e5ec6eff586fa61f0814fa07d99,40.7
630,0xa30d8157911ef23c46c0eb71889efe6a648a41f7,1512712249,0x6fc805d8d3aa8c98985596a6446a63f2573da824,0x3e34a55a33f7a4f4be7f989f5a2b76a9be03d93b93971ee2b5f4e171e7779b35,8.86
631,0xa30d8157911ef23c46c0eb71889efe6a648a41f7,1512712262,0x0f5d2fb29fb7d3cfee444a200298f468908cc942,0x58b56590da3bf7cbdc07ce0418e0ea8b924b23ae2eb79fc6046c4b45f38dc878,0.0
632,0xa30d8157911ef23c46c0eb71889efe6a648a41f7,1512712377,0x86fa049857e0209aa7d9e616f7eb3b3b78ecfdb0,0xd82e4e09511d98bdcb1d743fa8a80711a96084be33341af214df2f5755c78b95,0.0
633,0xa30d8157911ef23c46c0eb71889efe6a648a41f7,1512712430,0x2740967adc9c30ab4331f3da5939b8b764e536a8,0x2b385319d0642e941f347007faebee2097da0d4464cfa0ea2eacbad9ea405618,3.0
634,0xa30d8157911ef23c46c0eb71889efe6a648a41f7,1512712437,0x7e4a3d5bf4d177df6c701723d323d70a36a8b26a,0xa24f154cba1e3f8ac78c3c282b6be2e01c12106aec7b99ca107bc60abdfb4994,99.8
635,0xa30d8157911ef23c46c0eb71889efe6a648a41f7,1512712442,0xd850942ef8811f2a866692a623011bde52a462c1,0x188f4a00b9d79248e416935af2a974934bd1c3d303fd74178deae99c4aaf328e,0.0
636,0xa30d8157911ef23c46c0eb71889efe6a648a41f7,1512712442,0x744d70fdbe2ba4cf95131626614a1763df805b9e,0x7a624551175e0613a7df3812134b0af8618ce5b3c72b4bd85bfdc8d809034b7c,0.0
637,0xa30d8157911ef23c46c0eb71889efe6a648a41f7,1512712442,0x86fa049857e0209aa7d9e616f7eb3b3b78ecfdb0,0x5ed94958cf3c2bcd344ca47c0cee9efe01191d6a326a85270eef8b81425d93b8,0.0
638,0xa30d8157911ef23c46c0eb71889efe6a648a41f7,1512712442,0xe0b7927c4af23765cb51314a0e0521a9645f0e2a,0xcad35d705981f31cd22b1efa195e211f19689530e078888710f45daa898858d1,0.0
639,0xa30d8157911ef23c46c0eb71889efe6a648a41f7,1512712457,0x5ca9a71b1d01849c0a95490cc00559717fcf0d1d,0x47099163f3a44ebcb94e6fb30081e847e2ff38ff8fdc0e48f9ecb82c8033556a,0.0
640,0xa30d8157911ef23c46c0eb71889efe6a648a41f7,1512712457,0x86fa049857e0209aa7d9e616f7eb3b3b78ecfdb0,0x0f3fdf1c451f69d620ab6286683f7ab20ab739d530e41cb1e2b54373472866a2,0.0
641,0xa30d8157911ef23c46c0eb71889efe6a648a41f7,1512712457,0xd1e6d2fcd6abcbed06a1db851d2c824662c3d737,0x425039c5e19425302eac96f3bda7674d5f68e8becaf7bbcabd47bbdaa27a6d8f,11.03
642,0xa30d8157911ef23c46c0eb71889efe6a648a41f7,1512712457,0x266477d4c99a38dd7e33dc5b1cdc839383dd51be,0x7fb68ecf0aff7503a56467ba766c06ac30206a305e02128739e3e3934e8eeaf0,19.0
643,0xa30d8157911ef23c46c0eb71889efe6a648a41f7,1512712457,0x101f0d604623783a9194e4a03e149c83bd94ed9c,0x377772b0fcb3d5e9eacf3c99efe1d7c1da7b82d70e4129c5eeaecac25aa65387,2.2
644,0xa30d8157911ef23c46c0eb71889efe6a648a41f7,1512712457,0x86fa049857e0209aa7d9e616f7eb3b3b78ecfdb0,0xa476eebaee6e7492b63e5cce47b488e94b4b22ce364677b335b7baf345fb9ce3,0.0
645,0xa30d8157911ef23c46c0eb71889efe6a648a41f7,1512712457,0x86fa049857e0209aa7d9e616f7eb3b3b78ecfdb0,0x67b40a1f0ba873b00e94c341ce3ce747b18289277112ad9ef78c993e1cedd72e,0.0
646,0xa30d8157911ef23c46c0eb71889efe6a648a41f7,1512712457,0xa017606da40dfaa081e4504d35b3df56548623ce,0x242b468fe101f1a1ed44e37863a5e7ba46f8d7e7ad3a59e0871c526912fabc43,30.91568603
647,0xa30d8157911ef23c46c0eb71889efe6a648a41f7,1512712457,0xcb97e65f07da24d46bcdd078ebebd7c6e6e3d750,0x9fc11a259f5fa8bb3cfe6a0c53ebeb15614a9bc645ab2f4247b624552a3560ee,0.0
648,0xa30d8157911ef23c46c0eb71889efe6a648a41f7,1512712457,0xaf30d2a7e90d7dc361c8c4585e9bb7d2f6f15bc7,0x0bce55aafc40102cdb20214ff51100a75ec01ac70efc71a950604caa04ee69f9,0.0
649,0xa30d8157911ef23c46c0eb71889efe6a648a41f7,1512712457,0x6f2eddd371a4534184a182ab3c835e584ae5b2a9,0x46cb24d6896698862418c7e8c5435226a1406fcd0cadf74306f76f4cd12a6ae6,5.0
650,0xa30d8157911ef23c46c0eb71889efe6a648a41f7,1512712457,0x532d281a1f8184c7b6ed82fef428380d8290bb1c,0x750ebd913a37a4f4ce820dcb8967ebd846ec47bbaba828773cd5c8b4ae431072,3.0
651,0xa30d8157911ef23c46c0eb71889efe6a648a41f7,1512712457,0xf7920b0768ecb20a123fac32311d07d193381d6f,0x4412f55676e50d64a260ff410e1616ab0f1ef2432f681a2804c00c66abb28397,0.0
652,0xa30d8157911ef23c46c0eb71889efe6a648a41f7,1512712457,0xd3c6bccfe9007ce7ef71526f62b526ca8f5e83f9,0x168287e3bb17a694ddd070670741c180a8c87ca38ce3a8e24cd1f8b154fc7c5c,10.7
653,0xa30d8157911ef23c46c0eb71889efe6a648a41f7,1512712457,0x86fa049857e0209aa7d9e616f7eb3b3b78ecfdb0,0x30bb29311bafb2400f61590b8473b0a5d8b87e485c4cd0cb0ae88e7e2bf859e5,0.0
654,0xa30d8157911ef23c46c0eb71889efe6a648a41f7,1512712457,0x86fa049857e0209aa7d9e616f7eb3b3b78ecfdb0,0x15ac4caa5417949119f0adeb2130b77ea89bbdd5f132a71c5908e59f4def8e48,0.0
655,0xa30d8157911ef23c46c0eb71889efe6a648a41f7,1512712457,0x2c292a69f311ee490ec5960f9edbb68fd28854a9,0xd2f0e37d638775898f4addb9de0c164c2867413a3aa080db173317887cd3856e,2.0
656,0xa30d8157911ef23c46c0eb71889efe6a648a41f7,1512712457,0xe1cd3198a33781b5f7bf32e5bacc47e6346eb995,0x9a9dec20bff56a894531c49f0f93802bc160f715fb45c4a005118af7f4d6d7d7,50.0
657,0xa30d8157911ef23c46c0eb71889efe6a648a41f7,1512712457,0xf7920b0768ecb20a123fac32311d07d193381d6f,0xb726dfbaf6abd13d913ab5bf688145dbf14a2260cff6f6ebdbbc9f1ce975b784,0.0
658,0xa30d8157911ef23c46c0eb71889efe6a648a41f7,1512712491,0x86fa049857e0209aa7d9e616f7eb3b3b78ecfdb0,0x089ab3f2d1f4a8d0c8724cea763cc3186929bf6b115972d844d1aa638464529b,0.0
659,0xa30d8157911ef23c46c0eb71889efe6a648a41f7,1512712535,0x86fa049857e0209aa7d9e616f7eb3b3b78ecfdb0,0x89ae2d247c06be1bf8484d55fadb5baa5c649f9d24981859a1d8380368042109,0.0
660,0xa30d8157911ef23c46c0eb71889efe6a648a41f7,1512712553,0xcb97e65f07da24d46bcdd078ebebd7c6e6e3d750,0x3fcd5f944ae9fba0924c3e3fe009fdcf2e722f73f6a71ee4875db7e38ea3d7b8,0.0
661,0xa30d8157911ef23c46c0eb71889efe6a648a41f7,1512712553,0xa05225eae1b2d0af6b0ed645c2ba7176764c0c62,0x7fed66959d065a63317db017b0b6070b58726dddef24f1b9d1dc87bcf81654f8,41.0
662,0xa30d8157911ef23c46c0eb71889efe6a648a41f7,1512712553,0x86fa049857e0209aa7d9e616f7eb3b3b78ecfdb0,0xa417e113ff84599570680fad8309f41b8e988add0a7688e467090eeaca5564e3,0.0
663,0xa30d8157911ef23c46c0eb71889efe6a648a41f7,1512712553,0x86fa049857e0209aa7d9e616f7eb3b3b78ecfdb0,0xedf19edcd172075d09ca41bdae2aac259968a323b75d30e3064d1c6e98ebd506,0.0
664,0xa30d8157911ef23c46c0eb71889efe6a648a41f7,1512712553,0xd850942ef8811f2a866692a623011bde52a462c1,0xc87eb85b0886f7591e7a446e84e9caf7e18f9256de285781c2bdff55912bcea2,0.0
665,0xa30d8157911ef23c46c0eb71889efe6a648a41f7,1512712553,0x744d70fdbe2ba4cf95131626614a1763df805b9e,0x6249934c91f98ac892c0887c1cbb701791020dcf1ea8f056081a664e7fa0ded0,0.0
666,0xa30d8157911ef23c46c0eb71889efe6a648a41f7,1512712553,0x2059d93185e33285ad47ced1e78e91d8364fb2d5,0x9075b450cd47f70f803c4d379d30d25bfda55a521c85b025883734db35938fc9,10.15
667,0xa30d8157911ef23c46c0eb71889efe6a648a41f7,1512712553,0x86fa049857e0209aa7d9e616f7eb3b3b78ecfdb0,0x2b9002a75e6af628c70976302cf16878af302600042fdea071e759dff2d09403,0.0
668,0xa30d8157911ef23c46c0eb71889efe6a648a41f7,1512712553,0xaf30d2a7e90d7dc361c8c4585e9bb7d2f6f15bc7,0x15a071e2b807606b0704a1de7195809ca3f4eb8590cb2f60f4d9527e4681f40c,0.0
669,0xa30d8157911ef23c46c0eb71889efe6a648a41f7,1512712553,0x86fa049857e0209aa7d9e616f7eb3b3b78ecfdb0,0x9b8bf65f55a8693b03345391e349854f3504affa42d287950683a793ba9e1d34,0.0
670,0xa30d8157911ef23c46c0eb71889efe6a648a41f7,1512712553,0x86fa049857e0209aa7d9e616f7eb3b3b78ecfdb0,0x8429fb0336c99a233c5b0875999eb849d5bdceeb8085ef207d40534047959509,0.0
671,0xa30d8157911ef23c46c0eb71889efe6a648a41f7,1512712553,0x86fa049857e0209aa7d9e616f7eb3b3b78ecfdb0,0x8121ed1bb0f66b394b7137e2c7fc1d2d7d8383a5fdae997796f13d577ac11c89,0.0
672,0xa30d8157911ef23c46c0eb71889efe6a648a41f7,1512712553,0x86fa049857e0209aa7d9e616f7eb3b3b78ecfdb0,0x08c075073762a3f6fae7a07b90a806afc12847ec99e60bf09501cffbd4efa974,0.0
673,0xa30d8157911ef23c46c0eb71889efe6a648a41f7,1512712553,0x86fa049857e0209aa7d9e616f7eb3b3b78ecfdb0,0x2f50dea8827d23cde7678a557c5ff81c8333e01a635833e791f99dc5cb8a802b,0.0
674,0xa30d8157911ef23c46c0eb71889efe6a648a41f7,1512712553,0xf90568002bd80823080e2413a4dcfba8c4ff480c,0x49b5b50b1f461fa483c1b1f0b51c67f270d62874177d284bbed4d3924657b375,69.679
675,0xa30d8157911ef23c46c0eb71889efe6a648a41f7,1512712553,0x86fa049857e0209aa7d9e616f7eb3b3b78ecfdb0,0x928eb657f082308612b9761533766c70713ddbc7684485c9f972574ea436a922,0.0
676,0xa30d8157911ef23c46c0eb71889efe6a648a41f7,1512712553,0x0f5d2fb29fb7d3cfee444a200298f468908cc942,0x40cf2ed05de921bd588725a6e935c36406543e8bd416fb31038221f31e3f612c,0.0
677,0xa30d8157911ef23c46c0eb71889efe6a648a41f7,1512712553,0xd26114cd6ee289accf82350c8d8487fedb8a0c07,0x5ea9a9580244818a236c0eca3483e5c2ffd67dde82b1da4d572ce7e8c8d287fd,0.0
678,0xa30d8157911ef23c46c0eb71889efe6a648a41f7,1512712553,0x86fa049857e0209aa7d9e616f7eb3b3b78ecfdb0,0xcec9d2b614c7d2c4051a5c993d72d2e0a144b7291d1db7887488e135f89e7a5c,0.0
679,0xa30d8157911ef23c46c0eb71889efe6a648a41f7,1512712553,0x1082909b7086094c34b93bcff14535f434f11919,0xec053be70e2b982fbede8fc0f7ba6656e7feb080d18db0d05c6af91567280507,0.7
680,0xa30d8157911ef23c46c0eb71889efe6a648a41f7,1512712553,0x86fa049857e0209aa7d9e616f7eb3b3b78ecfdb0,0x9587c88d6f650e035e5c64d567eacc1aa7e21241b34dc20ee3564e5ce4a53815,0.0
681,0xa30d8157911ef23c46c0eb71889efe6a648a41f7,1512712553,0x4fb34e3bdf2728dd4834c28c2a3f233b43809c90,0x389efbaa48ffdfa7d4590a99ed36afa708f54cc95264c1792c3946421a4cec28,29.98
682,0xa30d8157911ef23c46c0eb71889efe6a648a41f7,1512712553,0xcb97e65f07da24d46bcdd078ebebd7c6e6e3d750,0xf14394a3aae128c3203705b24e7d9d598e8366f8bc027c646f8f9507453046d5,0.0
683,0xa30d8157911ef23c46c0eb71889efe6a648a41f7,1512712553,0x86fa049857e0209aa7d9e616f7eb3b3b78ecfdb0,0x38f101620cc44c2969cc6cd88ffdfafc9f3d2284651bec7c0b0d1bacd1377fbd,0.0
684,0xa30d8157911ef23c46c0eb71889efe6a648a41f7,1512712553,0x0f5d2fb29fb7d3cfee444a200298f468908cc942,0x171d8493793016bea00ff304c139c1ac8865cc41d01748650c2812cfa5fc34b8,0.0
685,0xa30d8157911ef23c46c0eb71889efe6a648a41f7,1512712553,0x86fa049857e0209aa7d9e616f7eb3b3b78ecfdb0,0xe92600907d804029436237873bab32c2de88af40803aca5fffc7303abf8e7546,0.0
686,0xa30d8157911ef23c46c0eb71889efe6a648a41f7,1512712553,0x86fa049857e0209aa7d9e616f7eb3b3b78ecfdb0,0x64edcb0171552c3d1d9fa4a5dd1095cdfa686bf037902108280dbc92d9549503,0.0
687,0xa30d8157911ef23c46c0eb71889efe6a648a41f7,1512712553,0x0f5d2fb29fb7d3cfee444a200298f468908cc942,0x98730adfe0e0ab1955a96a45787956a7bfe57b2fc98d80027dde0a0599ea9a17,0.0
688,0xa30d8157911ef23c46c0eb71889efe6a648a41f7,1512712553,0x43e80db38f145fd87097850b281bc7e0a889f276,0xf052f77848a55b17acf58ac28033d924a53df93983f5d333a4cb3d090723133b,5.6
689,0xa30d8157911ef23c46c0eb71889efe6a648a41f7,1512712553,0xb6275acefd4d2a7d01a74b1c286ee0e250be5274,0x2b5cedbadbcef0ddaf63e18885c848c94e733d2ff3a143e26a98ea43fc7a3039,2.01
690,0xa30d8157911ef23c46c0eb71889efe6a648a41f7,1512712553,0x7d0dfd44c3baccdd8da6eec76a5c17204c44daa6,0x1bf75f92086b8caa1b4b7298942c7a045e64702b64308ecba9325d1e0eb3f776,11.0
691,0xa30d8157911ef23c46c0eb71889efe6a648a41f7,1512712553,0x86fa049857e0209aa7d9e616f7eb3b3b78ecfdb0,0x9fbd24c1312cfe89fc6a1f9989edbd730ac36bf77746164e13a5f5d0ce712ece,0.0
692,0xa30d8157911ef23c46c0eb71889efe6a648a41f7,1512712553,0xdc804a5991fce9cb0d7e5c36ae144fa805f1c0f4,0xb73fe6be732d07bce0602a677ff0e56daecf2560e1fae9455f55cfac5d118b50,55.4
693,0xa30d8157911ef23c46c0eb71889efe6a648a41f7,1512712553,0x177d39ac676ed1c67a2b268ad7f1e58826e5b0af,0x1afff4305fd34c30aec8428789d60f1e66c89f91488021d85eaebf05517ff97f,0.0
694,0xa30d8157911ef23c46c0eb71889efe6a648a41f7,1512712553,0xb97048628db6b661d4c2aa833e95dbe1a905b280,0x3ee8c42b5b35768e3aa1da6bc9892fc1f146aac4ce9c41b32a910eb60104e754,0.0
695,0xa30d8157911ef23c46c0eb71889efe6a648a41f7,1512712553,0x86fa049857e0209aa7d9e616f7eb3b3b78ecfdb0,0xe3b7894e4f41678396a981db6b7b244726f88f00069a447276c32df90fc84fe2,0.0
696,0xa30d8157911ef23c46c0eb71889efe6a648a41f7,1512712553,0x49af2b17689f852470804de3350e3e34157e70b1,0xc5bb45f3e10a36ad34dc6e8c7e806a288c31e8790199f930b3b77b909f5fbdba,4.49
697,0xa30d8157911ef23c46c0eb71889efe6a648a41f7,1512712553,0xb1dc0a87842f0875f93ef9d6f488da41b6520f4c,0x35896f05647228fd6f8dd46e815d39fee73b2bef4c9094976baf5f41baae6e39,50.0
698,0xa30d8157911ef23c46c0eb71889efe6a648a41f7,1512712553,0x86fa049857e0209aa7d9e616f7eb3b3b78ecfdb0,0x6a6ad07e8eb46eb71e636a2d60ec200c506d58d37dc5e04ac2dd8e2a08452a17,0.0
699,0xa30d8157911ef23c46c0eb71889efe6a648a41f7,1512712553,0x86fa049857e0209aa7d9e616f7eb3b3b78ecfdb0,0x297e6e6ed175bb72deb51c0b5c1ddfa4110469ad6ca435874ea42b8bc7f47b8c,0.0
700,0xa30d8157911ef23c46c0eb71889efe6a648a41f7,1512712553,0xeb6d0ff4ec09a26250acecf49151217ea7994189,0x62cd74cefecafd0c0d6400dbcfd66c1930ee8bc84167e0e569d39986763569f5,0.1409
701,0xa30d8157911ef23c46c0eb71889efe6a648a41f7,1512712553,0x5dae5c3ca2019d5f2a4d0fd4334435bf32b5e4c2,0x2db2ed922670836066b7e3cfa5bb202a217d098fc489f7fe20896511429c6b7f,21.5
702,0xa30d8157911ef23c46c0eb71889efe6a648a41f7,1512712553,0x86fa049857e0209aa7d9e616f7eb3b3b78ecfdb0,0x92da15a703818029777bc579196a3007ed616604a174af57526eda1ab2fb50cf,0.0
703,0xa30d8157911ef23c46c0eb71889efe6a648a41f7,1512712553,0x6049dc970e3622b94a43f5951ca35c2d8cfb8ee0,0x52d040f355aa7872a281ebe8b1188df823fa5a3f6ee93d39aba870eba3008b83,29.98
704,0xa30d8157911ef23c46c0eb71889efe6a648a41f7,1512712553,0xd72bf954cf35f0f95e3a2184471ac0056b194126,0xb831deb1b5cae6a1d7b211b6142e518990209d71291a4dfa464f258efaafdceb,10.5
705,0xa30d8157911ef23c46c0eb71889efe6a648a41f7,1512712553,0xcb97e65f07da24d46bcdd078ebebd7c6e6e3d750,0xadf14accd81ef7e353508505b51f2f07142290e24dfb3273fb78a046fb39afd0,0.0
706,0xa30d8157911ef23c46c0eb71889efe6a648a41f7,1512712553,0x8b85e69cc0d39dd260563624cb98a83cd1faba37,0x4e12c6a4892db54377044478c543c6eb5cc6d63320fa6d0436d8e9f2d1da0a89,3.9247
707,0xa30d8157911ef23c46c0eb71889efe6a648a41f7,1512712553,0x86fa049857e0209aa7d9e616f7eb3b3b78ecfdb0,0xdbba57117a6cfb9437786bdf69c986132f0ac39224162c0af03a2e67a07ccb2f,0.0
708,0xa30d8157911ef23c46c0eb71889efe6a648a41f7,1512712553,0xb18073097e702650e105605de83eade581862436,0x6147f255ec576f353f67509cafab2fba2577adfd0dbc90d5b9b6c4e0d49734b8,0.97
709,0xa30d8157911ef23c46c0eb71889efe6a648a41f7,1512712553,0x108ba8a06b3a045750f5408245c4466df69400d2,0xad643f7b6d581457e5beed77ca40815a3832b4b29d9d3f1db295179b7a403780,99.99
710,0xa30d8157911ef23c46c0eb71889efe6a648a41f7,1512712553,0xa43547d64f7d5ad6d9ba53b7ca86ec751933d1ad,0xa5e7f8476c6427bae754ba7f00c72543a913feb35e5377dba949b0e54b8998a8,2.4
711,0xa30d8157911ef23c46c0eb71889efe6a648a41f7,1512712553,0x86fa049857e0209aa7d9e616f7eb3b3b78ecfdb0,0x4686208327452c0a09e3dd16edef7d01822c60c34773fdcd0082df3a37766cff,0.0
712,0xa30d8157911ef23c46c0eb71889efe6a648a41f7,1512712553,0xb2b56abc53ceee92a72c002532eeff94785a1542,0x50aa28567ce588562ef5991aba8462f2b80f319dec33be67228bd64339ff7fbf,1.8530000000000002
713,0xa30d8157911ef23c46c0eb71889efe6a648a41f7,1512712553,0x46115cae1f507698f80a6dfbb8b9886a990a0b04,0x395fadeec27b238db9d5d2fefce260137c66bbf952dc4f4d49aa1b05f90dd422,3.11
714,0xa30d8157911ef23c46c0eb71889efe6a648a41f7,1512712553,0x0f5d2fb29fb7d3cfee444a200298f468908cc942,0xe5aecd5a3903405f3f8bff4d8c609bc22c374ef8383659df0f9a61f6d315afad,0.0
715,0xa30d8157911ef23c46c0eb71889efe6a648a41f7,1512712553,0x4290563c2d7c255b5eec87f2d3bd10389f991d68,0x678ad9270aa9a9bf2db510bee969c184374020ef2975c212b78a8c03afa817c6,0.0
716,0xa30d8157911ef23c46c0eb71889efe6a648a41f7,1512712553,0xfb1fd18d1a0597d023952272ab76a280632b4e70,0xb60df46cf5fd4d70bca4aeaf7bc199e59b8c20c171d9f70a9ddc53bc232c4ce4,5.0
717,0xa30d8157911ef23c46c0eb71889efe6a648a41f7,1512712553,0x0f5d2fb29fb7d3cfee444a200298f468908cc942,0xf07e00b34e53c547f29aa838fc18545e08301ff2d42bf9d807d7f48df06a0084,0.0
718,0xa30d8157911ef23c46c0eb71889efe6a648a41f7,1512712553,0x4d1879e6f1c38c6388fff007c9d59b57505d9721,0xb7aa21d09cc2df24a3e72e5bd4a13faec86b3bbc40c14eadc5a595b3e3fdab5e,0.1
719,0xa30d8157911ef23c46c0eb71889efe6a648a41f7,1512712553,0x53a433fe0b71e86d6de4218c28e7d01cc5c469c5,0xdfa552bd9003fd7d245aa13502fbb1b7b711a9d22beddd7a6ec5a4439fe4bbf5,51.8521
720,0xa30d8157911ef23c46c0eb71889efe6a648a41f7,1512712553,0x86fa049857e0209aa7d9e616f7eb3b3b78ecfdb0,0x8320bc9433db7ac62ab60d8000856efb71db1b0dc8340ca3aa6b7e6c968979ea,0.0
721,0xa30d8157911ef23c46c0eb71889efe6a648a41f7,1512712553,0x341e52f36b6e523fa469868f1feb6ac519677422,0xefdf2877822b38e05ceac76e5e1b08e8375b815304b2f766f315b32794c37b37,38.06
722,0xa30d8157911ef23c46c0eb71889efe6a648a41f7,1512712553,0x86fa049857e0209aa7d9e616f7eb3b3b78ecfdb0,0x5ab408b58cc527cd33d2c48dc92c675baa842eed55f379d3afa7c102e616c5ee,0.0
723,0xa30d8157911ef23c46c0eb71889efe6a648a41f7,1512712553,0x86fa049857e0209aa7d9e616f7eb3b3b78ecfdb0,0x30ced2a7307e616fb08df29543dbeff2b1b382c93f3c7cc1a9ec242dad084702,0.0
724,0xa30d8157911ef23c46c0eb71889efe6a648a41f7,1512712553,0xcb97e65f07da24d46bcdd078ebebd7c6e6e3d750,0x157f8fa8e3255b067590dd789d484782d181dab308e6673ac7f68e95454485fa,0.0
725,0xa30d8157911ef23c46c0eb71889efe6a648a41f7,1512712553,0x55b2995a87e85c48fa99e8597bf42748cc731e74,0x6a9e5efbc7a9ba718597ca3eac419d58506336437810038ab6c6f8c511604136,0.99
726,0xa30d8157911ef23c46c0eb71889efe6a648a41f7,1512712620,0x89a393899e12e9e249263fb450f5a96f9948d54a,0x0588c302f67125f273c4da6df2d08ee4b47cb4f6045bcfb6aa46f8577dc8ce35,11.0
727,0xa30d8157911ef23c46c0eb71889efe6a648a41f7,1512712663,0xcb97e65f07da24d46bcdd078ebebd7c6e6e3d750,0x55d0942b78668d989d0e68af58b4734e2ab22740596bba20161aec32218ea0c9,0.0
728,0xa30d8157911ef23c46c0eb71889efe6a648a41f7,1512712676,0xfc6dee04339ba07f7ee4e7a6729f0fdddc2b7b1c,0x7356682772b3207774ad8a6c39b71ad00212d56f17dcf54c66ff734119af1893,92.05
729,0xa30d8157911ef23c46c0eb71889efe6a648a41f7,1512712750,0xf7920b0768ecb20a123fac32311d07d193381d6f,0xf0aa6e974411f686307b646b76ed4fdb42b167f7b984a55ab5897aa89fe42904,0.0
730,0xa30d8157911ef23c46c0eb71889efe6a648a41f7,1512712793,0xcb97e65f07da24d46bcdd078ebebd7c6e6e3d750,0x26b1c518d8db41d9f5a978dcc65f11a123b67ecc432808807479da5dba589f86,0.0
731,0xa30d8157911ef23c46c0eb71889efe6a648a41f7,1512712876,0x86e83f955557074a947ae2df71820d75653c0b27,0xedd9caf36a263c01baeba8d2ed56ab00a83bd4790bebda41d0cd90a612991ac1,9.98
732,0xa30d8157911ef23c46c0eb71889efe6a648a41f7,1512713038,0x86fa049857e0209aa7d9e616f7eb3b3b78ecfdb0,0xee78a1c195ac5420ff5acb09cce1d2044bd2c51049e3b80a3cbaeccb601f3d53,0.0
733,0xa30d8157911ef23c46c0eb71889efe6a648a41f7,1512713082,0xf7920b0768ecb20a123fac32311d07d193381d6f,0xc3a89ee5f1d2760f374126b0f7d5e9ebc532cb255cf1a88cb4b013573ebd4045,0.0
734,0xa30d8157911ef23c46c0eb71889efe6a648a41f7,1512713199,0x57faa642c01109eed16dda4d42475d3aeccd9b96,0x01f11a32e7ff949dc171e1ba5e209eb246c033aaf5f706e5c57b26415023c3b7,0.01
735,0xa30d8157911ef23c46c0eb71889efe6a648a41f7,1512713240,0x130cef7dbbbce82b2b005e55fca63670719788ee,0xb3a7ec4aea51ed23b347376d9dc0b4b2495947b0ce7cc5def9123e7df5d75137,0.06
736,0xa30d8157911ef23c46c0eb71889efe6a648a41f7,1512713517,0x1d429bdbfc312e7b0e6987db34f40f6df6541748,0x12618643816fad6a90d743ebe88d3568061629646bf5f7add398304424b7fc95,6.52886717
737,0xa30d8157911ef23c46c0eb71889efe6a648a41f7,1512713563,0xf7920b0768ecb20a123fac32311d07d193381d6f,0x74222db35b172934a11d85c201bc700d356e633cbe882b3b879c5fdd935f124a,0.0
738,0xa30d8157911ef23c46c0eb71889efe6a648a41f7,1512713593,0x7ffc69a529d089ee8406174c788a3dfc74eff44e,0x2481e6975befbeca994231eece0534dd9143c579848a3452066496e114807502,80.0
739,0xa30d8157911ef23c46c0eb71889efe6a648a41f7,1512713726,0xb97048628db6b661d4c2aa833e95dbe1a905b280,0x91b37c6f63ee46ef593224c0f6c209acf8b9b4bff3971a4f333991b3a9ee1c15,0.0
740,0xa30d8157911ef23c46c0eb71889efe6a648a41f7,1512713726,0x1c8210400f001b7570558d5274dc50f5db70ada0,0x3aab1a39498a56df282d57b3b5eae948d920a71d04f61c4d53cc3a327c730b45,28.05
741,0xa30d8157911ef23c46c0eb71889efe6a648a41f7,1512713920,0x177d39ac676ed1c67a2b268ad7f1e58826e5b0af,0xf5ead4b1cb2836c4647644b1350138b47cdb40e46a99526bbf7933f57752aae6,0.0
742,0xa30d8157911ef23c46c0eb71889efe6a648a41f7,1512714185,0x4290563c2d7c255b5eec87f2d3bd10389f991d68,0x67f9ad7e6e51cb8e1401f6d73e684630ddfccb4b09b8ea5a08cd51706a5d86aa,0.0
743,0xa30d8157911ef23c46c0eb71889efe6a648a41f7,1512714272,0x2c164fd13c76604b7f79a78d762deb277ff3e82f,0x98401cc2a63492d90a70fbcfcd6be3a632d42dd87165334451bc85a3118cbd4c,0.1
744,0xa30d8157911ef23c46c0eb71889efe6a648a41f7,1512714553,0x24f8dada119efd2972111bcaa11c71bb0e9f7804,0x72432550b6597bf0c6439733ffc8c5f59685faa9ca8980575faff0827f27e842,10.0
745,0xa30d8157911ef23c46c0eb71889efe6a648a41f7,1512714816,0x4290563c2d7c255b5eec87f2d3bd10389f991d68,0x660a4f3cf0a0dd172160c8aa14dc551edae063d2cd52f20c350b44c4c7d881ff,0.0
746,0xa30d8157911ef23c46c0eb71889efe6a648a41f7,1512715333,0x44905a1bb909da282290e34869a6e66d476d7069,0x094eb068b34a80ae0185bc6cfb54029dac9317eb7df97ba0afd8d9aba44cbb95,15.0
747,0xa30d8157911ef23c46c0eb71889efe6a648a41f7,1512715606,0x5fbe8fb941b79771da5ffcbda99cd52d2abf4c3c,0xaf6de318c5c3f06634c8155c51c5c13a4f7d8b813a9c2377304ed36da96e6f50,9.9
748,0xa30d8157911ef23c46c0eb71889efe6a648a41f7,1512715673,0x693869a79cf8eed6e3b78fc9a5e0d4661bcf5f1d,0xa65eb7121bafd7350377ff623b9022fb174605faa6e1fbfa8f7639a5a0fa0f00,20.0
749,0xa30d8157911ef23c46c0eb71889efe6a648a41f7,1512715798,0xd26114cd6ee289accf82350c8d8487fedb8a0c07,0xfda58d9bfa8d62a75d7ae722952df12346214377f45c2f056c5fa5cf77844f72,0.0
750,0xa30d8157911ef23c46c0eb71889efe6a648a41f7,1512715838,0x0f5d2fb29fb7d3cfee444a200298f468908cc942,0x7e4b317a0462ed31917f66fcbda9e748c6a5be07017c9a293d83a0c5f7a071d0,0.0
751,0xa30d8157911ef23c46c0eb71889efe6a648a41f7,1512715881,0x56e9e9349e2515c9c81e7f2c4f07ac1f0a3ab755,0x22ce8a1bf12f8af52ae4773f6aeb6aa4676e75d911ef7c2cc97cb72ca290bd7f,1.06
752,0xa30d8157911ef23c46c0eb71889efe6a648a41f7,1512715939,0x86fa049857e0209aa7d9e616f7eb3b3b78ecfdb0,0x8fa6c641d7066b86102acba849395b28abaec9e4f18b03e0d342034b99957986,0.0
753,0xa30d8157911ef23c46c0eb71889efe6a648a41f7,1512716161,0x86fa049857e0209aa7d9e616f7eb3b3b78ecfdb0,0xd1b7013f3df1d7f0e957333c0e5e6c8fab00ef462ef60542ee3f3fab728ee79e,0.0
754,0xa30d8157911ef23c46c0eb71889efe6a648a41f7,1512716266,0x86fa049857e0209aa7d9e616f7eb3b3b78ecfdb0,0x15ebd293fef1f723a28310306cc320c07ddd7717020874f69e42a207423777c6,0.0
755,0xa30d8157911ef23c46c0eb71889efe6a648a41f7,1512716494,0x86fa049857e0209aa7d9e616f7eb3b3b78ecfdb0,0x2076fd3a51c32d7555b316b40f234645e70e3c0871ecd1496ca6820b9e674a3d,0.0
756,0xa30d8157911ef23c46c0eb71889efe6a648a41f7,1512716622,0x72d5a58001dd0d712073a01ff12ded11e414048f,0x89f3f462d788e3f84a44af6d50cca42e252f0bb6d0f7693b816e22c3b4915b78,6.69
757,0xa30d8157911ef23c46c0eb71889efe6a648a41f7,1512716909,0xcc750222385e97eb232d11172c4467829f6f9bf2,0x841d41d99c2af370f6b3b6af39ae13fee85be333bd41e319be3f4bce448f53a3,54.983999999999995
758,0xa30d8157911ef23c46c0eb71889efe6a648a41f7,1512716942,0x0f5d2fb29fb7d3cfee444a200298f468908cc942,0x7ff2e44d82843313f7033aeca24bf66c040049c1cb3afb23a0015badbc70901e,0.0
759,0xa30d8157911ef23c46c0eb71889efe6a648a41f7,1512716955,0x86fa049857e0209aa7d9e616f7eb3b3b78ecfdb0,0x02e43beb1fc250521cbd91424f3835a784faf7089502b7222fe3bfc356016d38,0.0
760,0xa30d8157911ef23c46c0eb71889efe6a648a41f7,1512717082,0xf7920b0768ecb20a123fac32311d07d193381d6f,0xd1fd6755a829bca93cdfc155e407a5df200bfa4258da308d1a53381099aee3ad,0.0
761,0xa30d8157911ef23c46c0eb71889efe6a648a41f7,1512717479,0x86fa049857e0209aa7d9e616f7eb3b3b78ecfdb0,0xb5cd268150e9a4c9da5388decd4d2672d022d54e23691c5faa8899db3ad66d13,0.0
762,0xa30d8157911ef23c46c0eb71889efe6a648a41f7,1512718070,0xcb97e65f07da24d46bcdd078ebebd7c6e6e3d750,0x763c3e757a721869be81b08556c6467890bf55c2acaf6836d0d403a074fa2c0f,0.0
763,0xa30d8157911ef23c46c0eb71889efe6a648a41f7,1512718116,0x744d70fdbe2ba4cf95131626614a1763df805b9e,0x6b836eb30cdca6d6aa2039486d5c9aa22fa81db9804e7ea87430b0c58b9a6f82,0.0
764,0xa30d8157911ef23c46c0eb71889efe6a648a41f7,1512718116,0x44c1f817c63b551948aef70afadb0e0f58319ea1,0xc8ccbdd772dc4557d4a4be96b63785feff39d9fc39c7aedfdce291bd85ec415d,7.0
765,0xa30d8157911ef23c46c0eb71889efe6a648a41f7,1512718278,0x0a57492b3e49ca2ad285168422aef37c1b80d608,0x8ffb50f14ae0fd1414b7f12926e6a5052ce04dff0f18c1da3ed3f38c0649f2c7,2.0
766,0xa30d8157911ef23c46c0eb71889efe6a648a41f7,1512718322,0x5cb0c95fb327dd688f47c2f2465995b832c3375b,0x2432a5bfd024809dc413cb5fa16efd354e0591e3f7f71f3ae974ac8c3ecb4f32,20.0
767,0xa30d8157911ef23c46c0eb71889efe6a648a41f7,1512718358,0xcb97e65f07da24d46bcdd078ebebd7c6e6e3d750,0x9979d0ca08503eefe0f51c5c471aa8f0cf963df0d8a7944d06a3e7195a921cca,0.0
768,0xa30d8157911ef23c46c0eb71889efe6a648a41f7,1512719162,0xa145addb0a24f0c4697189a02eadb006be244d49,0x9e9dbbeab91ac9282e6a1e940b883aa5671a2acfdeab97008da34cf83595cde6,2.01
769,0xa30d8157911ef23c46c0eb71889efe6a648a41f7,1512719162,0x4db587fdd9268944361a005144da8b5b5b8f9c27,0xa3073ae7ef1b490396a91b8320246ae9d517a723725eaeaf88d09ac998b3cc26,1.09
770,0xa30d8157911ef23c46c0eb71889efe6a648a41f7,1512719323,0x6f79039a3babf32218dfa48a08c032e7bff38f58,0xc28ad5ee506d20bfe43b02e7d7529534b7761c812559ce4b2cb44cc1fc8c774b,40.0
771,0xa30d8157911ef23c46c0eb71889efe6a648a41f7,1512719392,0x86fa049857e0209aa7d9e616f7eb3b3b78ecfdb0,0x6e8e8410cf30d2dd4649314d2549f7cb6c2c020b710e446c1f3f11d551a5849e,0.0
772,0xa30d8157911ef23c46c0eb71889efe6a648a41f7,1512719825,0x1a97fa1d3f79a0bb41986e3fdc8e386dd26240a9,0x698dcd469c44bebc44737f70c32fcceee345dcc0d965a4246d964cf08621204d,7.21
773,0xafba1b04ec9dcbdeaa8601d8ae8f44edc77da224,1512720418,0x4be2166a8dbe25e79a9b30b4ce26858e10d21e92,0xf4c04b660f90ae0e01d281f98723d0ecd97011c7368ba4e15162d2ed3dfd0949,2.0
774,0xa30d8157911ef23c46c0eb71889efe6a648a41f7,1512720642,0xb85bfbb9e3f109235ead66da0e60637e0d2b0fb3,0xfcb5c25ed081c290a24025679bdfb912ca6b028ef6449e43bb5adb1389812c21,0.87
775,0xa30d8157911ef23c46c0eb71889efe6a648a41f7,1512720991,0x8dec37c0034bc3abbf4e204b27bef628eb7cc944,0x9083ee12fc8a125d93fcf4d046b03514364a6249d695e9aa23c5313efb8693a8,8.0
776,0x17bc58b788808dab201a9a90817ff3c168bf3d61,1512721142,0xa30d8157911ef23c46c0eb71889efe6a648a41f7,0x5d37f0415fe0e8eeae3423952f93480a810518f3e2102a2d915fdc4a82973440,30.86940649339901
777,0x17bc58b788808dab201a9a90817ff3c168bf3d61,1512721192,0xa30d8157911ef23c46c0eb71889efe6a648a41f7,0xcc5495552f728a90bdcc36f333e06569adcb3fd5c83a7f73671cc16233d660b9,30.87769643339901
778,0x17bc58b788808dab201a9a90817ff3c168bf3d61,1512721192,0xa30d8157911ef23c46c0eb71889efe6a648a41f7,0x40552f74016ed09e9aa1fc7ab48ca6b5dfe11f0dc9a7ccc987b9f6e5ce0c092b,30.87769643339901
779,0x17bc58b788808dab201a9a90817ff3c168bf3d61,1512721192,0xa30d8157911ef23c46c0eb71889efe6a648a41f7,0x9f23d22d83a233f545bfa0903338bd0f4cd8c9de22e7c26139b45a8087251c75,30.87769643339901
780,0x17bc58b788808dab201a9a90817ff3c168bf3d61,1512721192,0xa30d8157911ef23c46c0eb71889efe6a648a41f7,0x665de06453eccf0c264ccd2384b317560137ae9fd19330f2d82be46cd3501606,30.87769643339901
781,0x17bc58b788808dab201a9a90817ff3c168bf3d61,1512721227,0xa30d8157911ef23c46c0eb71889efe6a648a41f7,0x19be8fff91d041443ce438428c90f6008a5287896a642604a8255606b106b602,30.87769643339901
782,0x17bc58b788808dab201a9a90817ff3c168bf3d61,1512721227,0xa30d8157911ef23c46c0eb71889efe6a648a41f7,0x2bee56d54f64916ac5a4ec4e797a2e6745681322344a765474a342703e25b905,30.87769643339901
783,0x17bc58b788808dab201a9a90817ff3c168bf3d61,1512721227,0xa30d8157911ef23c46c0eb71889efe6a648a41f7,0xbe9ffc22a8cc0cd7ec245251c056b39622142d19464cb544c1f1ec93f097fbcd,30.87769643339901
784,0x17bc58b788808dab201a9a90817ff3c168bf3d61,1512721227,0xa30d8157911ef23c46c0eb71889efe6a648a41f7,0x5dce53f8d6f7d09cdb84e74aa77ef14499b83bcaa79b16f1174bbd016cf7542f,30.87769643339901
785,0x17bc58b788808dab201a9a90817ff3c168bf3d61,1512721227,0xa30d8157911ef23c46c0eb71889efe6a648a41f7,0xd9542598df4e899efe889d5ee65d5f4a70bf832188d0c0a348ad7dee04fb554e,30.87769643339901
786,0x17bc58b788808dab201a9a90817ff3c168bf3d61,1512721227,0xa30d8157911ef23c46c0eb71889efe6a648a41f7,0x4d565a968ae612e8ab4e71775148e1ac93e57960764185af6167bd4a48c5d2cb,30.87769643339901
787,0x17bc58b788808dab201a9a90817ff3c168bf3d61,1512721227,0xa30d8157911ef23c46c0eb71889efe6a648a41f7,0xc7dba2d98495391cae12825e82815be3956c9536203d10aa939117caad4ea961,30.87769643339901
788,0x17bc58b788808dab201a9a90817ff3c168bf3d61,1512721285,0xa30d8157911ef23c46c0eb71889efe6a648a41f7,0x4f563df87f298be8deb165703215e01106297c01520443c0f0082314c3b2c65e,30.87769643339901
789,0xa30d8157911ef23c46c0eb71889efe6a648a41f7,1512721285,0x24f8dada119efd2972111bcaa11c71bb0e9f7804,0xf9341129d92124403a07121d254cde2ac59cd5293e9aaca18458f2df6552e58b,100.0
790,0x17bc58b788808dab201a9a90817ff3c168bf3d61,1512721285,0xa30d8157911ef23c46c0eb71889efe6a648a41f7,0x81e9570bb968865b0ab78416fa6a9c2d005665c873bb94deb5d19f02f91e62b6,30.87769643339901
791,0x17bc58b788808dab201a9a90817ff3c168bf3d61,1512721364,0xa30d8157911ef23c46c0eb71889efe6a648a41f7,0x68bdb819ef97ddd8a3fd4a55fae948cfa8d11afb7c8e9e10b2f43dcffa4aa58a,30.87769643339901
792,0x17bc58b788808dab201a9a90817ff3c168bf3d61,1512721364,0xa30d8157911ef23c46c0eb71889efe6a648a41f7,0xe9743dc065a9c6bee41c69880fd00ec614165b4510cef9d3114855b7c393c41f,30.87769643339901
793,0x17bc58b788808dab201a9a90817ff3c168bf3d61,1512721364,0xa30d8157911ef23c46c0eb71889efe6a648a41f7,0xddaf55dc690d97d48aa2ed30c901e451786d72dd75bb940fe88431642599a9bc,30.87769643339901
794,0x17bc58b788808dab201a9a90817ff3c168bf3d61,1512721364,0xa30d8157911ef23c46c0eb71889efe6a648a41f7,0x7765cd1d44f1c5bc35de22e62a3fd3e8576a36527d7f6346223f1de3f77ad371,30.87769643339901
795,0x17bc58b788808dab201a9a90817ff3c168bf3d61,1512721444,0xa30d8157911ef23c46c0eb71889efe6a648a41f7,0x4820c882039f9fb8f20dfe9ac22f5cd15a66c54e54ab5f5b7a1638262a212128,30.87769643339901
796,0x17bc58b788808dab201a9a90817ff3c168bf3d61,1512721444,0xa30d8157911ef23c46c0eb71889efe6a648a41f7,0xc2dd618dd4fc707e90689c752e2e5c7b8f7469fc60b4e188a570c33967acd516,30.87769643339901
797,0x17bc58b788808dab201a9a90817ff3c168bf3d61,1512721444,0xa30d8157911ef23c46c0eb71889efe6a648a41f7,0x36fbc39a44bbdcd5e1400424de4c5c97d98a1f36329da8492eb7cc45f73858d4,30.87769643339901
798,0x17bc58b788808dab201a9a90817ff3c168bf3d61,1512721444,0xa30d8157911ef23c46c0eb71889efe6a648a41f7,0x5f42ef4fe5eaadd27d835db5384526e26841f343ab0d1f270e38e195f2f8268c,30.87769643339901
799,0x17bc58b788808dab201a9a90817ff3c168bf3d61,1512721444,0xa30d8157911ef23c46c0eb71889efe6a648a41f7,0x490304f13d8f21c0cfcb789473b2c4db8e6140e603293136aba28d1ffb376102,30.87769643339901
800,0x17bc58b788808dab201a9a90817ff3c168bf3d61,1512721454,0xa30d8157911ef23c46c0eb71889efe6a648a41f7,0x59c8077a81c594e29cfb7be9d698faf3b7c07de724ddda23cfc207bbcac95adf,30.87769643339901
801,0x17bc58b788808dab201a9a90817ff3c168bf3d61,1512721454,0xa30d8157911ef23c46c0eb71889efe6a648a41f7,0x517ee0f678f0f1a0bce55139df09f6fee42ce94e9769accfd4d63ad75928d12f,30.87769643339901
802,0x17bc58b788808dab201a9a90817ff3c168bf3d61,1512721454,0xa30d8157911ef23c46c0eb71889efe6a648a41f7,0x136256d4e78d841b32afcaf4a8e86b187c1e71e3154c0cd61ef8bf46e2bbfde6,30.87769643339901
803,0x17bc58b788808dab201a9a90817ff3c168bf3d61,1512721454,0xa30d8157911ef23c46c0eb71889efe6a648a41f7,0xc77d195754cc35af9ee1a9c35b8892c097d68f43e2e77f4834977501b4a99fd8,30.87769643339901
804,0x17bc58b788808dab201a9a90817ff3c168bf3d61,1512721454,0xa30d8157911ef23c46c0eb71889efe6a648a41f7,0x6503d5be8c46bbd49e87c6c96f5e8a9a8db8e25679cfcb07f82f991cf118d970,30.87769643339901
805,0xa30d8157911ef23c46c0eb71889efe6a648a41f7,1512721457,0x86fa049857e0209aa7d9e616f7eb3b3b78ecfdb0,0xa2b26a734fa1b63a4276ebd108ab979ecf3b02668be3defcd41305aa7cb2d25d,0.0
806,0x17bc58b788808dab201a9a90817ff3c168bf3d61,1512721473,0xa30d8157911ef23c46c0eb71889efe6a648a41f7,0x632280fa1df15ac5088464eec87efdbabebc2948331e4e4d52dc8e9b6b3ed8cb,30.87769643339901
807,0x17bc58b788808dab201a9a90817ff3c168bf3d61,1512721473,0xa30d8157911ef23c46c0eb71889efe6a648a41f7,0x946e192b91b2a751cdc5b26ad8ed6b4ab2e80e469306535774f8f65686359f6c,30.87769643339901
808,0x17bc58b788808dab201a9a90817ff3c168bf3d61,1512721473,0xa30d8157911ef23c46c0eb71889efe6a648a41f7,0x3ed5233e8931fbd2dd63adf23f074b137cc8e6f9fd33fbe9ac1bd2d01c11c5e0,30.87769643339901
809,0x17bc58b788808dab201a9a90817ff3c168bf3d61,1512721473,0xa30d8157911ef23c46c0eb71889efe6a648a41f7,0x788ede90e91da6b19c7ab79506d96fadae51a203c54b69aa05d2144cdc582001,30.87769643339901
810,0x17bc58b788808dab201a9a90817ff3c168bf3d61,1512721473,0xa30d8157911ef23c46c0eb71889efe6a648a41f7,0x2deb5c9bda8a860381a6c927627c9fe7f7d375e481bf76f19d74d0f262a5893d,30.87769643339901
811,0x17bc58b788808dab201a9a90817ff3c168bf3d61,1512721531,0xa30d8157911ef23c46c0eb71889efe6a648a41f7,0xdfb3b568b2b800edc03ec0e8333abe5e17500b5f6b14b055f6f073fd108ae721,30.87769643339901
812,0x17bc58b788808dab201a9a90817ff3c168bf3d61,1512721531,0xa30d8157911ef23c46c0eb71889efe6a648a41f7,0x0cae54d233e5393fe61237fae363fbc06053d349302ee473ea78288c18ba1efb,30.87769643339901
813,0x17bc58b788808dab201a9a90817ff3c168bf3d61,1512721531,0xa30d8157911ef23c46c0eb71889efe6a648a41f7,0x644235b51c9d065c7a0827484c659c15feb9ae8eb57dbd6dfbc5eedca36ace5f,30.87769643339901
814,0xa30d8157911ef23c46c0eb71889efe6a648a41f7,1512721589,0xaf74c03f784ddfe7a885e6309b8aaf5c8769ae39,0xd479d96e2454f37e7b8173f7aa01a970ccc2921e688db59d5b498e806975462c,0.51
815,0x17bc58b788808dab201a9a90817ff3c168bf3d61,1512721628,0xa30d8157911ef23c46c0eb71889efe6a648a41f7,0xa67b4ad734845f5ff00ae5527a85ba7f0093eb3a5bbb8be2d7340cadfac53f8a,30.87769643339901
816,0x17bc58b788808dab201a9a90817ff3c168bf3d61,1512721628,0xa30d8157911ef23c46c0eb71889efe6a648a41f7,0xd28e447735bcd1937d74c75add0a5a2e671e55c11ebf741d8220108d5af98b60,30.87769643339901
817,0x17bc58b788808dab201a9a90817ff3c168bf3d61,1512721628,0xa30d8157911ef23c46c0eb71889efe6a648a41f7,0x2aa17e3150bdb3d590ce11c2afa54a3f6286b405dba3fe61afd535cc5170129f,30.87769643339901
818,0x17bc58b788808dab201a9a90817ff3c168bf3d61,1512721628,0xa30d8157911ef23c46c0eb71889efe6a648a41f7,0xf3169bc154c05974750db96531bb424b21f8b73aa4c2525998417810b6ec68f3,30.87769643339901
819,0x17bc58b788808dab201a9a90817ff3c168bf3d61,1512721685,0xa30d8157911ef23c46c0eb71889efe6a648a41f7,0x74b814d62fbe94773e98884bce67a58c1055f60cb4f2db9992e27b53ff9e7d57,30.87769643339901
820,0x17bc58b788808dab201a9a90817ff3c168bf3d61,1512721685,0xa30d8157911ef23c46c0eb71889efe6a648a41f7,0xb139f55f0b0024bd7de3011d528ebb7c4d0fce8cc3d96649a39bca2854e349db,30.87769643339901
821,0x17bc58b788808dab201a9a90817ff3c168bf3d61,1512721685,0xa30d8157911ef23c46c0eb71889efe6a648a41f7,0x2b3c43a7e4f804d0289c61d0c634f610ca4283e1e15c87973a32c1c7f1e8b22a,30.87769643339901
822,0x17bc58b788808dab201a9a90817ff3c168bf3d61,1512721710,0xa30d8157911ef23c46c0eb71889efe6a648a41f7,0xf23b2696e8368b855d1de05aadd762c94fbeadbe82c84bebbe5b2932bdb3706f,30.87769643339901
823,0x17bc58b788808dab201a9a90817ff3c168bf3d61,1512721710,0xa30d8157911ef23c46c0eb71889efe6a648a41f7,0x28363a658e56ac95c7d947d924d01f6b8c0d0be0ab2f8befe4081ac48f57886e,30.87769643339901
824,0x17bc58b788808dab201a9a90817ff3c168bf3d61,1512721710,0xa30d8157911ef23c46c0eb71889efe6a648a41f7,0x655fdea36a965b891a62814767e7f08723ee51e22d51331d84134ebf60387563,30.87769643339901
825,0x17bc58b788808dab201a9a90817ff3c168bf3d61,1512721710,0xa30d8157911ef23c46c0eb71889efe6a648a41f7,0x30eb8bcb9be73b55e30e0808aef0c09766df0f0e9252fe7b72d77021306b3e70,30.87769643339901
826,0x17bc58b788808dab201a9a90817ff3c168bf3d61,1512721757,0xa30d8157911ef23c46c0eb71889efe6a648a41f7,0xa1670192650a3b19ebfc8299ffc78fdb51319c6cd0662a1b831205008d68e09a,30.87769643339901
827,0x17bc58b788808dab201a9a90817ff3c168bf3d61,1512721757,0xa30d8157911ef23c46c0eb71889efe6a648a41f7,0x88f61d561154a349711544ac30d64bd403c4410335750b3d47a7af10528ea002,30.87769643339901
828,0x17bc58b788808dab201a9a90817ff3c168bf3d61,1512721757,0xa30d8157911ef23c46c0eb71889efe6a648a41f7,0x9efcb6b81460afb24578cb2e10dbe6ede1618c71ef944ab81c4aa90a99bf0805,30.87769643339901
829,0x17bc58b788808dab201a9a90817ff3c168bf3d61,1512721757,0xa30d8157911ef23c46c0eb71889efe6a648a41f7,0xf4e0f10adf6502ae2f6bd5f9b20a656bed189e936bb36ade122f709da148fe80,30.87769643339901
830,0x17bc58b788808dab201a9a90817ff3c168bf3d61,1512721815,0xa30d8157911ef23c46c0eb71889efe6a648a41f7,0x5b2cd9a30d5160aea494f2b4b33bf6062e15bcb1b8b10e8cd0e30f0f49ee0635,30.87769643339901
831,0x17bc58b788808dab201a9a90817ff3c168bf3d61,1512721836,0xa30d8157911ef23c46c0eb71889efe6a648a41f7,0xf3a33ad99931aaa343f50c4e436b6d57a94cfdd7ef2959ffba8e36bacdc367a7,30.87769643339901
832,0x17bc58b788808dab201a9a90817ff3c168bf3d61,1512721836,0xa30d8157911ef23c46c0eb71889efe6a648a41f7,0xb811de2f18fffa61541ce6600bc8ecc70739b88bfd4f43337666aec62eea49dc,30.87769643339901
833,0x17bc58b788808dab201a9a90817ff3c168bf3d61,1512721836,0xa30d8157911ef23c46c0eb71889efe6a648a41f7,0x974217906bf1e3a687888d01c48bf92f414ef044305e6f680ae53552a970387d,30.87769643339901
834,0x17bc58b788808dab201a9a90817ff3c168bf3d61,1512721900,0xa30d8157911ef23c46c0eb71889efe6a648a41f7,0x28ae62f5da1f070543e832739e079eb5027b40064ca277e1d75435def7e5a16f,30.87769643339901
835,0x17bc58b788808dab201a9a90817ff3c168bf3d61,1512721900,0xa30d8157911ef23c46c0eb71889efe6a648a41f7,0x03c9b7c96dd44f99092a21b2991d81138f0e1ed404bedf3eb14704c73c10d35f,30.87769643339901
836,0xa30d8157911ef23c46c0eb71889efe6a648a41f7,1512721938,0x5ca9a71b1d01849c0a95490cc00559717fcf0d1d,0x2ff158f972206b293fce1fd4d063495a74e5807ee2b8c5489706ea6e5d6eb5d0,0.0
837,0xa30d8157911ef23c46c0eb71889efe6a648a41f7,1512722354,0x86fa049857e0209aa7d9e616f7eb3b3b78ecfdb0,0xd75c3e0942ee5eabd0a4896e45533621d86bae3aa836569a2768dab77f4ad117,0.0
838,0xa30d8157911ef23c46c0eb71889efe6a648a41f7,1512722368,0x86fa049857e0209aa7d9e616f7eb3b3b78ecfdb0,0xdb3f83577f1e1a36cacbdff59348f1d25683958ba1a398cc1475be7d73625f3c,0.0
839,0xa30d8157911ef23c46c0eb71889efe6a648a41f7,1512722416,0x86fa049857e0209aa7d9e616f7eb3b3b78ecfdb0,0x9ab6535fc1d4d2c136d7658832fc293fb8646347fb46cb79ce7f5e9541ee4dd5,0.0
840,0x17bc58b788808dab201a9a90817ff3c168bf3d61,1512722521,0xa30d8157911ef23c46c0eb71889efe6a648a41f7,0x8a73e979f47959faa2032e6039939c0c48fdcc0c1caa4663c078c8e434c5d883,30.87769643339901
841,0xa30d8157911ef23c46c0eb71889efe6a648a41f7,1512722535,0x86fa049857e0209aa7d9e616f7eb3b3b78ecfdb0,0x61eced65b67885b40438d25316d1106eed23e76aa2b3ba250e9a67dc6b18bba3,0.0
842,0xa30d8157911ef23c46c0eb71889efe6a648a41f7,1512722599,0x0f5d2fb29fb7d3cfee444a200298f468908cc942,0xb07523995a837d3b4d564e858102dd1f34c2b52868648c26e0704fa59d8f7dda,0.0
843,0xa30d8157911ef23c46c0eb71889efe6a648a41f7,1512722649,0xcb97e65f07da24d46bcdd078ebebd7c6e6e3d750,0x656e8c905a34f312a405830c1660b89c3e60b6587b8f3961f22d6812eb42950b,0.0
844,0xa30d8157911ef23c46c0eb71889efe6a648a41f7,1512722702,0x86fa049857e0209aa7d9e616f7eb3b3b78ecfdb0,0x4612b53e9ebb80a59035c048b0c21a04b8023f31b03fed53abe24d656577e12b,0.0
845,0xa30d8157911ef23c46c0eb71889efe6a648a41f7,1512722754,0x86fa049857e0209aa7d9e616f7eb3b3b78ecfdb0,0x01bfd0ecf392588706dddc9a3cce55d742fbd977084ea3b776d3418e80edfca4,0.0
846,0xa30d8157911ef23c46c0eb71889efe6a648a41f7,1512723179,0x86fa049857e0209aa7d9e616f7eb3b3b78ecfdb0,0xb4330b0238bfabaa9cf154a5979203fb8e98db936acad06cf1f4027ca1c27940,0.0
847,0xa30d8157911ef23c46c0eb71889efe6a648a41f7,1512723263,0xb63b606ac810a52cca15e44bb630fd42d8d1d83d,0x337f0baced9e458c264a92587c1385bc52c247cb51f95c972dad41af129382d7,0.0
848,0xa30d8157911ef23c46c0eb71889efe6a648a41f7,1512723438,0x86fa049857e0209aa7d9e616f7eb3b3b78ecfdb0,0x812f25fb172b091ed0cc7de387e0d34eac031fb46b046449a3024e85ea1013b5,0.0
849,0xa30d8157911ef23c46c0eb71889efe6a648a41f7,1512723686,0xf7920b0768ecb20a123fac32311d07d193381d6f,0xa9a15526b701825973587f591410c39634cd2cf4f28b363b291cb9abe70b6c1b,0.0
850,0xa30d8157911ef23c46c0eb71889efe6a648a41f7,1512723758,0x9610265c85c784676a73c42af860cad69a229f8b,0xa32eefef58a9534117ad24db67183f8fcecdbc3a365b27c279c29f2d84d22e60,1396.0999999999995
851,0xa30d8157911ef23c46c0eb71889efe6a648a41f7,1512723947,0x71d0ad60108a54b074609ac0c1ebff747f64c811,0x45c7e372e7b14e8f5992d2b3d7241912b621f91a49b2d0e7ad9c5ff0fded2c87,0.31
852,0xa30d8157911ef23c46c0eb71889efe6a648a41f7,1512723959,0x86fa049857e0209aa7d9e616f7eb3b3b78ecfdb0,0xd54f445bcd23b2f56e1b1dbb6106e4df500ab8daac18a3f35c58944ce23a32d1,0.0
853,0xa30d8157911ef23c46c0eb71889efe6a648a41f7,1512724089,0xd60a898dc9500a48d440e5f82b9a104581bcdaf2,0xc03d802a464d59204b840e2a41140cbd9a3c6643226b8b6dc6130c33148be47c,11.0
854,0xa30d8157911ef23c46c0eb71889efe6a648a41f7,1512724089,0xe0b7927c4af23765cb51314a0e0521a9645f0e2a,0x7c5336adaef812b648e98cc06c341e17497ff052a71c4f8da8939da9449bd51d,0.0
855,0xa30d8157911ef23c46c0eb71889efe6a648a41f7,1512724276,0x938e9bf4a936d046f1c2cded6e3eda98c8ca056b,0x4c92eac22fa08974b7a2b7182cf1ce4fbffb5328363ccc1dcbf5480659643090,1.0
856,0x17bc58b788808dab201a9a90817ff3c168bf3d61,1512724324,0xa30d8157911ef23c46c0eb71889efe6a648a41f7,0xdc52bdec16f507d1af153dea431647f09c6e834e11f833f631df24ee47a16431,30.87769643339901
857,0xa30d8157911ef23c46c0eb71889efe6a648a41f7,1512724383,0xea0a337d46f7b75998a732b7f7cfd84db403ce0d,0x44a24b857ae8038339a1b48431d6e647b1f75380dc2934bb4d527c5f4d072cfc,0.5869
858,0xa30d8157911ef23c46c0eb71889efe6a648a41f7,1512724388,0xe41d2489571d322189246dafa5ebde1f4699f498,0x8245fc5846355d5f32b56857defb8e4ff51b5087c61b72f2fb0acb78930c3404,0.0
859,0x17bc58b788808dab201a9a90817ff3c168bf3d61,1512724453,0xa30d8157911ef23c46c0eb71889efe6a648a41f7,0x71992315a63a17dcd8b041c687db465db3ba5d0179b80e0d7ba942066f1bf3af,30.87769643339901
860,0x17bc58b788808dab201a9a90817ff3c168bf3d61,1512724499,0xa30d8157911ef23c46c0eb71889efe6a648a41f7,0x42291dd3f9acd8f18f0da002b559894e53d954ae00e8f98f253bbd5613200c64,30.87769643339901
861,0x17bc58b788808dab201a9a90817ff3c168bf3d61,1512724527,0xa30d8157911ef23c46c0eb71889efe6a648a41f7,0x5b328dfc42f56745a8732a8f175ba71586b453c7a424fab1bb0a77c15274f6af,30.87769643339901
862,0x17bc58b788808dab201a9a90817ff3c168bf3d61,1512724621,0xa30d8157911ef23c46c0eb71889efe6a648a41f7,0xc4409e3439905e5f2b2d3694f059193544959b838b007fc9986716430b7f793f,30.87769643339901
863,0x17bc58b788808dab201a9a90817ff3c168bf3d61,1512724621,0xa30d8157911ef23c46c0eb71889efe6a648a41f7,0x7564c88cef5a2909c7dacdf15e06d599bc99f1e6536f55da6ce622f79db3e52a,30.87769643339901
864,0x17bc58b788808dab201a9a90817ff3c168bf3d61,1512724621,0xa30d8157911ef23c46c0eb71889efe6a648a41f7,0x02cc767ef0f4e2c4c3ce54009510286c6f062d8f69ac176b5a590e68f6729c7e,30.87769643339901
865,0x17bc58b788808dab201a9a90817ff3c168bf3d61,1512724621,0xa30d8157911ef23c46c0eb71889efe6a648a41f7,0x6efcbeef43093d36cf67ad58fa6e53c1fbc68a85e75e790328aa47c5fc499c95,30.87769643339901
866,0x17bc58b788808dab201a9a90817ff3c168bf3d61,1512724621,0xa30d8157911ef23c46c0eb71889efe6a648a41f7,0x3694f7a5e4a0d75b3796f265ad4d410568281a2285b17ec19a0152023bfbae17,30.87769643339901
867,0x17bc58b788808dab201a9a90817ff3c168bf3d61,1512724629,0xa30d8157911ef23c46c0eb71889efe6a648a41f7,0x3f4842e1e2971896e61bb13d37f5ac954bbef32ece952b09455c8a79e903dc6b,30.87769643339901
868,0x17bc58b788808dab201a9a90817ff3c168bf3d61,1512724629,0xa30d8157911ef23c46c0eb71889efe6a648a41f7,0x4428093ef9e14effd693b3f2cbc0b528f2b9ebcc28ef00eb466c665c86f14e8d,30.87769643339901
869,0x17bc58b788808dab201a9a90817ff3c168bf3d61,1512724629,0xa30d8157911ef23c46c0eb71889efe6a648a41f7,0x6c12bb6d761c4954c894b9bb816640dce28d6b3ff777cbd60c3744ccbd1c01f6,30.87769643339901
870,0xa30d8157911ef23c46c0eb71889efe6a648a41f7,1512724694,0x19ba24c63d6c7abe5cbc687052a7a03563acb543,0xac673ae514995b08bfce5df65482992122424a6d0591b41ecc6ba2ad01d97416,104.7
871,0x17bc58b788808dab201a9a90817ff3c168bf3d61,1512724725,0xa30d8157911ef23c46c0eb71889efe6a648a41f7,0x529646adbf6ba4cdc09a4a584710424a2efef61d90265d292c195550e9981419,30.87769643339901
872,0x17bc58b788808dab201a9a90817ff3c168bf3d61,1512724725,0xa30d8157911ef23c46c0eb71889efe6a648a41f7,0xf87ffcd83feaeaa706fbae59916549a9651e8d3bed36d0e8b229f04c6e933dc6,30.87769643339901
873,0x17bc58b788808dab201a9a90817ff3c168bf3d61,1512724725,0xa30d8157911ef23c46c0eb71889efe6a648a41f7,0x8068faa3273fd6475efa202c29e7b583e941126b7c3a958397fe66c1fa519f37,30.87769643339901
874,0xa30d8157911ef23c46c0eb71889efe6a648a41f7,1512724745,0x86fa049857e0209aa7d9e616f7eb3b3b78ecfdb0,0xf84369355ddf5ec7a889f68e507ee55e6dfdb2dd2d6da1fd64357d50592eed49,0.0
875,0x17bc58b788808dab201a9a90817ff3c168bf3d61,1512724772,0xa30d8157911ef23c46c0eb71889efe6a648a41f7,0x39b753bd86ceedb6fea34e2b2075a82603786d005e7b160e52e81e811c58bdb7,30.87769643339901
876,0xa30d8157911ef23c46c0eb71889efe6a648a41f7,1512724798,0xb3a25a34a8e63583393876de8dff4eeb27d5c9fa,0xca577a7bdd05ce8dbaaee1d17c3affa8ea220bf1a3f1634fcab7720e454e5ea4,4.0
877,0x17bc58b788808dab201a9a90817ff3c168bf3d61,1512724868,0xa30d8157911ef23c46c0eb71889efe6a648a41f7,0x25ef7e0bd8a92eaa09896de34c528feb78578d4a6ac2579064deceacf48cd5f3,30.87769643339901
878,0x17bc58b788808dab201a9a90817ff3c168bf3d61,1512724868,0xa30d8157911ef23c46c0eb71889efe6a648a41f7,0x07f5820c6f0c0388f6de899df72ee2942bc85ab572d85d6bac0ad19e2d8d1d9b,30.87769643339901
879,0x17bc58b788808dab201a9a90817ff3c168bf3d61,1512724868,0xa30d8157911ef23c46c0eb71889efe6a648a41f7,0x452eaa6f9f3eaf80c1f67d632a5828b3df89cb0a1beb9894090bd29b00fb9bab,30.87769643339901
880,0x17bc58b788808dab201a9a90817ff3c168bf3d61,1512724868,0xa30d8157911ef23c46c0eb71889efe6a648a41f7,0xfbc97a032b3ff42350e6deffca568fdfa725ff3e57c7df9e1b0f9f38395e83b8,30.87769643339901
881,0x17bc58b788808dab201a9a90817ff3c168bf3d61,1512724917,0xa30d8157911ef23c46c0eb71889efe6a648a41f7,0xce76bf0f207dd37a5045f683f34043fdce56e2e9cf6fb9e40d5d9e6553b9e53b,30.87769643339901
882,0x17bc58b788808dab201a9a90817ff3c168bf3d61,1512724917,0xa30d8157911ef23c46c0eb71889efe6a648a41f7,0xd12c3aa8fd37f777224f5acfcefd7c22d0ab78aa5ae595e1b723710e74ee79c2,30.87769643339901
883,0x17bc58b788808dab201a9a90817ff3c168bf3d61,1512724917,0xa30d8157911ef23c46c0eb71889efe6a648a41f7,0xf374ce7b373af3841a419d2f254ab4b517e44a9923276fe843a7349bfc11fb44,30.87769643339901
884,0x17bc58b788808dab201a9a90817ff3c168bf3d61,1512724941,0xa30d8157911ef23c46c0eb71889efe6a648a41f7,0x1e819cfc5ad322dce9dca3a4e7e52c6e266230f144112c29c64e798d497cf14e,30.87769643339901
885,0x17bc58b788808dab201a9a90817ff3c168bf3d61,1512724941,0xa30d8157911ef23c46c0eb71889efe6a648a41f7,0x1d8e094428f5386c5d8542358b526be9c26d54aefe6862102d6dd6d4d07ffe95,30.87769643339901
886,0x17bc58b788808dab201a9a90817ff3c168bf3d61,1512724941,0xa30d8157911ef23c46c0eb71889efe6a648a41f7,0x765b87739fea9df72529612e5dd41770188a11851381fadfa737c31d99a4c057,30.87769643339901
887,0xa30d8157911ef23c46c0eb71889efe6a648a41f7,1512724955,0x0f5d2fb29fb7d3cfee444a200298f468908cc942,0x002c350b5bdd7e740d2d838483263799ec0346a3e52b27483f53d07b74bd1584,0.0
888,0x4be2166a8dbe25e79a9b30b4ce26858e10d21e92,1512724955,0x5dae5c3ca2019d5f2a4d0fd4334435bf32b5e4c2,0x3219d0ca8d6227fabf85df61ed34a64fc9a28785ad15f6a283d41d3fdc5d5842,5.0
889,0x17bc58b788808dab201a9a90817ff3c168bf3d61,1512724963,0xa30d8157911ef23c46c0eb71889efe6a648a41f7,0xbce3304bece282ad6c03575886acce1caec8449700c43d70099b0cd5ed6bb414,30.87769643339901
890,0x17bc58b788808dab201a9a90817ff3c168bf3d61,1512724963,0xa30d8157911ef23c46c0eb71889efe6a648a41f7,0x5529d6106a1e533ce820a5342800d291ee1ba431d85e65c4f8109a9bf4043b5a,30.87769643339901
891,0x17bc58b788808dab201a9a90817ff3c168bf3d61,1512724963,0xa30d8157911ef23c46c0eb71889efe6a648a41f7,0x58a8451a1d9d577c7833a2d37067c99b5a9292b14eb8de3903feb23c801d492a,30.87769643339901
892,0x17bc58b788808dab201a9a90817ff3c168bf3d61,1512724963,0xa30d8157911ef23c46c0eb71889efe6a648a41f7,0xe29b9bfe66e95dbd3848079d86a29a6f6c4ee60aa649e8c88e7aac3e86a50c28,30.87769643339901
893,0x17bc58b788808dab201a9a90817ff3c168bf3d61,1512724972,0xa30d8157911ef23c46c0eb71889efe6a648a41f7,0x3ddf10e550fd1bcb62e3e5d61a5d7f8e140e1463597ef9934d15e15c29ba2c68,30.87769643339901
894,0xa30d8157911ef23c46c0eb71889efe6a648a41f7,1512725076,0x4290563c2d7c255b5eec87f2d3bd10389f991d68,0xb98e59ef87251b085f87412aacb7ad296eabdb00a53a1a9726e8868a17b4a96b,0.0
895,0xa30d8157911ef23c46c0eb71889efe6a648a41f7,1512725399,0x86fa049857e0209aa7d9e616f7eb3b3b78ecfdb0,0x06d39d5af5c59cd5b00e978271ae789e89ada4aa404b529233959d65820ea93c,0.0
896,0xa30d8157911ef23c46c0eb71889efe6a648a41f7,1512725752,0x86fa049857e0209aa7d9e616f7eb3b3b78ecfdb0,0x53cd3bdd30630f59e317a56d326fb6d6f13c8b434dac103b718878b36d8e8891,0.0
897,0xa30d8157911ef23c46c0eb71889efe6a648a41f7,1512725780,0x86fa049857e0209aa7d9e616f7eb3b3b78ecfdb0,0x9e76e5e8172d5aa16f5129902702d27927de71ecf9bbb1a209117bb794e172d4,0.0
898,0xa30d8157911ef23c46c0eb71889efe6a648a41f7,1512725796,0xcebf6a3fcd6efe8963b2c98461f3f3a83d83438f,0xf300c927831abb011b3932368ec4d5ade05d67d993caefa39d5dab5a58f6987d,10.0
899,0x17bc58b788808dab201a9a90817ff3c168bf3d61,1512725800,0xa30d8157911ef23c46c0eb71889efe6a648a41f7,0x7707eee5d2cce78d1fefe3228438c565cf61e47d20e0e6ac33d5c777afc97d98,30.87769643339901
900,0xa30d8157911ef23c46c0eb71889efe6a648a41f7,1512726035,0xdd974d5c2e2928dea5f71b9825b8b646686bd200,0xe81268c5bf22c3e306777b83b5cd1aba18d412f28faaea6dcf18f646276c642f,0.0
901,0xa30d8157911ef23c46c0eb71889efe6a648a41f7,1512726241,0xedc8bedc9dfd85e82ab2fe18092b793118815faf,0xb7a14d80d8589f30afaaefd7761a3c0e356eea4c286170c9423cbec732021c39,0.8305
902,0xa30d8157911ef23c46c0eb71889efe6a648a41f7,1512726249,0xe41d2489571d322189246dafa5ebde1f4699f498,0x5a62f62a04ae2ed20ba298e9dc75df1fe30cb907102ed2fd29c8804101507c88,0.0
903,0xa30d8157911ef23c46c0eb71889efe6a648a41f7,1512726377,0x86fa049857e0209aa7d9e616f7eb3b3b78ecfdb0,0x9a3582a1daa8a3ba92b82c1814a05f41d4c24283e6e7896e12323bc1c0c16e48,0.0
904,0xa30d8157911ef23c46c0eb71889efe6a648a41f7,1512726774,0x0f5d2fb29fb7d3cfee444a200298f468908cc942,0x2bf4de5bf986e4b3d43251325bdf4d90f26f75deb6443aa844dd7e3846668271,0.0
905,0xa30d8157911ef23c46c0eb71889efe6a648a41f7,1512726850,0x86fa049857e0209aa7d9e616f7eb3b3b78ecfdb0,0x88cfbe11328773732957c134087739b22ad730b2009364ee695557235a7a8dc8,0.0
906,0xa30d8157911ef23c46c0eb71889efe6a648a41f7,1512727076,0x86fa049857e0209aa7d9e616f7eb3b3b78ecfdb0,0xff68e483d38ce035a12ea7cc3399cd373609b6115427efdac5146c95b57af96c,0.0
907,0x17bc58b788808dab201a9a90817ff3c168bf3d61,1512727150,0xa30d8157911ef23c46c0eb71889efe6a648a41f7,0xa3d2cbbb53c63c6eab77e5ab668aa19ec04028c0eff1d889bb4d6052f075c150,2724.4295329716488
908,0x4be2166a8dbe25e79a9b30b4ce26858e10d21e92,1512727248,0x27695e09149adc738a978e9a678f99e4c39e9eb9,0x602e4a935fa5f5c4caac696513c4d695c0d3f8df5aa31f1483761de6748c65b6,0.0
909,0xa30d8157911ef23c46c0eb71889efe6a648a41f7,1512727340,0xd04fdf4b3368a8cfe8a5ec6dd683a2c7653826ad,0x55aea25c4777c3cc767596f37cfb586e2ab885bd491d4efc695d069b1a4bf1a7,0.28
910,0xa30d8157911ef23c46c0eb71889efe6a648a41f7,1512727633,0xfafea99d5b39540701c896b7bdf78eff8a308ebd,0x8a339232e8c3e6eb422c1a81269bba53aff9cb7146fc3ec7287d63bd7d8faf4b,3.04
911,0xa30d8157911ef23c46c0eb71889efe6a648a41f7,1512727717,0xf191515273d0203d2c36d6e657f3f0c927f26464,0xb6a72d8aae3e87eaf7b8fea2bda3724691aa7ab8ab3315d8a75c5593f2804bfd,47.0431149
912,0xa30d8157911ef23c46c0eb71889efe6a648a41f7,1512727807,0x0f5d2fb29fb7d3cfee444a200298f468908cc942,0xbbff0cb059ef8c336d230c6753ccd6e4e30b041c3e60111d1c6f966dd80668e7,0.0
913,0x17bc58b788808dab201a9a90817ff3c168bf3d61,1512727906,0xa30d8157911ef23c46c0eb71889efe6a648a41f7,0xa6acc97fbe4d10ae256178e1348708a851617253544e8e70fdccddb8868baeb0,34.12733444289999
914,0xa30d8157911ef23c46c0eb71889efe6a648a41f7,1512727957,0x266477d4c99a38dd7e33dc5b1cdc839383dd51be,0x6c9e56ecd13989bfacc4c2787b5f2b5f858134da5bb7a1a999a4e214361247c9,15.0
915,0xa30d8157911ef23c46c0eb71889efe6a648a41f7,1512728853,0x86fa049857e0209aa7d9e616f7eb3b3b78ecfdb0,0xee8c40412a1d6684dadc6eb53c024f6a7aa68e13c3f9f3f4dbba9df57e42b15f,0.0
916,0xa30d8157911ef23c46c0eb71889efe6a648a41f7,1512728937,0x86fa049857e0209aa7d9e616f7eb3b3b78ecfdb0,0x85edf3d7cc62d5a56042af3d018e09139e3e95f8923626f90db47eed11e1b0b5,0.0
917,0xa30d8157911ef23c46c0eb71889efe6a648a41f7,1512729021,0x53e817e6083a86ef8896ed2a4db6b6daf57dd82f,0x1cceeddb5a6032f431bc9009be36d7f8babfe35c235f2e322209a4616a0d1a9d,0.0037806999999999997
918,0xa30d8157911ef23c46c0eb71889efe6a648a41f7,1512729136,0x4290563c2d7c255b5eec87f2d3bd10389f991d68,0x3e5be048c269e715fa6bfa3072430027eb8eca986e2c1a2abd6e0b683ba98ea0,0.0
919,0xa30d8157911ef23c46c0eb71889efe6a648a41f7,1512729164,0xd49362862d988bb546bc9cf692d6490456dc5672,0x62f4e60b50b764d8dd1a95b8273deef94abc2c16edf50d0fd1ca3fee89bac2db,8.99
920,0xa30d8157911ef23c46c0eb71889efe6a648a41f7,1512729272,0x5dae5c3ca2019d5f2a4d0fd4334435bf32b5e4c2,0x32db292118a9e93644ec2136e9e154da065de6a76bd659d7a5041092f76528df,5.05
921,0xa30d8157911ef23c46c0eb71889efe6a648a41f7,1512729294,0xe1341f4f86b4ef85b56a7d8397f6d2c5df01ef3a,0x27e9f1f204e51baaf316aaa9714456ecd2eb5bf4de468835e89f765475ae556c,1.0
922,0xa30d8157911ef23c46c0eb71889efe6a648a41f7,1512729384,0x6183a6d0bef218e9285b8366d5f2fe197ebaf7d2,0x6ad20a151999980497428fa093c54bbc86f876a92619dc004b27a73b742298d5,5.85
923,0xa30d8157911ef23c46c0eb71889efe6a648a41f7,1512729523,0x2059d93185e33285ad47ced1e78e91d8364fb2d5,0xe79760905db0dc2a8d7852e3985e810dec80879005ce4e47f3f1a92f43d1436b,6.09
924,0xa30d8157911ef23c46c0eb71889efe6a648a41f7,1512729547,0x4290563c2d7c255b5eec87f2d3bd10389f991d68,0x8aaadd943a40462ae31bb103d4fa5fd3e3c3a3dc3d307219940408c07ee8c765,0.0
925,0xa30d8157911ef23c46c0eb71889efe6a648a41f7,1512729593,0x74b95fdc8618f4e2e23be75339b80d85e21c00a7,0xdf6764ae09204025c7a6d226d6428b758f5be9856b8f154b9e33ff8705336926,0.33799999999999997
926,0xa30d8157911ef23c46c0eb71889efe6a648a41f7,1512729680,0xaf308156c2a172747592111dd4c01fd1c739d9ab,0x926108b5e6cb40c666d3b98351c4cd64d2ed9806233c14cbfb38a69a28234743,0.5636
927,0xa30d8157911ef23c46c0eb71889efe6a648a41f7,1512729731,0x4290563c2d7c255b5eec87f2d3bd10389f991d68,0x289e49163580f020b3209fdafa39dadd71df5223861bf5ca5c67c9fe3c082f9f,0.0
928,0x17bc58b788808dab201a9a90817ff3c168bf3d61,1512729912,0xa30d8157911ef23c46c0eb71889efe6a648a41f7,0x48294cb549bcbb3227ac35a37f26b1ef7ebc8005ea6a57f26d143e549acb5aea,95.68445803000002
929,0xa30d8157911ef23c46c0eb71889efe6a648a41f7,1512730496,0x25f9bfe05381426d3ae6e302d0dd30e82033ad1c,0xdc165b0dea32431454d52ae7f3faa2179ae0d6ceea10fa6a026019a2100351cb,0.0687
930,0xa30d8157911ef23c46c0eb71889efe6a648a41f7,1512731109,0x86fa049857e0209aa7d9e616f7eb3b3b78ecfdb0,0xb0061cd352cd8cc706115dc1fa39fee576a1301058fc593e88b4ea9bb7326dee,0.0
931,0xa30d8157911ef23c46c0eb71889efe6a648a41f7,1512731245,0x5ca9a71b1d01849c0a95490cc00559717fcf0d1d,0x17eea246cff024e5a2a8efc28760d06122b3ad5a4ac5b3ca161b2b36d3638285,0.0
932,0xa30d8157911ef23c46c0eb71889efe6a648a41f7,1512731298,0x86fa049857e0209aa7d9e616f7eb3b3b78ecfdb0,0x59b591008115b13aeed5df08b3abaa109a07b17d0a939ac1516a2fd5def8ea1a,0.0
933,0xa30d8157911ef23c46c0eb71889efe6a648a41f7,1512731536,0xa645264c5603e96c3b0b078cdab68733794b0a71,0x5e23956f9d0967909c8deae28e7ffc39ebe810d61babd6ba9290e76f7659a7f4,0.0
934,0xa30d8157911ef23c46c0eb71889efe6a648a41f7,1512731875,0x86fa049857e0209aa7d9e616f7eb3b3b78ecfdb0,0x2219b0a301ad2807a6091adf996dc2d1bba75652448212ff56b662fbfe707615,0.0
935,0xa30d8157911ef23c46c0eb71889efe6a648a41f7,1512732077,0x86fa049857e0209aa7d9e616f7eb3b3b78ecfdb0,0x36a1ac4851951fed82d1f74205945e888393c71ed6d8f0bf422982a7ac51256a,0.0
936,0xa30d8157911ef23c46c0eb71889efe6a648a41f7,1512733243,0x4290563c2d7c255b5eec87f2d3bd10389f991d68,0xa3c69ef2feae67fb1803b4eb68171e354736058d863f6e8186b206fa8dac9899,0.0
937,0xa30d8157911ef23c46c0eb71889efe6a648a41f7,1512733382,0x86fa049857e0209aa7d9e616f7eb3b3b78ecfdb0,0xac8215f02087bc04d95219c91bfe673c74e7891e11f43a56027cc8c4fb58a59d,0.0
938,0x17bc58b788808dab201a9a90817ff3c168bf3d61,1512733420,0xa30d8157911ef23c46c0eb71889efe6a648a41f7,0x26106b04498f2f969654896267924685813619a3f85dcb20b63a0584edac5c2c,354.707620355
939,0xa30d8157911ef23c46c0eb71889efe6a648a41f7,1512733658,0x266477d4c99a38dd7e33dc5b1cdc839383dd51be,0xdb309fab0f520dec76c8f1688cbbfe124111ef86b61565df6d87460dfd4774a4,10.0
940,0xa30d8157911ef23c46c0eb71889efe6a648a41f7,1512733785,0xba8f356f2f597157c2f9375f26752beceeba5b4e,0xc7f5fc042058611408fa00dc4b2f9d35efc77389b3e83096b6073363d8450705,10.0
941,0xa30d8157911ef23c46c0eb71889efe6a648a41f7,1512733944,0xe0b7927c4af23765cb51314a0e0521a9645f0e2a,0x785b5f2bb1903b72abe518dbada478b7fec4c83724ab61adbb4022bffc314874,0.0
942,0xa30d8157911ef23c46c0eb71889efe6a648a41f7,1512733952,0xcb97e65f07da24d46bcdd078ebebd7c6e6e3d750,0x294a6c9c0c1caa43fb90aa0f821e8024586cf03ac77ff26c6be0816e14f495c1,0.0
943,0xa30d8157911ef23c46c0eb71889efe6a648a41f7,1512734333,0xe0b7927c4af23765cb51314a0e0521a9645f0e2a,0x6ba48ae29ccc730f200b4c48792710408657b5fa6c00724e4ebc69a46884fcad,0.0
944,0xa30d8157911ef23c46c0eb71889efe6a648a41f7,1512734395,0x86fa049857e0209aa7d9e616f7eb3b3b78ecfdb0,0xae04fd99e168f4b98e24fc0ee7638614d914e388bde968fc759c18591f3234f6,0.0
945,0xa30d8157911ef23c46c0eb71889efe6a648a41f7,1512734567,0xd850942ef8811f2a866692a623011bde52a462c1,0x1af26fc536140edf5958d7b7abbd6f5b9d8d4cacdf9e8e855355ad2f805cb369,0.0
946,0xa30d8157911ef23c46c0eb71889efe6a648a41f7,1512734612,0xe0b7927c4af23765cb51314a0e0521a9645f0e2a,0x7ba0c88b29a8c2ce3c982d017a266ee04a4bb8290ef7227dd1761a1b6840a844,0.0
947,0xa30d8157911ef23c46c0eb71889efe6a648a41f7,1512734643,0xa43547d64f7d5ad6d9ba53b7ca86ec751933d1ad,0x0efa98fceaeef5b06c94d06d771cd4f61593e868365c2391d7dec25828a73d85,2.58
948,0xa30d8157911ef23c46c0eb71889efe6a648a41f7,1512734770,0x0f5d2fb29fb7d3cfee444a200298f468908cc942,0xaef070a5eb06dd39cef6a09ad855beb82b563f2a0b6ecb8a3c20feecc02b00d6,0.0
949,0xa30d8157911ef23c46c0eb71889efe6a648a41f7,1512735086,0x86fa049857e0209aa7d9e616f7eb3b3b78ecfdb0,0x04cb3757872ea70310d75b1244eea74501ef2549b00b526ad0dff70c8fef6cae,0.0
950,0xa30d8157911ef23c46c0eb71889efe6a648a41f7,1512735215,0x0f5d2fb29fb7d3cfee444a200298f468908cc942,0x98ea56fc95a8434d64d9928fc53141631b5090e3f11a1f68cfd1546830e7940d,0.0
951,0xa30d8157911ef23c46c0eb71889efe6a648a41f7,1512735283,0xe0b7927c4af23765cb51314a0e0521a9645f0e2a,0xde266a3880786d91aaf52564d9d0deb2dc3df7d4bc732eaa89c472eaf9444063,0.0
952,0xa30d8157911ef23c46c0eb71889efe6a648a41f7,1512735401,0x86fa049857e0209aa7d9e616f7eb3b3b78ecfdb0,0x49ec68a2f208d6bb28bebf8252cf255508401eb49dbba169276cd4800a49712c,0.0
953,0xa30d8157911ef23c46c0eb71889efe6a648a41f7,1512735547,0x86fa049857e0209aa7d9e616f7eb3b3b78ecfdb0,0x2b6dba340f3c4bf5857c7f53ba2ae4d3d0f3f94de546912fa1b7ea2e9c9305cf,0.0
954,0xa30d8157911ef23c46c0eb71889efe6a648a41f7,1512735904,0xaf30d2a7e90d7dc361c8c4585e9bb7d2f6f15bc7,0x97ff3e0921eb9c285b42705d4644f2ebe402c84fdc2834c432a0ead75bbef22b,0.0
955,0xa30d8157911ef23c46c0eb71889efe6a648a41f7,1512736300,0xe0b7927c4af23765cb51314a0e0521a9645f0e2a,0x393df81573eb727304dc3029d130ca8ff1f7ef171b60fcc4ca5bdfb052e60390,0.0
956,0x17bc58b788808dab201a9a90817ff3c168bf3d61,1512736300,0xa30d8157911ef23c46c0eb71889efe6a648a41f7,0x0bbf99de3b557f9c912b981c7849ba318016c7298f01846d2fac7f3c1399f907,95.97675755000002
957,0xa30d8157911ef23c46c0eb71889efe6a648a41f7,1512736778,0x86fa049857e0209aa7d9e616f7eb3b3b78ecfdb0,0xe5ec7ee90555c0babed8f1661e40b1b68abddc698e0d292557e3e88e04773d4c,0.0
958,0xa30d8157911ef23c46c0eb71889efe6a648a41f7,1512736807,0xd850942ef8811f2a866692a623011bde52a462c1,0x02ae36f9030249cb5d5116d3a93b7676a30de085bd33e9e1d15aa0237ffebf85,0.0
959,0xa30d8157911ef23c46c0eb71889efe6a648a41f7,1512737002,0xa598c092368fd10f60d6841e3aa1549510930b2d,0x117755ead2c67970a2c230ef5174cedc5ae661f0d6ec40321de9583920651df4,1.0064
960,0xa30d8157911ef23c46c0eb71889efe6a648a41f7,1512737081,0x7a2487f85527f4d4bb947eb57a3f3ccf2100cd20,0x04845f892466cc209c8f9634c65835f2d5ccf250509c54331e2a98901941d2d2,5.1
961,0xa30d8157911ef23c46c0eb71889efe6a648a41f7,1512737687,0xd850942ef8811f2a866692a623011bde52a462c1,0x960cc1a8a3709a995c95bd020a1eb4815d8d3a13c795d1aac89aeccfb8f9c8bd,0.0
962,0xa30d8157911ef23c46c0eb71889efe6a648a41f7,1512737713,0x0f0db5cc6de9c9d98019da7a7643c495e3f1f214,0x4547fe545e77c72eed20947380369f3525c54efdc589120c17006969071af6b4,5.16
963,0xa30d8157911ef23c46c0eb71889efe6a648a41f7,1512737713,0xd04fdf4b3368a8cfe8a5ec6dd683a2c7653826ad,0x22cfbb974c88df66f2b57db9a9987cd625f9f8cd5dd395ac558642df1684e15a,7.0
964,0xa30d8157911ef23c46c0eb71889efe6a648a41f7,1512738348,0xb97048628db6b661d4c2aa833e95dbe1a905b280,0x702735ee24dc78ca48a5fac305f82b1439bf5a5ac86e050682ab946a35f8c074,0.0
965,0xa30d8157911ef23c46c0eb71889efe6a648a41f7,1512738614,0x86fa049857e0209aa7d9e616f7eb3b3b78ecfdb0,0x6aa906cf3f1914633295958270ae410782b3b4df8d946b98776ad72f277c9332,0.0
966,0xa30d8157911ef23c46c0eb71889efe6a648a41f7,1512739043,0xb97048628db6b661d4c2aa833e95dbe1a905b280,0x8a029f9eb403dea8a5cc2b6b0437fe29a874224bca52631fe7ae44dfbad3a417,0.0
967,0xa30d8157911ef23c46c0eb71889efe6a648a41f7,1512739128,0x86fa049857e0209aa7d9e616f7eb3b3b78ecfdb0,0x326bc8f57902afc1fb59ef22f30a29198c90ac6df71c5d596e02a0ca5787d9b3,0.0
968,0xa30d8157911ef23c46c0eb71889efe6a648a41f7,1512739475,0x2059d93185e33285ad47ced1e78e91d8364fb2d5,0x72435bbaafc18f1c6373f3d713cabe57c31fb948440498f3023cc61908f5db24,1.43
969,0xa30d8157911ef23c46c0eb71889efe6a648a41f7,1512739539,0xd4b5cfb825e10222f1d742e4ff95301103d66468,0x8ce8fa07e708ed1a8582e84feb76a6780e519a31edd9dfd1ae26daca433ee4c3,5.01
970,0xa30d8157911ef23c46c0eb71889efe6a648a41f7,1512739576,0x86fa049857e0209aa7d9e616f7eb3b3b78ecfdb0,0x2a415fe772e520f1ae07739fc09f5e13b54882e5ff46daf81259474686ac1eb4,0.0
971,0xa30d8157911ef23c46c0eb71889efe6a648a41f7,1512740805,0xb684d32a7c18105481c6a29244f4bf91518f4412,0x61ae6c8262840e86f3b6f5b88e9c4e2271cb23011e3bb9b43610b85b510f867c,5.0
972,0xa30d8157911ef23c46c0eb71889efe6a648a41f7,1512741036,0x86fa049857e0209aa7d9e616f7eb3b3b78ecfdb0,0x9fb1bb5ea78c213efde42c5f840a26edbc165bd67824f642b0f7cfe22beb385a,0.0
973,0xa30d8157911ef23c46c0eb71889efe6a648a41f7,1512741399,0x5dae5c3ca2019d5f2a4d0fd4334435bf32b5e4c2,0x0231cf8e616e8f10386910d6164a169f1b955a40c73a7701d93fb71e1ef3d40f,2.0
974,0xa30d8157911ef23c46c0eb71889efe6a648a41f7,1512741836,0x5dae5c3ca2019d5f2a4d0fd4334435bf32b5e4c2,0x25329b443681e4f126278794abeeb899680ee67a09b0b03fcdb381fbb166750f,20.2
975,0xa30d8157911ef23c46c0eb71889efe6a648a41f7,1512742093,0x86fa049857e0209aa7d9e616f7eb3b3b78ecfdb0,0x5d3abd3b755c9d42ccfeac8704d1f9ffb5f9315332817e5c9402ef7d7f1bd0a7,0.0
976,0xa30d8157911ef23c46c0eb71889efe6a648a41f7,1512742378,0x6c3035f2de2acb7a2304b087937ddd2e110f3780,0x29ea15fbc018d979b76701782f09a47edba3d9de062ddabf82364f5f7a1a3506,0.0432
977,0xa30d8157911ef23c46c0eb71889efe6a648a41f7,1512742456,0x86fa049857e0209aa7d9e616f7eb3b3b78ecfdb0,0xf889927d63d8e4ad9b799732e22648388e29d7e0c957c3826a20a123e3d40416,0.0
978,0xa30d8157911ef23c46c0eb71889efe6a648a41f7,1512743282,0x33b740f9acb54eb352570f7642303172b4713b86,0xd28438e93af217bfdc63bb289b2fe6c1e8f99e88315642b7c6c3c74ddbcec1e2,55.0
979,0xa30d8157911ef23c46c0eb71889efe6a648a41f7,1512744459,0x86fa049857e0209aa7d9e616f7eb3b3b78ecfdb0,0x2c5d6fcdde4076264a4983932aaf973a22ddee5dbe3c526406b2fdfaf62cecc0,0.0
980,0xa30d8157911ef23c46c0eb71889efe6a648a41f7,1512744496,0x4ad3a8b5f361689c9398bffe63147517501dede4,0x5c857c93ebfcd81d0545306b00e4eafde9ef7176690818dca47a142625fb2a18,1.8
981,0xa30d8157911ef23c46c0eb71889efe6a648a41f7,1512744546,0xd26114cd6ee289accf82350c8d8487fedb8a0c07,0x6b397c7468dbb0f0ee53e27747ec1f1a7366f4f1390ac487d89af336bc13ceba,0.0
982,0xa30d8157911ef23c46c0eb71889efe6a648a41f7,1512744625,0xd850942ef8811f2a866692a623011bde52a462c1,0xbec46d5873bb882996a4e00f6f678470ab059f4d5e2d96f68d61b8ca258d24c3,0.0
983,0xa30d8157911ef23c46c0eb71889efe6a648a41f7,1512744645,0x5e8b70b5215c6842a9d4f38fdc4e0dfcec8f2249,0x46896e17131ee920e7df541ec1a463b54fb54e81821b97f469d63b162fd9f316,5.06
984,0x4be2166a8dbe25e79a9b30b4ce26858e10d21e92,1512744791,0xff603f43946a3a28df5e6a73172555d8c8b02386,0x8c9c374d737d494cd485323c8f1811c06d6e6f6474086deeba355c0adb852b23,0.0
985,0xa30d8157911ef23c46c0eb71889efe6a648a41f7,1512745220,0xf7920b0768ecb20a123fac32311d07d193381d6f,0xfff751c9a0e7e735e10afa397973057cd13d454ba369796a933505451b1691e4,0.0
986,0xa30d8157911ef23c46c0eb71889efe6a648a41f7,1512745644,0xa43547d64f7d5ad6d9ba53b7ca86ec751933d1ad,0x06a7fc58cbca3365c0f0cb04622a9eecec36564ad10375c0a3a5f4abeb10783b,5.0
987,0xa30d8157911ef23c46c0eb71889efe6a648a41f7,1512746079,0xcb97e65f07da24d46bcdd078ebebd7c6e6e3d750,0x3cd125c0c38fa8f9c90967450fe790a4428b0484eccdcd8acae7510c55d2e4ee,0.0
988,0xa30d8157911ef23c46c0eb71889efe6a648a41f7,1512746233,0xcb97e65f07da24d46bcdd078ebebd7c6e6e3d750,0x1089e960255fbee5a9762040dc6752709e721687453e0fe13c0ce756698f631b,0.0
989,0xa30d8157911ef23c46c0eb71889efe6a648a41f7,1512746587,0x46744d3d4e13dfd293283990281e8a55ebedc933,0x9c18c64012a47ce5afa8c8b6dc4fb1c2771c046d05620fef5f2a3e7a955fa2c8,0.99
990,0xa30d8157911ef23c46c0eb71889efe6a648a41f7,1512747123,0xd787fa3bc0d3e569c9f7ffd78ec18dfdb80edd35,0x5c94b19edbd73e3bb9bdae8fc8f648b269f6df2d76988c87cfaca4e46a93d1b4,5.0
991,0xa30d8157911ef23c46c0eb71889efe6a648a41f7,1512747372,0x177d39ac676ed1c67a2b268ad7f1e58826e5b0af,0xf9311f49c2ef3fb1597b9022c4a06ea922337a11a018f24d0c61bf997a07c907,0.0
992,0xa30d8157911ef23c46c0eb71889efe6a648a41f7,1512747865,0x86fa049857e0209aa7d9e616f7eb3b3b78ecfdb0,0x15be9141716e58f75d79de28b57c7fe097a6c2dce64ffdbfd126604676519554,0.0
993,0xa30d8157911ef23c46c0eb71889efe6a648a41f7,1512747907,0x85a51571a0946efd6929170ef62b811543edbc39,0x16c328ffec4dea8204ad61b68f3fa53cc2e3c0583a878e4adb92145fcf3796b1,1.0
994,0xa30d8157911ef23c46c0eb71889efe6a648a41f7,1512748254,0x05d5c4a8a5c7b28a6258dd04f6d76da3d72e3791,0x3d39478bce3bc15014a9fd4645407a57cbde26d620de226ca7651ee88e37cd58,9.58
995,0xa30d8157911ef23c46c0eb71889efe6a648a41f7,1512749653,0xcc4caeb3d86288764efa3355c6b229d65e00a8b2,0x33e0d7bef1847cfeaad44c9c212e2dc6f8336f96924ec549da45dd555734c03d,0.5
996,0xa30d8157911ef23c46c0eb71889efe6a648a41f7,1512749870,0x3204db23adc769de6abffd540769cfb36e5649f9,0xe2be47e51c470bd475b6a21939805042f8a8c886e22bb638ce9496c919389981,3.0
997,0xa30d8157911ef23c46c0eb71889efe6a648a41f7,1512750905,0x913dbf76cba57ff8cd6451a88e75341ddf5f1088,0x777643bacf72badba4613155237ee216564a8a40e3bab257983cc256b237b635,0.181713
998,0xa30d8157911ef23c46c0eb71889efe6a648a41f7,1512751327,0x86fa049857e0209aa7d9e616f7eb3b3b78ecfdb0,0xbec5fcca3e131e93a52bf4094e5c5a1efd1211bd33d134f09c188b01b99ccfdd,0.0
999,0xa30d8157911ef23c46c0eb71889efe6a648a41f7,1512751390,0xdac7db8478c58a835588a4f75b0201937f5b4230,0x6b141812b7d63d6e5def722c1e466200d92027f51aade8c0987104c66f1d5179,20.0
1000,0xa30d8157911ef23c46c0eb71889efe6a648a41f7,1512751708,0xf5f3830bacaa415d9ed3561e0314d05d710e33dd,0xc955267b07dae5b1acc3a156408a93535fcc457e9885c5ee0ee8bf52a4507377,12.005
1001,0xa30d8157911ef23c46c0eb71889efe6a648a41f7,1512752066,0x86fa049857e0209aa7d9e616f7eb3b3b78ecfdb0,0xe6d75b859e6ede941872675e6d516ec074fe8fb94e3fe31c7f0cb1755a69f126,0.0
1002,0xa30d8157911ef23c46c0eb71889efe6a648a41f7,1512752268,0xb97048628db6b661d4c2aa833e95dbe1a905b280,0x133321dccadd206502529ffb4d489b2ce76164b30405aab9388e17580d97c4b4,0.0
1003,0xa30d8157911ef23c46c0eb71889efe6a648a41f7,1512752382,0x08f5a9235b08173b7569f83645d2c7fb55e8ccd8,0x0b45ed2f44c8ca1f37bb4b08b380a2957246b172ac5fea815f7439607233b12a,0.0
1004,0xa30d8157911ef23c46c0eb71889efe6a648a41f7,1512752806,0x665a94f9020f1bda1982ddf4b43752c79daa4cf0,0x350234e8dec2f03d224c8fa2dbf555bd02a7736991b1c5fda57c6dae4613ab2b,3.1
1005,0xa30d8157911ef23c46c0eb71889efe6a648a41f7,1512752825,0xf7920b0768ecb20a123fac32311d07d193381d6f,0x63e4afd2b2bb46c0bf44d3efcd1877a83f9f33c3a6d4b3b5dfbc2f9ab79b0aea,0.0
1006,0xa30d8157911ef23c46c0eb71889efe6a648a41f7,1512754011,0x86fa049857e0209aa7d9e616f7eb3b3b78ecfdb0,0xc6760a6d40e908af2772c4f43379fbd60c8f4f84336db7014a8ea748743b65f5,0.0
1007,0xa30d8157911ef23c46c0eb71889efe6a648a41f7,1512754643,0x86fa049857e0209aa7d9e616f7eb3b3b78ecfdb0,0x4c75f903c2ca4d5f95d7069918669d4a9c3a9fb1356319a6a45f7a74dd29086b,0.0
1008,0xa30d8157911ef23c46c0eb71889efe6a648a41f7,1512754793,0xf54f2cb11c2f92cb8e4df572505be6a4e66b5646,0xcf6a5ca2942b83765bea19bf5296f1ae73d9fedb1bad1d9039e5aff158251328,28.43
1009,0xa30d8157911ef23c46c0eb71889efe6a648a41f7,1512755183,0x86fa049857e0209aa7d9e616f7eb3b3b78ecfdb0,0x894afff61b275a53a275f7fd095b3c35e456a6a37830f2651cefad65d7e8c292,0.0
1010,0xa30d8157911ef23c46c0eb71889efe6a648a41f7,1512755333,0xfb1fd18d1a0597d023952272ab76a280632b4e70,0xcf87d7c4fc48e74543b2ce94ed97757c57af07c090c3b369d1ecd5c6b1740610,3.0
1011,0xa30d8157911ef23c46c0eb71889efe6a648a41f7,1512756123,0x46aef716cd4a6e3d1b3e6913cedc09f16de75ea6,0x173eaba574dc7e29362d2fd3e53c755bd0fbf4bcaf5934e3608032ec35762d1c,0.89
1012,0xa30d8157911ef23c46c0eb71889efe6a648a41f7,1512756357,0xf5f3830bacaa415d9ed3561e0314d05d710e33dd,0x36397780ca3586a1c74b2c9cdf9534bcdbbd30ba3ab26cacf306d0d75920d3e4,12.005
1013,0xa30d8157911ef23c46c0eb71889efe6a648a41f7,1512756473,0x0f5d2fb29fb7d3cfee444a200298f468908cc942,0x08c29b965f613dd9486aafad4605540260247b9f4360b6f7a5ffe07333c84721,0.0
1014,0xa30d8157911ef23c46c0eb71889efe6a648a41f7,1512756844,0x0f5d2fb29fb7d3cfee444a200298f468908cc942,0xd2ba349bdca07d694db9f8f206538fc53939bed9c9cd18dea0b5307f558b5672,0.0
1015,0xa30d8157911ef23c46c0eb71889efe6a648a41f7,1512756911,0x8effd494eb698cc399af6231fccd39e08fd20b15,0x4a396ae8c4ab8fda489bfc68398e50ea80360c613659d826cb0635844549beb5,0.0
1016,0xa30d8157911ef23c46c0eb71889efe6a648a41f7,1512757060,0xf5f3830bacaa415d9ed3561e0314d05d710e33dd,0x33f8ccdd4630b0e18963964cb5ad807e70263327d4075af57e6c6e8a5cfb2f9e,13.005
1017,0xa30d8157911ef23c46c0eb71889efe6a648a41f7,1512757165,0x86fa049857e0209aa7d9e616f7eb3b3b78ecfdb0,0x40a1af33793c64c2e53f23ab748edc5923044689137c527490510c0d7e306183,0.0
1018,0xa30d8157911ef23c46c0eb71889efe6a648a41f7,1512757300,0x86fa049857e0209aa7d9e616f7eb3b3b78ecfdb0,0x04e33f8826ce48573413815caa610dc6f39b77c772e57d44a6fc91030f5bd9fc,0.0
1019,0xa30d8157911ef23c46c0eb71889efe6a648a41f7,1512757404,0xdd3084f0665ef85e859bfdef46309f68ed9cc77e,0x38bd266418496db808f0bacc1c7eda77025eb417d18f0676940f58fe370d9a68,6.2
1020,0xa30d8157911ef23c46c0eb71889efe6a648a41f7,1512757447,0xb63b606ac810a52cca15e44bb630fd42d8d1d83d,0x50870c7d9ac3dc6d0ec14c7270c176e9e29f1911b44f393b4e0d416d159672f1,0.0
1021,0xa30d8157911ef23c46c0eb71889efe6a648a41f7,1512757581,0xb63b606ac810a52cca15e44bb630fd42d8d1d83d,0x109d358c2f2a9f6bd37b4057274eb85df50dc25664f96a8c7806427a04ec3d89,0.0
1022,0xa30d8157911ef23c46c0eb71889efe6a648a41f7,1512757831,0xb63b606ac810a52cca15e44bb630fd42d8d1d83d,0x2158245659ffa5c1e8a191b03f9b90ee9d7e2ca36d32aaed110a398459335b08,0.0
1023,0xa30d8157911ef23c46c0eb71889efe6a648a41f7,1512757904,0xf5f3830bacaa415d9ed3561e0314d05d710e33dd,0xba64cfdfcca72497fdc9ed97a2a345724da19cc1695757cf76edac6a20f5621b,12.005
1024,0xa30d8157911ef23c46c0eb71889efe6a648a41f7,1512758076,0x0f5d2fb29fb7d3cfee444a200298f468908cc942,0x8e13185e9db447a6bfc9b2b3ec143915e121405b91579065205170a847f52cee,0.0
1025,0xa30d8157911ef23c46c0eb71889efe6a648a41f7,1512758366,0xb63b606ac810a52cca15e44bb630fd42d8d1d83d,0xbcd7ef3f51d6785b43e20b29e783a5cd059ea0fe7e961f852ec35f5734a50017,0.0
1026,0xa30d8157911ef23c46c0eb71889efe6a648a41f7,1512758511,0xf5f3830bacaa415d9ed3561e0314d05d710e33dd,0x32324f2c9b50348925818b1fa84432bf324860a63433ae4badb3c77c8d09e860,18.0
1027,0xa30d8157911ef23c46c0eb71889efe6a648a41f7,1512758627,0x9583251c938f9c03aa210d4acacbb953f10cfda3,0xb13d825c2f8d8f6ff8ca9af92520aa78ed55f9cd7f20cce097a4d542443320fa,1.6254
1028,0xa30d8157911ef23c46c0eb71889efe6a648a41f7,1512759309,0xb63b606ac810a52cca15e44bb630fd42d8d1d83d,0xc587ea22d8da2d7d8f83f3e204d0f877e78860970addeaa5def4fcfec7f34403,0.0
1029,0xa30d8157911ef23c46c0eb71889efe6a648a41f7,1512759385,0xb63b606ac810a52cca15e44bb630fd42d8d1d83d,0x1e88e9d61ced094d7290d5fd772235eb907c6c6caedd026df6afa323dd921623,0.0
1030,0xa30d8157911ef23c46c0eb71889efe6a648a41f7,1512759442,0xf5f3830bacaa415d9ed3561e0314d05d710e33dd,0xf5b1812c4dfe27d57a3e257594c62f75ebf0ddbacef26498fe6cbb62f5fefdf6,13.49
1031,0xa30d8157911ef23c46c0eb71889efe6a648a41f7,1512759685,0xb63b606ac810a52cca15e44bb630fd42d8d1d83d,0xdc0cedb0ca9c8210c4f8a2e7663c8a5bb63be9006e1e26e0c30ca50cce29f871,0.0
1032,0xa30d8157911ef23c46c0eb71889efe6a648a41f7,1512760295,0xb63b606ac810a52cca15e44bb630fd42d8d1d83d,0x64098c7b02068c0b8d3bac54f4fd6754402ddbd7f697621fe0d995fd3925c464,0.0
1033,0xa30d8157911ef23c46c0eb71889efe6a648a41f7,1512760589,0xb63b606ac810a52cca15e44bb630fd42d8d1d83d,0x2e0eea64f00090c34c154c22d7393ec1ffe72102af2f42d4ae86ed927f990294,0.0
1034,0xa30d8157911ef23c46c0eb71889efe6a648a41f7,1512760695,0xb63b606ac810a52cca15e44bb630fd42d8d1d83d,0x0fd1fe18f3c5dd41d3ca29b57575af7fa53165affb452e877daf02d8e2c21b6c,0.0
1035,0xa30d8157911ef23c46c0eb71889efe6a648a41f7,1512761124,0x08f5a9235b08173b7569f83645d2c7fb55e8ccd8,0x7988e6d5de91108c3a008fc4a39f0fc552b096994237166b823959bb5ded64a9,0.0
1036,0xa30d8157911ef23c46c0eb71889efe6a648a41f7,1512761336,0x744d70fdbe2ba4cf95131626614a1763df805b9e,0xe030498d9d648ad7921d86d9398ca35027d08279cd4fe57e47bf094f70ee6b8e,0.0
1037,0xa30d8157911ef23c46c0eb71889efe6a648a41f7,1512769975,0xb97048628db6b661d4c2aa833e95dbe1a905b280,0x100636c996ad4e52cfaff02e2942c5d5f078c5d906eddb522d69841604c4dd49,0.0
1038,0xa30d8157911ef23c46c0eb71889efe6a648a41f7,1512770124,0xb63b606ac810a52cca15e44bb630fd42d8d1d83d,0x3dc32aedb4a6b4b52e5ba675b02cba5f5ed0be01081e13d95a62803d6c938c2a,0.0
1039,0xa30d8157911ef23c46c0eb71889efe6a648a41f7,1512770171,0xd850942ef8811f2a866692a623011bde52a462c1,0xaee8be84eafa48ff6f6d482bff3528b3c65664026aaedd458bc65a357b41abf6,0.0
1040,0xa30d8157911ef23c46c0eb71889efe6a648a41f7,1512770338,0xe0b7927c4af23765cb51314a0e0521a9645f0e2a,0xfe2db986230d659cf9f35218b640cf8b1d1d891ed219d9a02183457cfbcec00f,0.0
1041,0xa30d8157911ef23c46c0eb71889efe6a648a41f7,1512770939,0xb63b606ac810a52cca15e44bb630fd42d8d1d83d,0x8241edd4fd3cd85703b855bf60402a4ea24412bfdf4dcc9c23fbfc2bf008bdbc,0.0
1042,0xa30d8157911ef23c46c0eb71889efe6a648a41f7,1512771022,0xb63b606ac810a52cca15e44bb630fd42d8d1d83d,0x835fcdb89c464bb9c12139cd1b85c44d81ac4e21e1be0f02a7d2fbe331060a74,0.0
1043,0xa30d8157911ef23c46c0eb71889efe6a648a41f7,1512771022,0xf7920b0768ecb20a123fac32311d07d193381d6f,0x4523f780f513b197d6545740fd8a003b40f325c0dc917d1e0c4bcdb77ee2ce72,0.0
1044,0xa30d8157911ef23c46c0eb71889efe6a648a41f7,1512773595,0x2ef1aeaa809aab6a4d4ff41bc65e70d2581fd3de,0xd3f49237539c33653ad4d66c9165d1030a35413df3056c11a202e599c1dd440b,18.0
1045,0xa30d8157911ef23c46c0eb71889efe6a648a41f7,1512777120,0xb97048628db6b661d4c2aa833e95dbe1a905b280,0x14cbc26c1d1f82c53500e181424b636bf062784988d26e4e3bafc45e83ed1238,0.0
1046,0xa30d8157911ef23c46c0eb71889efe6a648a41f7,1512778102,0xe0b7927c4af23765cb51314a0e0521a9645f0e2a,0xb79595fad589d0c815579ee35d3aeaeaa7595599f8672fab9c2081d8ef24dd1a,0.0
1047,0xa30d8157911ef23c46c0eb71889efe6a648a41f7,1512778918,0x86fa049857e0209aa7d9e616f7eb3b3b78ecfdb0,0x7d9e645ddbaeae40a9a06133767621201d51267dd4cf51f409b1004ce8bc0718,0.0
1048,0xa30d8157911ef23c46c0eb71889efe6a648a41f7,1512780531,0x6a344252c80016c0a045284d7b4ccc6c23e58b16,0xf6f8f98692b4700a81a1797294009e6bde8fb354ca9537d38d4eff1d83f8db82,0.0985
1049,0xa30d8157911ef23c46c0eb71889efe6a648a41f7,1512781605,0x30b0489d2b8d2213f4cc1a17e90cb8c8463d18e2,0x40134a109b3e9c4b0c886e97d017aff53e27939df049d4833075aad9529d9b1a,1.1461
1050,0xa30d8157911ef23c46c0eb71889efe6a648a41f7,1512781709,0x86fa049857e0209aa7d9e616f7eb3b3b78ecfdb0,0x332f0fabedb804eac28360b147ae3a330163a7f7117376221af03ddfca53cbc9,0.0
1051,0xa30d8157911ef23c46c0eb71889efe6a648a41f7,1512781755,0x2c91342d1f0ca0be402796c7dcf7927cc81bd0f5,0x84dcc41adfe45a25b00e2f45f59b7ad1c0bf7f4d64eb96fb8b015539576e2a18,10.0
1052,0xa30d8157911ef23c46c0eb71889efe6a648a41f7,1512782379,0x0f5d2fb29fb7d3cfee444a200298f468908cc942,0xb780383c7e4d1861bc2783522abf230a6dbeb675eded9064f9fc7754427e4186,0.0
1053,0xa30d8157911ef23c46c0eb71889efe6a648a41f7,1512782794,0xf5f3830bacaa415d9ed3561e0314d05d710e33dd,0x96525ea43e11cff6b72f5f0330780b4e5420f67b71f1e183b1fb698f1699d51f,12.005
1054,0xa30d8157911ef23c46c0eb71889efe6a648a41f7,1512783713,0xf5f3830bacaa415d9ed3561e0314d05d710e33dd,0xc5ab113a728dec05bc96fb1d33162f755f615723b65191ebe0f637a438d3abf4,12.005
1055,0xa30d8157911ef23c46c0eb71889efe6a648a41f7,1512784058,0xd850942ef8811f2a866692a623011bde52a462c1,0xd157eb77f7058f8fc8c5fb7b8eab57e79ea54ab298340fa0b4c0d2eb0eb7d74c,0.0
1056,0xa30d8157911ef23c46c0eb71889efe6a648a41f7,1512784099,0x86fa049857e0209aa7d9e616f7eb3b3b78ecfdb0,0xdf92b671843df5ed5c36732468c63f2342ee65323524b4952b70507239fbb076,0.0
1057,0xa30d8157911ef23c46c0eb71889efe6a648a41f7,1512784394,0x86fa049857e0209aa7d9e616f7eb3b3b78ecfdb0,0xed46be2857f672223a82e499b691ff1eee7cc8c54590db402eb650b2ca7059a1,0.0
1058,0xa30d8157911ef23c46c0eb71889efe6a648a41f7,1512784615,0x14d68aa1f295e38b0f553023731d75927e98ea88,0x92becd3e857bb8f38aebded50c491dc453aaf1123ac78f74b933739e4dcbc5ee,10.0
1059,0xa30d8157911ef23c46c0eb71889efe6a648a41f7,1512785129,0xf7920b0768ecb20a123fac32311d07d193381d6f,0xcca02c4803ebf8d230da9a08cee3cf23308a5d128198f18272fab591e3ab01e6,0.0
1060,0xa30d8157911ef23c46c0eb71889efe6a648a41f7,1512785402,0x0f5d2fb29fb7d3cfee444a200298f468908cc942,0x878ada53105194e8f34bac3f1e040c859f4d98c1c80ea6a4555f23809d0124dd,0.0
1061,0xa30d8157911ef23c46c0eb71889efe6a648a41f7,1512785855,0xf5f3830bacaa415d9ed3561e0314d05d710e33dd,0x226dd4ac8c423b7d32ce33b6a62381f8437486ae83ff8e49298dfb56a007f9d8,12.562999999999999
1062,0xa30d8157911ef23c46c0eb71889efe6a648a41f7,1512786284,0x7ebd963f6bd83e7fefe51cdf94cf7cee3704e949,0xfd5241b25c788cf600e5bcc3c212e684430fb1376c840b1c4953a0a540eb53c1,0.5
1063,0xa30d8157911ef23c46c0eb71889efe6a648a41f7,1512786526,0x5ace4f6a50a68cdee0dc2f7d9c0b91be23b328f6,0x6086d0c739b88bb947ebaf3072b054e88944ef4460ed051007aed00e1a216760,0.8
1064,0xa30d8157911ef23c46c0eb71889efe6a648a41f7,1512786829,0x86fa049857e0209aa7d9e616f7eb3b3b78ecfdb0,0x0e8e03183bf5d5be94eb653d6643e6e616f20fbff44f7c677538f2f390c7ff76,0.0
1065,0xa30d8157911ef23c46c0eb71889efe6a648a41f7,1512787176,0x86fa049857e0209aa7d9e616f7eb3b3b78ecfdb0,0x40dc39efad39587a737cd10b5346f3a088f475d6da87998cbcd920c212bc078e,0.0
1066,0xa30d8157911ef23c46c0eb71889efe6a648a41f7,1512787338,0xf1a23a6d63b846ed6d159f0aeaf176d425c85eee,0x0da3d600193314972d016bdbd1890c5c2bb9388f2c496d9f44d0f0da7d7606fb,1.88
1067,0xa30d8157911ef23c46c0eb71889efe6a648a41f7,1512787476,0x86fa049857e0209aa7d9e616f7eb3b3b78ecfdb0,0xd958e67709047ff6bc7fe6854952359cc3134bd34999c6a9a2f21d42aee3dd57,0.0
1068,0xa30d8157911ef23c46c0eb71889efe6a648a41f7,1512787903,0xceb7811fbfd003fe5030d16990401fba464ee039,0xb458935a4989e6ba780e6efcd5a7d085679b4add4376229c04e5afdcda281a22,0.99
1069,0xa30d8157911ef23c46c0eb71889efe6a648a41f7,1512788176,0x86fa049857e0209aa7d9e616f7eb3b3b78ecfdb0,0xae103979e20d808319d60e7761d632205de711812d8b8bc36581ce168c0b2d4a,0.0
1070,0xa30d8157911ef23c46c0eb71889efe6a648a41f7,1512788404,0x86fa049857e0209aa7d9e616f7eb3b3b78ecfdb0,0x9390e25fb47bf1acf739d54e556424820863c3e2581ee1dd9c05abde8ce63f3d,0.0
1071,0xa30d8157911ef23c46c0eb71889efe6a648a41f7,1512788794,0xdd3084f0665ef85e859bfdef46309f68ed9cc77e,0x140f6231f13ae4157e7d7987ee3368202176e72f6e6e8ab6bcd8a558ed7bab8c,0.5
1072,0xa30d8157911ef23c46c0eb71889efe6a648a41f7,1512789074,0x86fa049857e0209aa7d9e616f7eb3b3b78ecfdb0,0xbb9b1e2619577c2eb4d16b3b15c880680b1dd80cb575b07d334fe3c6908342f8,0.0
1073,0xa30d8157911ef23c46c0eb71889efe6a648a41f7,1512789174,0x86fa049857e0209aa7d9e616f7eb3b3b78ecfdb0,0x51a90469c7f2647c53d4c1ac1f7e8829ea6475b5446a8898213ae037fc0bed9e,0.0
1074,0xa30d8157911ef23c46c0eb71889efe6a648a41f7,1512789315,0x1c4b974342d6440f7d6a8d01e1faab2708fa646a,0x56ad95dc192d3b3bbf869f4a37d1e5dac7d3571652d8cd96bdea69cc81bf5d70,4.7043
1075,0xa30d8157911ef23c46c0eb71889efe6a648a41f7,1512789624,0x86fa049857e0209aa7d9e616f7eb3b3b78ecfdb0,0x72760c313f7e896f1997c0d6522cbedb4dcac039b315f4ad5f97d16e0d6f783a,0.0
1076,0xa30d8157911ef23c46c0eb71889efe6a648a41f7,1512789830,0x4290563c2d7c255b5eec87f2d3bd10389f991d68,0x1de4781f49831c921659dd9a4e284cf1d15ce3990f507ff92ae9eb8464f1bf70,0.0
1077,0xa30d8157911ef23c46c0eb71889efe6a648a41f7,1512789966,0x86fa049857e0209aa7d9e616f7eb3b3b78ecfdb0,0x6f252d3431a95f53a1663e812c24d08c3bc1b3a4900eb207d0f8401719668c4b,0.0
1078,0xa30d8157911ef23c46c0eb71889efe6a648a41f7,1512790075,0x86fa049857e0209aa7d9e616f7eb3b3b78ecfdb0,0x98d153193fbc650697b810a0f830c9ea6d3d0f126ac74576c9a84eed85c1407d,0.0
1079,0xa30d8157911ef23c46c0eb71889efe6a648a41f7,1512790143,0xb63b606ac810a52cca15e44bb630fd42d8d1d83d,0xe25a4b7b514f9c64aef8df51b3569f7b9fc369e349adf60eb09af99c502245a3,0.0
1080,0xa30d8157911ef23c46c0eb71889efe6a648a41f7,1512790232,0xe0b7927c4af23765cb51314a0e0521a9645f0e2a,0xe2da44464d71d91930079367371323de27d7b33bdbf47f88139c5cc95247155d,0.0
1081,0xa30d8157911ef23c46c0eb71889efe6a648a41f7,1512790493,0xb63b606ac810a52cca15e44bb630fd42d8d1d83d,0x121b54fc8ba89ba8d27beb574eb443d6f7eaa316e92d2f36fc155d9994a976ef,0.0
1082,0xa30d8157911ef23c46c0eb71889efe6a648a41f7,1512790769,0x86fa049857e0209aa7d9e616f7eb3b3b78ecfdb0,0xdeb98584b5425c7974277aa890f7a258e149d6942c89312b46104062d3bea5d8,0.0
1083,0xa30d8157911ef23c46c0eb71889efe6a648a41f7,1512790841,0xd850942ef8811f2a866692a623011bde52a462c1,0x5454899142acd530051ef4b101b49e9e879928f39f5de1f287e96e7a9f37cd71,0.0
1084,0xa30d8157911ef23c46c0eb71889efe6a648a41f7,1512790962,0x623dfc1dc79f629237acbd774461348d11994b20,0xb29e7f4dde7896e5e465eb2d0ea80690536f95da3bed542ca115e96a7d3b9a76,4.9
1085,0xa30d8157911ef23c46c0eb71889efe6a648a41f7,1512791442,0xb63b606ac810a52cca15e44bb630fd42d8d1d83d,0x1bf7e4ed1f53e326eadc7d583d519656da4567aca3a64d5a45bb32f7dc9959c7,0.0
1086,0xa30d8157911ef23c46c0eb71889efe6a648a41f7,1512791589,0xa74476443119a942de498590fe1f2454d7d4ac0d,0xf26816cbbf868593f8fcbdc1d970d57be7c7402a3fe5d9595b113c76bb012386,0.0
1087,0xa30d8157911ef23c46c0eb71889efe6a648a41f7,1512791639,0xb63b606ac810a52cca15e44bb630fd42d8d1d83d,0xbcdfd8287746106466b91df65ecdeae257c34efabbe9543457c9b7ad4a48e274,0.0
1088,0xa30d8157911ef23c46c0eb71889efe6a648a41f7,1512791713,0xb63b606ac810a52cca15e44bb630fd42d8d1d83d,0xccb9147eabecb62ca497acd01740692f4d0927c09c56b6e58785946c54e8fba8,0.0
1089,0xa30d8157911ef23c46c0eb71889efe6a648a41f7,1512792198,0xf5f3830bacaa415d9ed3561e0314d05d710e33dd,0xe4482553e740bb86119965ce8c39c2571a4f770639a7661e0bad0cdcaba1b3de,25.025
1090,0xa30d8157911ef23c46c0eb71889efe6a648a41f7,1512793028,0x86fa049857e0209aa7d9e616f7eb3b3b78ecfdb0,0xf771f55a384f7032b007100503797468580040cd907d00635e23e7dcade49385,0.0
1091,0xa30d8157911ef23c46c0eb71889efe6a648a41f7,1512793147,0x86fa049857e0209aa7d9e616f7eb3b3b78ecfdb0,0x5213408b87fae3b0dec96dfc4e1f8a082c67bef114a9e38fa6f9eb7c5a5738ea,0.0
1092,0xa30d8157911ef23c46c0eb71889efe6a648a41f7,1512793147,0x86fa049857e0209aa7d9e616f7eb3b3b78ecfdb0,0x82f6c0b923703c2284deacf9a86b12b89737468e5b88daa52ef4687fe137ecb6,0.0
1093,0xa30d8157911ef23c46c0eb71889efe6a648a41f7,1512793334,0xe0b7927c4af23765cb51314a0e0521a9645f0e2a,0x6955d6c0db4d1543ab4485ae6c10b65ccc4d1b21fd3b64f2ebed9eee1ab33987,0.0
1094,0xa30d8157911ef23c46c0eb71889efe6a648a41f7,1512793448,0xa1cff49bd8653284c3b8e226bdc30195f6f4e98c,0x7bd62d2eb53c61377c583d9982750d877b78473723aae9f68e11e71c2523ba74,48.0
1095,0xa30d8157911ef23c46c0eb71889efe6a648a41f7,1512793766,0x4cf9faf73714b65b98557c822b6b514dfda0e339,0xcb6a2772b53142d58101a6dae5c7766186695dcc1ea07b2197be56c8196e94cb,347.0
1096,0xa30d8157911ef23c46c0eb71889efe6a648a41f7,1512794745,0xb63b606ac810a52cca15e44bb630fd42d8d1d83d,0x69314a28d6a4b527d063d51465a1cf8f09751392019e2913bea13963fbb1fa9b,0.0
1097,0xa30d8157911ef23c46c0eb71889efe6a648a41f7,1512794851,0x4290563c2d7c255b5eec87f2d3bd10389f991d68,0x82a2c70498f6f267213d0552e1f3f99e3a62c1101e535668cb7168f0c5b08012,0.0
1098,0xa30d8157911ef23c46c0eb71889efe6a648a41f7,1512795057,0x0f5d2fb29fb7d3cfee444a200298f468908cc942,0x4010c6864a41c484b1868a58e54ce0bb4ce4b1ba73e7a1f7aad1cbab2f3e7b69,0.0
1099,0xa30d8157911ef23c46c0eb71889efe6a648a41f7,1512795114,0x86fa049857e0209aa7d9e616f7eb3b3b78ecfdb0,0xfd1b04ad70c04b14e890a0eea683548529087b7b34f2c2cb607667b242b3758f,0.0
1100,0xa30d8157911ef23c46c0eb71889efe6a648a41f7,1512795114,0x86fa049857e0209aa7d9e616f7eb3b3b78ecfdb0,0x6a7e1fb0954058880da9120f6d8f30ee6f0236025d3a9362f3d287ddeb39e216,0.0
1101,0xa30d8157911ef23c46c0eb71889efe6a648a41f7,1512795114,0xd850942ef8811f2a866692a623011bde52a462c1,0xc7230bc86972c37359ecc1f3aa2fe94f225511b0ab9d5d8c5f6c1adab0676dfa,0.0
1102,0xa30d8157911ef23c46c0eb71889efe6a648a41f7,1512795114,0xb63b606ac810a52cca15e44bb630fd42d8d1d83d,0x8d470fffaa34a553bedc5317c4fa9220ad637afe8150a7bd5428fa16e67f8bd2,0.0
1103,0xa30d8157911ef23c46c0eb71889efe6a648a41f7,1512795114,0x5ca9a71b1d01849c0a95490cc00559717fcf0d1d,0x044a8a6795776e3ee606bc05335e2dd97678101d09f4368c1415d6c29ca7717e,0.0
1104,0xa30d8157911ef23c46c0eb71889efe6a648a41f7,1512795578,0x86fa049857e0209aa7d9e616f7eb3b3b78ecfdb0,0xcddba07660e364bf61877a22d7048cc09d5590b407be950e107d742dad2c2ea9,0.0
1105,0xa30d8157911ef23c46c0eb71889efe6a648a41f7,1512796136,0x86fa049857e0209aa7d9e616f7eb3b3b78ecfdb0,0xc7fd987ee2bf0d2f31b2391f6a3eab3533c70741d4d6a434b07a92e8e20b39c5,0.0
1106,0xa30d8157911ef23c46c0eb71889efe6a648a41f7,1512796300,0x86fa049857e0209aa7d9e616f7eb3b3b78ecfdb0,0x6e257da1d64ef56eae830d8bf2e7e43872306d63c019d7c1bec3bd6437991bdd,0.0
1107,0xa30d8157911ef23c46c0eb71889efe6a648a41f7,1512796315,0x86fa049857e0209aa7d9e616f7eb3b3b78ecfdb0,0x8066b3a0fbe58febf73decb981951758830ff071a8e0a7a484db9e0a6cfb2ee2,0.0
1108,0xa30d8157911ef23c46c0eb71889efe6a648a41f7,1512796411,0x86fa049857e0209aa7d9e616f7eb3b3b78ecfdb0,0xd905d102d8f5884b3bd2fc1fb6ca01dcb8ad38c80be80dcf8662a5ac7aacc9a2,0.0
1109,0xa30d8157911ef23c46c0eb71889efe6a648a41f7,1512796443,0x86fa049857e0209aa7d9e616f7eb3b3b78ecfdb0,0xf120e3b6a28300ff0f0062e739bd7a75bb843c0e9d1f7916311011bc3a891954,0.0
1110,0xa30d8157911ef23c46c0eb71889efe6a648a41f7,1512796569,0xd26114cd6ee289accf82350c8d8487fedb8a0c07,0xddcf46896404d8783512ac15a6d1524bef31067961902c9c468dd2dd431dd9d2,0.0
1111,0xa30d8157911ef23c46c0eb71889efe6a648a41f7,1512796597,0x665a94f9020f1bda1982ddf4b43752c79daa4cf0,0x4420f7ed8355ff7e5e88983f80b4c574644714545f4fae58c6b7a781d0490407,0.3
1112,0xa30d8157911ef23c46c0eb71889efe6a648a41f7,1512796873,0x1ef73234e162a85d7435ac433124c055c1a31f6f,0xca54f52928935e69cffa309383cdea7d4b44f35523de0d98e7686b7f07a8f6c8,0.003
1113,0xa30d8157911ef23c46c0eb71889efe6a648a41f7,1512797377,0xe0b7927c4af23765cb51314a0e0521a9645f0e2a,0xd4e6e8bc49c6d4258e2b03afbf12ef4ccd7fde4ca0c3b895d3148737ca72b28f,0.0
1114,0xa30d8157911ef23c46c0eb71889efe6a648a41f7,1512797639,0xe0b7927c4af23765cb51314a0e0521a9645f0e2a,0x44f61a7b96dac13b7fdb03ace3f00c6649ac0cfdac8946d0eba12813c1341f8d,0.0
1115,0xa30d8157911ef23c46c0eb71889efe6a648a41f7,1512797968,0xf1803e8dce973703e42cd397d8662116c91fb0f5,0x8514a50bad7e7b9efe2431e55d3ed50353d627e69d269e045263224469f3e058,5.0
1116,0xa30d8157911ef23c46c0eb71889efe6a648a41f7,1512798058,0xb5335120355636c7bb10f9f242f72213331fed03,0x50de568d2814e9269e629759e4d7cf92407c852ee4b284bff2d8ed132da2fe1b,8.5
1117,0xa30d8157911ef23c46c0eb71889efe6a648a41f7,1512798214,0x1cb47971290c9fadaf39b68121797c9625b048c8,0xe3c461ffd3cb0c22c1deaf9986497e44595d46c7d53bdb2cfaa2a788020fa31c,0.27
1118,0xa30d8157911ef23c46c0eb71889efe6a648a41f7,1512798358,0xb5335120355636c7bb10f9f242f72213331fed03,0x328cf73b7aac3604be16c955ae56f6a780fe5104760953752a82b51da6eea8ca,9.0
1119,0xa30d8157911ef23c46c0eb71889efe6a648a41f7,1512799205,0x86fa049857e0209aa7d9e616f7eb3b3b78ecfdb0,0x714fda7e510d79c8bb5f9c2633dad7591da6ff4091242ad313de71c2ed058378,0.0
1120,0xa30d8157911ef23c46c0eb71889efe6a648a41f7,1512799542,0x86fa049857e0209aa7d9e616f7eb3b3b78ecfdb0,0xf96216a86f1d8234b0e310f1c1d10f6d85a5c8e9446b25e7c445cc685014d226,0.0
1121,0xa30d8157911ef23c46c0eb71889efe6a648a41f7,1512799565,0xb8914406002496c740444ad329338e422788f391,0xfc6151d9d3102819cd3887360df0a60c665ea2212b9040e8c4698f284e7a6c83,4.5
1122,0xa30d8157911ef23c46c0eb71889efe6a648a41f7,1512799652,0x86fa049857e0209aa7d9e616f7eb3b3b78ecfdb0,0x1faef6341e42ebfe7c4f2ef6a6368eaebd2216d9b4fc20e6a5fda73f46e00aab,0.0
1123,0xa30d8157911ef23c46c0eb71889efe6a648a41f7,1512799911,0x86fa049857e0209aa7d9e616f7eb3b3b78ecfdb0,0x1bf2036c96f11db71f51dad2e490e614cb7304f13835e23c46d4cb919d0f7654,0.0
1124,0xa30d8157911ef23c46c0eb71889efe6a648a41f7,1512800035,0xb5335120355636c7bb10f9f242f72213331fed03,0x2cf1b318ea30916ca682585478f69bd9aa5f2e9ac2d033c956b03c42bd549022,9.3
1125,0xa30d8157911ef23c46c0eb71889efe6a648a41f7,1512800177,0x86fa049857e0209aa7d9e616f7eb3b3b78ecfdb0,0xcd42642f88667d9a9285d163d00d962102914d5bd3b0432edb4887563c3cc55e,0.0
1126,0xa30d8157911ef23c46c0eb71889efe6a648a41f7,1512800753,0x9778550d76b07ac9f5e57392f68ecdf6efc1774e,0xc9a746bc250fed7082ef93c74dcfc9d2a81d171f0350b341159a64b7561c063e,24.0
1127,0xa30d8157911ef23c46c0eb71889efe6a648a41f7,1512800795,0xb5335120355636c7bb10f9f242f72213331fed03,0x932028755af2ba703d7b6a584dc3b543de17c093c0b748d2856ee5f888607d2b,9.0
1128,0xa30d8157911ef23c46c0eb71889efe6a648a41f7,1512800894,0x86fa049857e0209aa7d9e616f7eb3b3b78ecfdb0,0x346a15d43e768ab8eeddfbeaeb4a5b7299f6f15c02598d13e4810175cbee33a3,0.0
1129,0xa30d8157911ef23c46c0eb71889efe6a648a41f7,1512800935,0xc12886c8c18ead74458efb006dbf0255ec194d8f,0x7ca9007c15ef71c656b115eb471fbb7898e733c4d74d0b2c5d54f6214502e54e,5.8
1130,0xa30d8157911ef23c46c0eb71889efe6a648a41f7,1512801152,0xd850942ef8811f2a866692a623011bde52a462c1,0x2cab8debdd0c3c2182d64a1e5d4c604d6544e90373d9e741e7bfc0c1bae20758,0.0
1131,0xa30d8157911ef23c46c0eb71889efe6a648a41f7,1512801238,0xeafbb4277493a56e903c360647e1ccdd633aaa8b,0x6ecd992b94f9f1c90e6d815fda38c4f5b79bcbda99cf1824a6040213f105eeb5,41.0
1132,0xa30d8157911ef23c46c0eb71889efe6a648a41f7,1512801423,0x86fa049857e0209aa7d9e616f7eb3b3b78ecfdb0,0xeaa0de64b72fe1ea36c7bed8e8b3deff28030dc3eeab84be1674beca570e493e,0.0
1133,0xa30d8157911ef23c46c0eb71889efe6a648a41f7,1512801590,0xc12886c8c18ead74458efb006dbf0255ec194d8f,0xcb45ae2eb57f9088812a785ffcdb6aae538931eede847b98249b2f2fa22953aa,10.3
1134,0xa30d8157911ef23c46c0eb71889efe6a648a41f7,1512801869,0x8effd494eb698cc399af6231fccd39e08fd20b15,0x4b13ae9e867d0c8b40a2d0ff5ce8d84a7ec74ddc3fcf803aa2716af0ba3a3a6c,0.0
1135,0xa30d8157911ef23c46c0eb71889efe6a648a41f7,1512801906,0xb5335120355636c7bb10f9f242f72213331fed03,0x06d478ffd6057084348ccdf376455ca4fa13b211ae667f6e013e0174806fb644,21.0
1136,0xa30d8157911ef23c46c0eb71889efe6a648a41f7,1512801915,0x8e47f54af4e44490364fc08da96b696e6e77df7d,0xb71529f52cccce0a7834bec0287636b32bf5e1d8806a9d55f59a7c89381732f2,19.0
1137,0xa30d8157911ef23c46c0eb71889efe6a648a41f7,1512802153,0x86fa049857e0209aa7d9e616f7eb3b3b78ecfdb0,0x0e00ce90604fa3a77070ca19ab9873a97d021d03272db5ed1b5237bbceac7c6c,0.0
1138,0xa30d8157911ef23c46c0eb71889efe6a648a41f7,1512802205,0xf1a23a6d63b846ed6d159f0aeaf176d425c85eee,0x644d32a08359c74d7c7ad61d7424b62d7856c3f79efed3d559c94c19da7bc191,0.1
1139,0xa30d8157911ef23c46c0eb71889efe6a648a41f7,1512802390,0xb8726a1f88d1d93b55cec33c3a9430aa8e7488c6,0xcf122c9be72c71d4770ad3c8f9e0aa83ad7da615d118c375f01666b2f4d3264e,9.0
1140,0xa30d8157911ef23c46c0eb71889efe6a648a41f7,1512802479,0xf5f3830bacaa415d9ed3561e0314d05d710e33dd,0x27de2202d95e84129d2ba37dd80668da6392fc23d3b80970ae0a671cb8c049c9,25.136999999999997
1141,0xa30d8157911ef23c46c0eb71889efe6a648a41f7,1512802491,0xf22bfee0b68b1e676f6e6bdfdff4c3112ab96f9f,0x93db8ce4612531009b37d196a021af92151aab1c39fed7692ab129317d940b90,4.9
1142,0xa30d8157911ef23c46c0eb71889efe6a648a41f7,1512802716,0xcb97e65f07da24d46bcdd078ebebd7c6e6e3d750,0xcfd1862ddbbb6baee03cffb85549d6746326c43622611d5a2b56802fa73f1a16,0.0
1143,0xa30d8157911ef23c46c0eb71889efe6a648a41f7,1512802814,0xd0f0fa38579731fdae4c7154d6edab4c7d68d8ac,0x9088833dca6962da0a999ee29d3ee2360f5245d2da502c81cf56c3f330263101,5.0
1144,0xa30d8157911ef23c46c0eb71889efe6a648a41f7,1512802876,0xc12886c8c18ead74458efb006dbf0255ec194d8f,0x045df4e21c60ae517a752e471df478647f5e33c9d45050d35f94fe6e6f595d87,10.4
1145,0xa30d8157911ef23c46c0eb71889efe6a648a41f7,1512802876,0x2fe762d5521e4882976769aa0766abcdf2bad04f,0xa6a2b695712e799a7a8dedcc6b886978384d2dc4e656a6e7135d825bdb81025b,0.7809999999999999
1146,0xa30d8157911ef23c46c0eb71889efe6a648a41f7,1512802876,0xc4ee66401263b8c417e2f4ac174e13afcc618d50,0xc9342f3e3ac63de52c105fa9a68b5399e44cfe4c8a4ae9aec54d8d95dd2783df,10.0
1147,0xa30d8157911ef23c46c0eb71889efe6a648a41f7,1512802968,0x177d39ac676ed1c67a2b268ad7f1e58826e5b0af,0xc06112f510e0e771734e3f69f24d4351d33b56bf8150b67252ac7d9578297d68,0.0
1148,0xa30d8157911ef23c46c0eb71889efe6a648a41f7,1512803000,0xb5335120355636c7bb10f9f242f72213331fed03,0x2bd61502507eda8e379b96308a8cc7faa7167522d081e05a4c497cb2db155368,7.6
1149,0xa30d8157911ef23c46c0eb71889efe6a648a41f7,1512803116,0xeed3b5c83a34a44ecbd194840888132143e044d4,0xdaeb2f0a67b1b49c30ca3496e04dc56fca8552451f8477f7faa104cd4d5fe7cd,60.0065
1150,0xa30d8157911ef23c46c0eb71889efe6a648a41f7,1512803160,0xc4ee66401263b8c417e2f4ac174e13afcc618d50,0xb200cb308fc7e7501807611852cc30729418d1715b249b65a450ef3541339f61,13.0
1151,0xa30d8157911ef23c46c0eb71889efe6a648a41f7,1512803283,0x86fa049857e0209aa7d9e616f7eb3b3b78ecfdb0,0x95eee335f7dc4a1445ca40c64d6bb1ca91d8b4d6ade461ce25a6472770b50f4b,0.0
1152,0xa30d8157911ef23c46c0eb71889efe6a648a41f7,1512803361,0x81f3a02a8c09b76b52f6ec9d3d88ecd85ebc96d8,0x755c04590b8c837b0b4c84a5d22d38337f56951441afa1b4d4d6c4725851afaa,10.0
1153,0xa30d8157911ef23c46c0eb71889efe6a648a41f7,1512803392,0xb5335120355636c7bb10f9f242f72213331fed03,0xcf569393cb7b42bc6ae7415cd792364d9302fdf1f3f4f42979f7e25bef49641f,20.0
1154,0xa30d8157911ef23c46c0eb71889efe6a648a41f7,1512803433,0x6bd4b17d1172ccfb0cc8e79f551b1549e885eac4,0x6d45e97ef08eaef46e7d2626708a93f9dc65c3c0878c9dd2598936abd0f354e0,7.99
1155,0xa30d8157911ef23c46c0eb71889efe6a648a41f7,1512803659,0x5ca9a71b1d01849c0a95490cc00559717fcf0d1d,0x5abf36dfe0092773a752f07f653463040f532b8f2a812994445ad9f12bf107fa,0.0
1156,0xa30d8157911ef23c46c0eb71889efe6a648a41f7,1512803722,0x031a524fce7875d6c2f32753737b654760d216a6,0xc9d0b52713ca276d4bf6af828665cc6389d641f607daa53db41fe33d09f63c9e,100.0
1157,0xa30d8157911ef23c46c0eb71889efe6a648a41f7,1512803755,0xc12886c8c18ead74458efb006dbf0255ec194d8f,0x3eb8199583d039545a7a1d86fd2a6a459fcca94ef852f9b0b1020bbd35b828fe,10.5
1158,0xa30d8157911ef23c46c0eb71889efe6a648a41f7,1512803882,0x86fa049857e0209aa7d9e616f7eb3b3b78ecfdb0,0x7a9e5aa69588ec47fe4012f1b43cd693fe328f958295df83678c38d48f983ea7,0.0
1159,0xa30d8157911ef23c46c0eb71889efe6a648a41f7,1512803951,0x9778550d76b07ac9f5e57392f68ecdf6efc1774e,0x1d8df8e55b548939ed5d12af5af7a4a8e5b3a96b7697ce4ee78e42da14274fbd,39.0
1160,0xa30d8157911ef23c46c0eb71889efe6a648a41f7,1512804022,0x532d281a1f8184c7b6ed82fef428380d8290bb1c,0x72d420a741a6d06195c040d54966465a519b4169aa2297c73cb0070a33112867,1.05
1161,0xa30d8157911ef23c46c0eb71889efe6a648a41f7,1512804092,0xbd9b7b0de36158bb9bd9a6cbf6c82f45b852047e,0x3e80b3955db86198116e38893f09fb153b702001b8347395fb6c5b7b20f7d253,9.62
1162,0xa30d8157911ef23c46c0eb71889efe6a648a41f7,1512804250,0x86fa049857e0209aa7d9e616f7eb3b3b78ecfdb0,0x752818273efc14610c426d706d52410c472a9e81ed2e1849c18a5adf5c3b5922,0.0
1163,0xa30d8157911ef23c46c0eb71889efe6a648a41f7,1512804490,0xb5335120355636c7bb10f9f242f72213331fed03,0x60de221ad975bc44edf600a64ba534b19766a24f2497579e5e8345338cd17061,10.6
1164,0xa30d8157911ef23c46c0eb71889efe6a648a41f7,1512804604,0xc12886c8c18ead74458efb006dbf0255ec194d8f,0xbb7fd38cfa265e88a3c3c8b7d49d119429d54e9ee109d1a4f2183938344561cb,10.6
1165,0xa30d8157911ef23c46c0eb71889efe6a648a41f7,1512805032,0x5f33bd991d9cfdf8cd91f31541a97ab1ae5d0925,0x68212d8fb337fc9586a46152c53c9ab738d6d35f53b86e76294b76b1af76b252,1.3171
1166,0xa30d8157911ef23c46c0eb71889efe6a648a41f7,1512805224,0x86fa049857e0209aa7d9e616f7eb3b3b78ecfdb0,0x2964477d022b341fd90af6ac816403e397d8bfa2a2fffd5165db51d46a0a4d53,0.0
1167,0xa30d8157911ef23c46c0eb71889efe6a648a41f7,1512805300,0x86fa049857e0209aa7d9e616f7eb3b3b78ecfdb0,0xe142bd8a1c495df77af9c18b1111139934f4bd16477fdc5d81207d1cac7ec69d,0.0
1168,0xa30d8157911ef23c46c0eb71889efe6a648a41f7,1512805325,0x031a524fce7875d6c2f32753737b654760d216a6,0x50026afdbf17ee58d2ce350b2533d6723f9019aaac98d112b106c5062afe97ea,94.8
1169,0xa30d8157911ef23c46c0eb71889efe6a648a41f7,1512805346,0xb64ef51c888972c908cfacf59b47c1afbc0ab8ac,0xa0c0d6b9a89d7efe7316758bee724a31396901f3a595b2dbdda723b5993928ee,0.0
1170,0xa30d8157911ef23c46c0eb71889efe6a648a41f7,1512805662,0xc4ee66401263b8c417e2f4ac174e13afcc618d50,0x6bf705aeb155652191342b6487bfd82f0caaca0198a4fc1e906b249017dd257c,5.0
1171,0xa30d8157911ef23c46c0eb71889efe6a648a41f7,1512805763,0xc3a0789532065f15843a017d29dc710ed5fde5bc,0x484d116158ac86a7647e133bd775a8cc8eae1e52675db4490187a9c135e6bb00,16.76
1172,0xa30d8157911ef23c46c0eb71889efe6a648a41f7,1512805933,0xc4ee66401263b8c417e2f4ac174e13afcc618d50,0xaef6389fd4b9a79067af244fe24f4e0a3757e693bcb0646fb8efe8b3cacebc9b,5.0011
1173,0xa30d8157911ef23c46c0eb71889efe6a648a41f7,1512805952,0xc4ee66401263b8c417e2f4ac174e13afcc618d50,0x5ba5a6de06db70b14bbc777a19ad262618dc43ba30cc26f55a06977ee295d40e,255.0
1174,0xa30d8157911ef23c46c0eb71889efe6a648a41f7,1512805952,0x86fa049857e0209aa7d9e616f7eb3b3b78ecfdb0,0x638c90fe0a1f809022abcf843d5f3ac6c701c1b678410236f97dc40ccb327054,0.0
1175,0xa30d8157911ef23c46c0eb71889efe6a648a41f7,1512805988,0xc4ee66401263b8c417e2f4ac174e13afcc618d50,0x50aaa0c1fde8a6205cb61b1455e1064e610d42425042091a83b1a65231f753f0,20.0
1176,0xa30d8157911ef23c46c0eb71889efe6a648a41f7,1512806180,0xeb6fdcdb51fe70cea233e384d063fcd46733c794,0x62f9d5a7f8249117f31ce230a708cd70defcfd34b308a57ced9e8fbbe687600a,1.0
1177,0xa30d8157911ef23c46c0eb71889efe6a648a41f7,1512806351,0x8b9937d5241b6eeea747363fd6982862a67580c0,0x5b054e96c2644b6fe2e6ada46c4b14c5f0b56cd4ad42d422148c634e9d6f2ddf,0.7879999999999999
1178,0xa30d8157911ef23c46c0eb71889efe6a648a41f7,1512806663,0xc4ee66401263b8c417e2f4ac174e13afcc618d50,0x0e4b128da97913417d24c97b71898d6eb5597e9f242ab9da5cf06683f362d7f7,9.0
1179,0xa30d8157911ef23c46c0eb71889efe6a648a41f7,1512806864,0x25c12745ba403357f41d8512698444664846bebf,0x411a5228dd9814eda15a4264344cc291fa7243190234ea39274ce2e7400eba14,1.0
1180,0xa30d8157911ef23c46c0eb71889efe6a648a41f7,1512806904,0xd850942ef8811f2a866692a623011bde52a462c1,0x7e24d5e0a6d5555b038708f10f9cb39a522222d792314eb77e28b936a95ad63d,0.0
1181,0xa30d8157911ef23c46c0eb71889efe6a648a41f7,1512807216,0x86fa049857e0209aa7d9e616f7eb3b3b78ecfdb0,0x54d84bad05d57566939dc358fcb7cb45b993abf09001fef9c8960c54b7c6cfb0,0.0
1182,0xa30d8157911ef23c46c0eb71889efe6a648a41f7,1512807230,0x3dfce1e1dd8b8250f828ec1d2dc74f0c0dbbedcd,0x1a711c9cada91b1fbb3f85189351caf7c653f5992ed621d1386e0b9e58a92c16,1.0
1183,0xa30d8157911ef23c46c0eb71889efe6a648a41f7,1512807443,0x2cbfb47668dec7e4de6889bc993fb738757f961f,0x87207dbe5ad0c4b9864b16dabc929233828941d47614737a5f2f271b6b4368f5,36.0
1184,0xa30d8157911ef23c46c0eb71889efe6a648a41f7,1512807479,0x0f5d2fb29fb7d3cfee444a200298f468908cc942,0x6dae779142fc3ab073f05f919b4b47cf4b52646638f468d113d561f44f0f9ac2,0.0
1185,0xa30d8157911ef23c46c0eb71889efe6a648a41f7,1512807551,0x961a844ba756f7ce5523129ceb35f72f2251abed,0xa3275189a6351ded61571894a0ea20b0d20b26b4e0344a08a59339023f98f860,2.8
1186,0xa30d8157911ef23c46c0eb71889efe6a648a41f7,1512807876,0x44e5030987cc08ddd4ee77d76d1ba6424caac5b4,0xdf45c36bb2b89f1cab06022cb9df77e59749acafdae2f07ebe6c93c0eb1b7144,5.32
1187,0xa30d8157911ef23c46c0eb71889efe6a648a41f7,1512808090,0xb5335120355636c7bb10f9f242f72213331fed03,0xf1012dc9ecb3f9e9b6ffeadd1d56c9c9945ec47d3f22350faacd0a3423dd9e9b,3.4
1188,0xa30d8157911ef23c46c0eb71889efe6a648a41f7,1512808241,0x3dfce1e1dd8b8250f828ec1d2dc74f0c0dbbedcd,0xf4a60c65282bf834036c5b42e0f13eb234d1c9e10eac4dca4b720a9636cfb115,10.0
1189,0xa30d8157911ef23c46c0eb71889efe6a648a41f7,1512808640,0x0efd9fb079ed06d5c4f5bfddf5c6732cf066cf9f,0xd461fc7562df9a73eaba3a6e1a61bc34e9d6371f1677894f48a9374433b49c99,1.7215
1190,0xa30d8157911ef23c46c0eb71889efe6a648a41f7,1512808679,0xf7a11aa84378997f26a8e797b2766ab40d2b863b,0x6ea8775a0cebadc15eef4925daf73bed2197d3307661d7443e17af90067c67f2,9.9
1191,0xa30d8157911ef23c46c0eb71889efe6a648a41f7,1512809057,0x25fff5f62b3b82a620630978e7d044da2fdc6088,0x0d0195b14886ac4fb54bb1d2cd1eb0d248cabb4949436cd45d1bc1889e1d6e56,10.212191609999998
1192,0xa30d8157911ef23c46c0eb71889efe6a648a41f7,1512809128,0x86fa049857e0209aa7d9e616f7eb3b3b78ecfdb0,0x4e39c5c8fc93f20a8c2da947d06bbc42e03f21338591722c465386070f232fe0,0.0
1193,0xa30d8157911ef23c46c0eb71889efe6a648a41f7,1512809360,0x86fa049857e0209aa7d9e616f7eb3b3b78ecfdb0,0x734bd9d63dca5beabe7458c33558fb1c8f2da3e6689b4a2b99de0d3fa9280fef,0.0
1194,0xa30d8157911ef23c46c0eb71889efe6a648a41f7,1512809464,0x7bd65e36d222c2e61bf8380844fe20aed43f8422,0x45bf769973922c9cf1edb0c9031716bf06dc315bebe9a93020659b8abfa0fc7c,27.0
1195,0xa30d8157911ef23c46c0eb71889efe6a648a41f7,1512809605,0x86fa049857e0209aa7d9e616f7eb3b3b78ecfdb0,0x954a639226d1a0df1fed5a5b2a6e25aca1063239f27abcf1a5ebcfb34a73d3a0,0.0
1196,0xa30d8157911ef23c46c0eb71889efe6a648a41f7,1512809897,0x86fa049857e0209aa7d9e616f7eb3b3b78ecfdb0,0x05fd8751e7d1cffa4895c982ebf05c4a94bf4cb04bd32e9615708d6ae9cf8cc3,0.0
1197,0xa30d8157911ef23c46c0eb71889efe6a648a41f7,1512810155,0x86fa049857e0209aa7d9e616f7eb3b3b78ecfdb0,0x951eba178618384275cfd5933b2bd5e52aece38e9aab2eeab5f9806bdfb9e2f7,0.0
1198,0xa30d8157911ef23c46c0eb71889efe6a648a41f7,1512810251,0xd26114cd6ee289accf82350c8d8487fedb8a0c07,0xbeb841bada82074fb55b495f6eb0c1d5b9b77e646b5bb1b8d1b42ae6d05d66e4,0.0
1199,0xa30d8157911ef23c46c0eb71889efe6a648a41f7,1512810286,0xb5335120355636c7bb10f9f242f72213331fed03,0xf1639b1e10c066496db6cdb06608173e18b65ba7023d4aa8bc207e314c8ab254,5.6
1200,0xa30d8157911ef23c46c0eb71889efe6a648a41f7,1512810286,0x86fa049857e0209aa7d9e616f7eb3b3b78ecfdb0,0x3e91fe548ece25cbc9c81c612166571e6054a310648fff9340c5beb06eeebb71,0.0
1201,0xa30d8157911ef23c46c0eb71889efe6a648a41f7,1512810710,0x2cbfb47668dec7e4de6889bc993fb738757f961f,0x02b4542b6188fed8cd96ee28713125975895af13ca9ea45eb319f5b4bc0a35d7,14.0
1202,0xa30d8157911ef23c46c0eb71889efe6a648a41f7,1512810850,0x86fa049857e0209aa7d9e616f7eb3b3b78ecfdb0,0xce5a171ffe6f25f0e5e682b38b1445f4be448c34071346a65e6aff25d2792f6c,0.0
1203,0xa30d8157911ef23c46c0eb71889efe6a648a41f7,1512810893,0x86fa049857e0209aa7d9e616f7eb3b3b78ecfdb0,0xd5240bdac8022b6001e57668071a05f7e1a367c233c4a547a58adfb45eb490e8,0.0
1204,0xa30d8157911ef23c46c0eb71889efe6a648a41f7,1512811039,0xc12886c8c18ead74458efb006dbf0255ec194d8f,0x7bd1f96d064f23698b6d98ba7c1425acddc7ca8eb2fd896a75c31e6266a8a9c6,10.7
1205,0xa30d8157911ef23c46c0eb71889efe6a648a41f7,1512811187,0x156bbe27d6c3a5c9da0f21eead072bb89891adb8,0xb4b48936dc408c1acbf85ff0c2a6c6b99f2385ad973fe45a43a97d7b4e3785d0,7.0
1206,0xa30d8157911ef23c46c0eb71889efe6a648a41f7,1512811219,0x86fa049857e0209aa7d9e616f7eb3b3b78ecfdb0,0xe8b17c9e28d93be0ae1fa37351bbe6918fa8cf9515936f91a0ba36cf0cf495ee,0.0
1207,0xa30d8157911ef23c46c0eb71889efe6a648a41f7,1512811468,0x32e433abd567be9ccd990cfbe0f7a53be3cbc564,0xf482b4240b9922747ba160f9591c3bb1635842ac988132cd2f336019b449bf31,1.056
1208,0xa30d8157911ef23c46c0eb71889efe6a648a41f7,1512811538,0xb63b606ac810a52cca15e44bb630fd42d8d1d83d,0x1accb86dbd195987bdd58957f49cb3acec99bc6936e0155ea828bb37103e6b38,0.0
1209,0xa30d8157911ef23c46c0eb71889efe6a648a41f7,1512811585,0x94e47b8ac0c6870f8420a0b47bd041f30e64f2c2,0x374ea3b6991c9751b77f4297ed7473ca32c3d0294a805d2fc0c9a0d56d8b084a,40.0
1210,0xa30d8157911ef23c46c0eb71889efe6a648a41f7,1512811592,0x7bd65e36d222c2e61bf8380844fe20aed43f8422,0x93578ce2465582248c5accee70165acdda31f3ca19ce618d8dbd371771836a04,27.9
1211,0xa30d8157911ef23c46c0eb71889efe6a648a41f7,1512811592,0xb5335120355636c7bb10f9f242f72213331fed03,0x8e0ac1750ce277efdf7798f809079d7359b8984e28911804058636f34cfe36ba,3.5
1212,0xa30d8157911ef23c46c0eb71889efe6a648a41f7,1512811610,0x46115cae1f507698f80a6dfbb8b9886a990a0b04,0xf1a8710c7eaf8dbb684731bf9ecd9c65f3cfd5eeab5ecd1e9e8e3b3a3f9d23db,10.0
1213,0xa30d8157911ef23c46c0eb71889efe6a648a41f7,1512811707,0xf5f3830bacaa415d9ed3561e0314d05d710e33dd,0x38735de2112bec6509e227d17790adf4debfcd4ddc0cf3ca706619f41dec637b,20.69
1214,0xa30d8157911ef23c46c0eb71889efe6a648a41f7,1512811783,0xecfea4b01d68d7cb2ceebc312be0cb2a4f827ad1,0xcda418923f1015d2d314ed986bfd35c9f42dff17392ab41e9475a5ec3f4f5266,2.7
1215,0xa30d8157911ef23c46c0eb71889efe6a648a41f7,1512811825,0xd119abf3cc1d599dfc3e6eb5622101dbc1584236,0xd532fe92f32ef75cbec1b50b005670a31d3c6b676e5cc3c1ba2312e102367a0c,12.0
1216,0xa30d8157911ef23c46c0eb71889efe6a648a41f7,1512811953,0x5bef914e15bf642faee884630272af5126794be8,0xe2bec021ac8a760030db48b8557df3ec13813065e03d43cc8e8768f99dd905a7,0.1
1217,0xa30d8157911ef23c46c0eb71889efe6a648a41f7,1512812023,0xcb97e65f07da24d46bcdd078ebebd7c6e6e3d750,0x0a3af6485f55e0ad33b82babc1c2193fdb50ab8fe76959bc0a8fbfbbeb91fee2,0.0
1218,0xa30d8157911ef23c46c0eb71889efe6a648a41f7,1512812302,0x42cb089f1d691d4cf51abf0c7c3eddf29f6f3e02,0xc410c396447980a4f453c334f0bdb714b614769832547ff60a374f427c0a3beb,5.2
1219,0xa30d8157911ef23c46c0eb71889efe6a648a41f7,1512812370,0x86fa049857e0209aa7d9e616f7eb3b3b78ecfdb0,0xa653415ebf129e4ceaa676c65365c302062867c5fafe496e5e5233cd6189dbc0,0.0
1220,0xa30d8157911ef23c46c0eb71889efe6a648a41f7,1512812503,0xb63b606ac810a52cca15e44bb630fd42d8d1d83d,0x2a9d9a2b6239d2e3985a422e8252208c3b95bf6f7dcd35657e45c9662c91128c,0.0
1221,0xa30d8157911ef23c46c0eb71889efe6a648a41f7,1512812921,0x86fa049857e0209aa7d9e616f7eb3b3b78ecfdb0,0xf6b298131a94823bf7c00b8b95dad59b72d0814925d72a334c49d770bb7a7285,0.0
1222,0xa30d8157911ef23c46c0eb71889efe6a648a41f7,1512813035,0xa74476443119a942de498590fe1f2454d7d4ac0d,0x18e0b1b7dfdb796bea2844fac097e790c62b29be1996294a3280ce1367b07f73,0.0
1223,0xa30d8157911ef23c46c0eb71889efe6a648a41f7,1512813113,0xc4ee66401263b8c417e2f4ac174e13afcc618d50,0x6ad38acc2192e895ed2cd50618299ab09ba9301e397dd2aa14c021f66e562833,2.0101
1224,0xa30d8157911ef23c46c0eb71889efe6a648a41f7,1512813451,0xd359888ac7cd29f0b3af19b38ed7018bb33820a9,0x3fe24da56566cdd2935c571e9a1eba0dea516ce7617b68e9841d46cb75a92cd8,0.528
1225,0xa30d8157911ef23c46c0eb71889efe6a648a41f7,1512813648,0x86fa049857e0209aa7d9e616f7eb3b3b78ecfdb0,0x0405327d7fb7fd994627ffc143ba06bf43308d5a5fe0df3b824a2555b0a7848b,0.0
1226,0xa30d8157911ef23c46c0eb71889efe6a648a41f7,1512814387,0xd26114cd6ee289accf82350c8d8487fedb8a0c07,0xc1ea63757539b530d0648097ffa1fa76f4315790e32735631d78c60512d240ae,0.0
1227,0xa30d8157911ef23c46c0eb71889efe6a648a41f7,1512814493,0xc4ee66401263b8c417e2f4ac174e13afcc618d50,0x15e19024f9a9dc5580a5655000e32c0d259093d85124cf33fcf5ada743004254,5.0022
1228,0xa30d8157911ef23c46c0eb71889efe6a648a41f7,1512814544,0xf7dc920960ccab95c38cb8725838588265c4a035,0xb7a92c3afb7b609642ae1d04fd66230de1ae9335d56b9cc7aa487fd8974e5cbd,1.9
1229,0xa30d8157911ef23c46c0eb71889efe6a648a41f7,1512814847,0xd3ebf81842a0b727e8e12b76c36563c503bb48e5,0xa4a2bcf89188a463479cfa07b0b604a3986bafa17cf19fded74103e450a9e709,0.5
1230,0xa30d8157911ef23c46c0eb71889efe6a648a41f7,1512814847,0xf7dc920960ccab95c38cb8725838588265c4a035,0x0c7fb9cf9700a2593fcb316e3176f148f20c05623143a5cf6b9c86533fb3d640,1.0
1231,0xa30d8157911ef23c46c0eb71889efe6a648a41f7,1512815308,0xb63b606ac810a52cca15e44bb630fd42d8d1d83d,0x5697f278beedd91ec8d0755433847682cdc6e58d917359671739384dbaedf959,0.0
1232,0xa30d8157911ef23c46c0eb71889efe6a648a41f7,1512815596,0xfa05a73ffe78ef8f1a739473e462c54bae6567d9,0xe70716ad8c41d1de48aab02ee325323c42f90da96e43f79f2752b3f8c5f7cc8d,0.0
1233,0xa30d8157911ef23c46c0eb71889efe6a648a41f7,1512815931,0xf3c8f7399f3bbaeb5f8d4cf6be78762821621e8c,0x6e5f152071862928ca48054a27b272286af751d7118869eeff32565919731b7e,0.7241
1234,0xa30d8157911ef23c46c0eb71889efe6a648a41f7,1512816130,0xa645264c5603e96c3b0b078cdab68733794b0a71,0xaced501635b25f6d41a3de3d13e3136d5965dab14c43486004b11ed5ff6ff3eb,0.0
1235,0xa30d8157911ef23c46c0eb71889efe6a648a41f7,1512819764,0x026d687482e2a1a0f523ec8a29e38834ba769124,0x35273d30668bbcbc6a00bfb6d71b6ba713e6538f70ee03470cf0002bfe5c4cb5,12.56
1236,0xa30d8157911ef23c46c0eb71889efe6a648a41f7,1512819764,0xeafbb4277493a56e903c360647e1ccdd633aaa8b,0x11995cf862690b1df2dbd73d4913bcc37c61c7703175036c06aff7bff07474e8,82.4
1237,0xa30d8157911ef23c46c0eb71889efe6a648a41f7,1512819764,0x4fae24570cda5609d7b5b08ce7c2f496da083a48,0x37fade77cb309c3692e3b0d364c2895a8212c2484b83c3e78663f6c387aec36f,0.68
1238,0xa30d8157911ef23c46c0eb71889efe6a648a41f7,1512819764,0x395d0e5499f6c1ec3efc1b00f25f932bba0b4174,0xcd8c132e863ce7e6c3049eff1eaafbe7065e6f15a0cf897edb4402427058f35b,8.0
1239,0xa30d8157911ef23c46c0eb71889efe6a648a41f7,1512819764,0xd5ba6580a8d6826574f1c7ba1bd5f6548198e531,0x0d3c46840ebd1304de7a75853978e87d2f1d057229584f2518126ae90b8f7309,1.246
1240,0xa30d8157911ef23c46c0eb71889efe6a648a41f7,1512819779,0x86fa049857e0209aa7d9e616f7eb3b3b78ecfdb0,0xeb3320b993072446e5ac73b1d93c9e089d65c49b5160a140322342a8183f74d7,0.0
1241,0xa30d8157911ef23c46c0eb71889efe6a648a41f7,1512819837,0x86fa049857e0209aa7d9e616f7eb3b3b78ecfdb0,0x420d31bdab972570de06f558579105de237761ed41d85f09d51c6623aa3d46eb,0.0
1242,0xa30d8157911ef23c46c0eb71889efe6a648a41f7,1512819837,0x86fa049857e0209aa7d9e616f7eb3b3b78ecfdb0,0x805bcd3777a8b1c58fd83b7059b364d771b7d6848ba0757f070da4ae553efcca,0.0
1243,0xa30d8157911ef23c46c0eb71889efe6a648a41f7,1512819837,0x86fa049857e0209aa7d9e616f7eb3b3b78ecfdb0,0xd72843c7d5962455988ba77a40f8da89aa4f8d8fb3acc166694bb152acc9543e,0.0
1244,0xa30d8157911ef23c46c0eb71889efe6a648a41f7,1512819837,0x86fa049857e0209aa7d9e616f7eb3b3b78ecfdb0,0x8b92456e9d0c35a6a47ce891e6a8317560d30bfd39f83539b094bafae936472b,0.0
1245,0xa30d8157911ef23c46c0eb71889efe6a648a41f7,1512819837,0x86fa049857e0209aa7d9e616f7eb3b3b78ecfdb0,0x6e15187a80879ca331b6e56cf4eb0d6a8c7ac26307c57f4875e8721f85d1f529,0.0
1246,0xa30d8157911ef23c46c0eb71889efe6a648a41f7,1512819837,0xb97048628db6b661d4c2aa833e95dbe1a905b280,0x4e0fc869dc2fd17b2637926f617378c4ed9f8e099ba22d77637f0e8da9977360,0.0
1247,0xa30d8157911ef23c46c0eb71889efe6a648a41f7,1512819837,0xb63b606ac810a52cca15e44bb630fd42d8d1d83d,0x55920e3959d6ae2f23aa1ea5087675a251910650a4d0168088548f25f903f9d1,0.0
1248,0xa30d8157911ef23c46c0eb71889efe6a648a41f7,1512819837,0x86fa049857e0209aa7d9e616f7eb3b3b78ecfdb0,0x94cbb33c6cf33ad3f4dc7859da7c1135ef694ac457e5bfa6191d1bfe79381350,0.0
1249,0xa30d8157911ef23c46c0eb71889efe6a648a41f7,1512819837,0xb63b606ac810a52cca15e44bb630fd42d8d1d83d,0xb3b63790631057f170aa6e8762cdb5c9e576f2c69e05f1f33f9c6a5eb449df2f,0.0
1250,0xa30d8157911ef23c46c0eb71889efe6a648a41f7,1512819837,0xd850942ef8811f2a866692a623011bde52a462c1,0x7fed42d6f8eb9b5740af4d27ce2f7b4f7e5c988222f3e992bf71dbb174eafdaa,0.0
1251,0xa30d8157911ef23c46c0eb71889efe6a648a41f7,1512820254,0xb63b606ac810a52cca15e44bb630fd42d8d1d83d,0xd4cd7a8bfbeda4e5e0edac870d2486d16501c3c43e7dfd20fb0875ab451fceab,0.0
1252,0xa30d8157911ef23c46c0eb71889efe6a648a41f7,1512820254,0xb63b606ac810a52cca15e44bb630fd42d8d1d83d,0xfe48302d1608cba8b100c7eb647ccde7fcaa6d1eb555168d9aa2d894c7db873c,0.0
1253,0xa30d8157911ef23c46c0eb71889efe6a648a41f7,1512820648,0xb97048628db6b661d4c2aa833e95dbe1a905b280,0x6ace079cce09ed0e00bfe1ebd56225ba78c76a0c33c91ed6a3d4a0923aa968ff,0.0
1254,0xa30d8157911ef23c46c0eb71889efe6a648a41f7,1512820686,0xb63b606ac810a52cca15e44bb630fd42d8d1d83d,0x9dd3294a11ea9a6c65713e1c4445545889968ba919d6b255ef68d54559b954d1,0.0
1255,0xa30d8157911ef23c46c0eb71889efe6a648a41f7,1512820773,0x0571eec59f909a1b5fc3d1d4b29fa8079adf2039,0xf2ae7f2078afdbe2292b9b9c24be3599fb5938204d49119d9d31643737db93cf,3.4967
1256,0xa30d8157911ef23c46c0eb71889efe6a648a41f7,1512820951,0xbc859c3543cd1ce4dba3094f92049bae3075edbd,0x824bde68c006377ed084bd686e353b4a6b55ed4c1c4b9802c737c42566b30731,1.837
1257,0xa30d8157911ef23c46c0eb71889efe6a648a41f7,1512820963,0x25c12745ba403357f41d8512698444664846bebf,0x8760ba6d33fe9f5019819dcc843e9d74fd708bed185f358666712042666fbc3e,3.01
1258,0xa30d8157911ef23c46c0eb71889efe6a648a41f7,1512821417,0xb63b606ac810a52cca15e44bb630fd42d8d1d83d,0xa19b1a4dbb9338113a96bc5669e5a37c607a9471196cc70dbb3f81aa10a06d90,0.0
1259,0xa30d8157911ef23c46c0eb71889efe6a648a41f7,1512821729,0xb63b606ac810a52cca15e44bb630fd42d8d1d83d,0xf9d368eabbbcba8ae2fc7753e1b058dff53d1ec93c3aa236517412f1cbfceae5,0.0
1260,0xa30d8157911ef23c46c0eb71889efe6a648a41f7,1512821822,0xe4ec8600cb403bb0b4b92284d5d2c5954d2cf087,0xa3978226bda09a5fdcaaa391d08b83c69f8c57d252f118d38c9bdc725da55d26,0.2646
1261,0xa30d8157911ef23c46c0eb71889efe6a648a41f7,1512822073,0xc4ee66401263b8c417e2f4ac174e13afcc618d50,0x6a00408e234c90da31033290b1f4fae9f28eccde659b695e94cb5169315d6013,60.07
1262,0xa30d8157911ef23c46c0eb71889efe6a648a41f7,1512822907,0xd850942ef8811f2a866692a623011bde52a462c1,0x423518f3b3a4959644050d081210fcf658c1e22aa9cfaf9380d8b0ceaa9f5e38,0.0
1263,0xa30d8157911ef23c46c0eb71889efe6a648a41f7,1512823234,0x86fa049857e0209aa7d9e616f7eb3b3b78ecfdb0,0x8da58633968d21f18764f9d47a49326d36c1f94ea82bbe9366f6354fb4fc8007,0.0
1264,0xa30d8157911ef23c46c0eb71889efe6a648a41f7,1512823694,0x86fa049857e0209aa7d9e616f7eb3b3b78ecfdb0,0x40da78be4975966438697647fd237625ebe08dbb938d5024bcf4297bfdfbba7c,0.0
1265,0xa30d8157911ef23c46c0eb71889efe6a648a41f7,1512824302,0xb63b606ac810a52cca15e44bb630fd42d8d1d83d,0x2f099ee69fc4c0045418c2172c3c9e4eda746c02b019f2cf167373dafb3fdacb,0.0
1266,0xa30d8157911ef23c46c0eb71889efe6a648a41f7,1512824554,0x94e47b8ac0c6870f8420a0b47bd041f30e64f2c2,0x19638b8d366caa7e34a8f087f568a5e04a68acb99c8945d2d08d1498490b366a,30.0
1267,0xa30d8157911ef23c46c0eb71889efe6a648a41f7,1512824574,0x4290563c2d7c255b5eec87f2d3bd10389f991d68,0x359c9f54d0538ea6fd720c40802485af2256bb8f0f44015e733fc898cd3083fd,0.0
1268,0xa30d8157911ef23c46c0eb71889efe6a648a41f7,1512824609,0x25c12745ba403357f41d8512698444664846bebf,0xb6412a6f07591d49bcf2586563072311601c28cd4a5cd1bbfa9b3f6808449c58,1.001
1269,0xa30d8157911ef23c46c0eb71889efe6a648a41f7,1512824641,0x86fa049857e0209aa7d9e616f7eb3b3b78ecfdb0,0x85ae065331ca1ea438132c433fd14a04dc7f3a1c2edfe232ff668aa556d013d9,0.0
1270,0xa30d8157911ef23c46c0eb71889efe6a648a41f7,1512824830,0x86fa049857e0209aa7d9e616f7eb3b3b78ecfdb0,0x0742b4916cd21e457b8673757dd79e97cfec630313bf9e9c5ae0bcebeee38638,0.0
1271,0xa30d8157911ef23c46c0eb71889efe6a648a41f7,1512824918,0x744d70fdbe2ba4cf95131626614a1763df805b9e,0x0ca0a76fba482c0547d2c9b1badb21b67a4e362916b01412b6ed52ba5f7cdbea,0.0
1272,0xa30d8157911ef23c46c0eb71889efe6a648a41f7,1512824918,0x86fa049857e0209aa7d9e616f7eb3b3b78ecfdb0,0xa7b789eeee716e4af79f561ec1b1aad14f90bf6eb620c2e62304ee3c624c06cb,0.0
1273,0xa30d8157911ef23c46c0eb71889efe6a648a41f7,1512825670,0x25c12745ba403357f41d8512698444664846bebf,0x53d09a556f2b5255af0d0337f291a743c79295a15cfb7f40798bc11b4bd9d133,0.51183596
1274,0xa30d8157911ef23c46c0eb71889efe6a648a41f7,1512825953,0x031a524fce7875d6c2f32753737b654760d216a6,0x0db9145db3c675d89d28e939ef95028f265e4f91083116d85c0d7638e4f049c0,130.0
1275,0xa30d8157911ef23c46c0eb71889efe6a648a41f7,1512825959,0xb63b606ac810a52cca15e44bb630fd42d8d1d83d,0x81ef415a75ffe0e311e95d56e35bc02ff1edc37dc6cd76b7b3a1d5f2ba95f7c2,0.0
1276,0xa30d8157911ef23c46c0eb71889efe6a648a41f7,1512826005,0x18265efa4a5f88cd9198501e3626284ae8b66370,0x5f48b620b289b33feab07d7a688f9690e64c2a1c5f9be840a4a3d66aa7d9c7d6,100.33
1277,0xa30d8157911ef23c46c0eb71889efe6a648a41f7,1512826194,0xd850942ef8811f2a866692a623011bde52a462c1,0x97378cb96385d6611d04992800bafc8db0a8577fd477803839b91235af6d48fa,0.0
1278,0xa30d8157911ef23c46c0eb71889efe6a648a41f7,1512826530,0xb63b606ac810a52cca15e44bb630fd42d8d1d83d,0x61b3e971b95b12130f407fa127d105e4071ed0d2ed01f5ed1b613274bc3fc826,0.0
1279,0xa30d8157911ef23c46c0eb71889efe6a648a41f7,1512826697,0xd4be046fcca1af949c52fc5f4ce40ea6be05736c,0xb194c9e75cab9256b8161c6c9d6ca66c891bc73ed162c9ac31662c5842f05e68,10.0
1280,0xa30d8157911ef23c46c0eb71889efe6a648a41f7,1512826933,0x54324e4fa4d9e7a34d2b0caa950c5f80abe8aa76,0xa043aae300267218464ab462d445ebb97a45d2c3a4ac5fe946bb880ea571a0b8,38.99
1281,0xa30d8157911ef23c46c0eb71889efe6a648a41f7,1512826968,0xb63b606ac810a52cca15e44bb630fd42d8d1d83d,0xceca90dd4b50ad49af1af97a1f2e847c0f8db662edbd69add5a7cbfd304acb80,0.0
1282,0xa30d8157911ef23c46c0eb71889efe6a648a41f7,1512826968,0xb63b606ac810a52cca15e44bb630fd42d8d1d83d,0x252654d1547d05f9be678587d2d6b0a4c6b1d295734938598f25c8b752a62bc5,0.0
1283,0xa30d8157911ef23c46c0eb71889efe6a648a41f7,1512826992,0x8a301875880e3441fccff5eac294d7eeba042be1,0x11098e74e5a813523ddd0c49aa8131b9ed2c4ee9371618657b80ce375de68204,1.0
1284,0xa30d8157911ef23c46c0eb71889efe6a648a41f7,1512827123,0x86fa049857e0209aa7d9e616f7eb3b3b78ecfdb0,0x2d567144b7250f7da49f0c8e2f2d40c13e258db9aa3f1081c0f38cf6dd9c30d5,0.0
1285,0xa30d8157911ef23c46c0eb71889efe6a648a41f7,1512827190,0xb63b606ac810a52cca15e44bb630fd42d8d1d83d,0x3ca6c86d0b3e14526d678f37061da5dbea5fcf0743e8ebe322fac683b0b13bd8,0.0
1286,0xa30d8157911ef23c46c0eb71889efe6a648a41f7,1512827241,0x0f5d2fb29fb7d3cfee444a200298f468908cc942,0x26f93b6116e53f7620d2600ecc07ac52c2c1290590ae5e6cef0eee51ef34ad6f,0.0
1287,0xa30d8157911ef23c46c0eb71889efe6a648a41f7,1512827302,0xb63b606ac810a52cca15e44bb630fd42d8d1d83d,0x52df08d0c346d5edf26019eb4ced2e4f5589d3e01054b893a4560eb793c38ab9,0.0
1288,0xa30d8157911ef23c46c0eb71889efe6a648a41f7,1512827559,0xb63b606ac810a52cca15e44bb630fd42d8d1d83d,0xcd87c31aab1eb683acaef95e8d45dc736389888f40b7cccc28b2d08c1cbdb76b,0.0
1289,0xa30d8157911ef23c46c0eb71889efe6a648a41f7,1512827701,0x86fa049857e0209aa7d9e616f7eb3b3b78ecfdb0,0x5419be9f6e526e875c5543696f6534bbd4d087dfdcf08ae1e12bcc3fcd64172c,0.0
1290,0xa30d8157911ef23c46c0eb71889efe6a648a41f7,1512828081,0x86fa049857e0209aa7d9e616f7eb3b3b78ecfdb0,0xb2e0a4967c240ee339b6173057111f547ada6277760aa447929e65f4712f10cd,0.0
1291,0xa30d8157911ef23c46c0eb71889efe6a648a41f7,1512828170,0xb63b606ac810a52cca15e44bb630fd42d8d1d83d,0x2e79f5e1b9f273d4f73c22df4444940c9dc0c6aef693d95603aeca35429107c3,0.0
1292,0xa30d8157911ef23c46c0eb71889efe6a648a41f7,1512828189,0x90790445fa6fa84bb898b0de0d3957e2de816c7a,0xe1ebee4f707bb33b3f0a596bc219ab25a87f08ed454f50a736f45bef13135ab3,3.2171
1293,0xa30d8157911ef23c46c0eb71889efe6a648a41f7,1512828253,0x86fa049857e0209aa7d9e616f7eb3b3b78ecfdb0,0x61cc43723311d393207bbad0b09ba266e0e99537de469ffc82704ca4bfd4eb5f,0.0
1294,0xa30d8157911ef23c46c0eb71889efe6a648a41f7,1512828342,0x86fa049857e0209aa7d9e616f7eb3b3b78ecfdb0,0x4ded51fcfc1752a3b8b307a39d6e4c4ba422da76d4d5c0291b52b3f1492424fe,0.0
1295,0xa30d8157911ef23c46c0eb71889efe6a648a41f7,1512828737,0xd4f1f881f00e49803a8b689b164c1d4a13118f24,0xf87954f1405fb8713a308f273584e651160744cd05c63a4b2168872f47f068b7,4.1295
1296,0xa30d8157911ef23c46c0eb71889efe6a648a41f7,1512828762,0xe0b7927c4af23765cb51314a0e0521a9645f0e2a,0x8bd28809f668e04b351750d762d7b364b4f4de5e4b9d995d6697faf8298231ac,0.0
1297,0xa30d8157911ef23c46c0eb71889efe6a648a41f7,1512828825,0x3dfce1e1dd8b8250f828ec1d2dc74f0c0dbbedcd,0x82c65cc355ff1ecf8fc5c4f7c1bf42b39bb58f175494e160c826a2f4ee792da7,2.0
1298,0xa30d8157911ef23c46c0eb71889efe6a648a41f7,1512829123,0x3797dda43cb9d3eda55e6e887efb798947a9af2f,0xa4bdde79e3f9b4b965a4a8683aba15694a597eb6cb802930b833fe68d1f2232d,2.0
1299,0xa30d8157911ef23c46c0eb71889efe6a648a41f7,1512829143,0xf7920b0768ecb20a123fac32311d07d193381d6f,0x3ce33234a9dc408709e3f502e8c5af2ab26159971be92dbc315d946c91fc77c4,0.0
1300,0xa30d8157911ef23c46c0eb71889efe6a648a41f7,1512829718,0x6f21a474559558dd47de016a2934882128732a99,0x0d1b8debc7a165dd8395c72fbf765b3445af510fdafa7337947856e344ad3177,6.85
1301,0xa30d8157911ef23c46c0eb71889efe6a648a41f7,1512830163,0x86fa049857e0209aa7d9e616f7eb3b3b78ecfdb0,0xc1434c2f9d1a719d0f3abd2a7723e5726ae06ad3d357382b9e7fb5268fb0e10a,0.0
1302,0xa30d8157911ef23c46c0eb71889efe6a648a41f7,1512830337,0x6dc111c94435ddcb253db866e718a89f4cd016da,0xa47b6e9b479feb6bc254d5c9e6527da3c61bbe6d275a3255074847dd26cfb842,2.0
1303,0xa30d8157911ef23c46c0eb71889efe6a648a41f7,1512830473,0xa78bac90b7e35bdb0e7362149f70606185dfa361,0xeeca5760ce761c3408b298a86260e89645100d07a6768d310cdd94cfda3d3bf9,1.0
1304,0xa30d8157911ef23c46c0eb71889efe6a648a41f7,1512830556,0xf7920b0768ecb20a123fac32311d07d193381d6f,0x3882ccc50c04d835c007d1b251c43d000e372069da893d57409ecccf5e22f8c9,0.0
1305,0xa30d8157911ef23c46c0eb71889efe6a648a41f7,1512830855,0xeddd0f29f6533d3a9b37d85a561e1a6cdfb57ed1,0x2b57855e0163973d3d90e23e551b30c135a6069b3cd0fce60ea5e80b136c97f7,11.64
1306,0xa30d8157911ef23c46c0eb71889efe6a648a41f7,1512831378,0x744d70fdbe2ba4cf95131626614a1763df805b9e,0x02e11d831ab17a4a9c522a1a015bd4bd02262200acc9e4cb6159d305fc1d71c9,0.0
1307,0xa30d8157911ef23c46c0eb71889efe6a648a41f7,1512831446,0x86fa049857e0209aa7d9e616f7eb3b3b78ecfdb0,0xd551eeed9c38884bc68ee7b9aa01b3e13001dc1d5d78d748ac0abc3aca01e894,0.0
1308,0xa30d8157911ef23c46c0eb71889efe6a648a41f7,1512831706,0xb63b606ac810a52cca15e44bb630fd42d8d1d83d,0x612e41d4ff464722c7282dfcda777af34de3b550873762d51d1ac696a2244e3d,0.0
1309,0xa30d8157911ef23c46c0eb71889efe6a648a41f7,1512831743,0xa645264c5603e96c3b0b078cdab68733794b0a71,0xb1d905e5b3cbf4d32f4b49abda9bdc2724bd81065ed33e5b22daf1a7071b81c6,0.0
1310,0xa30d8157911ef23c46c0eb71889efe6a648a41f7,1512831814,0xb63b606ac810a52cca15e44bb630fd42d8d1d83d,0x9a0b94e31f81e99c54cca3fa71a866faf45d3fbb4ae5d613d6f4e9dbdbed7c8e,0.0
1311,0xa30d8157911ef23c46c0eb71889efe6a648a41f7,1512832726,0x4290563c2d7c255b5eec87f2d3bd10389f991d68,0xbe00ec05190ce38f9cecd9c3e83b133a366ff4e2a7c4e7d8186a0e9f1318a106,0.0
1312,0xa30d8157911ef23c46c0eb71889efe6a648a41f7,1512833015,0xb5f59aa4d8928735d545cb7a0defc61670ce2952,0x7b0bc66e7f0d1224b4bccdf888553859764afb2258fdfa5e55b36164b27cfc35,10.0
1313,0xa30d8157911ef23c46c0eb71889efe6a648a41f7,1512833093,0x8d2b7d41dbab04bc61c418d6f6b70bc88f886a13,0xa04c87977c26b51d1051527aa74524db0a0bee52d54dc9f1a6e192d85c1f9a22,1.2
1314,0xa30d8157911ef23c46c0eb71889efe6a648a41f7,1512833104,0x331e0ad19eec21bfb3903c88d12b05dc888c66e4,0xff5d9c7e1c8bf5ca8f81229210d0a8281809486f01535dbeef0b2bdba0a605cd,5.0
1315,0xa30d8157911ef23c46c0eb71889efe6a648a41f7,1512833524,0x27dd12a74b3c57ff67dc863cb39ee799091ebdb1,0x2b650670437346148f407c53e822b9b5f2ff4707432770faa836a7d2f65bbef6,18.9
1316,0xa30d8157911ef23c46c0eb71889efe6a648a41f7,1512834348,0xf1803e8dce973703e42cd397d8662116c91fb0f5,0x4c4895a8427d4600744a6ab5147f97efb51ac02618a45763126af2c45ee523d5,10.8
1317,0xa30d8157911ef23c46c0eb71889efe6a648a41f7,1512834384,0x2ccac0f3ea2cb783912f730699fd07e1433d43b7,0xaefe3dc609c5b0f445d70f8bb44432284a8bcad39f4132c760318249c4d98ff2,60.0
1318,0xa30d8157911ef23c46c0eb71889efe6a648a41f7,1512834402,0xd26114cd6ee289accf82350c8d8487fedb8a0c07,0x64165e671138678cd5d78a91e259e12e089add8014883712c1eefe4f3d1c758b,0.0
1319,0xa30d8157911ef23c46c0eb71889efe6a648a41f7,1512834730,0xd26114cd6ee289accf82350c8d8487fedb8a0c07,0x46087e074eb967f1c39217585caf95cf1259755bea2229ae64e9fcfe90ccc518,0.0
1320,0xa30d8157911ef23c46c0eb71889efe6a648a41f7,1512834887,0xb97048628db6b661d4c2aa833e95dbe1a905b280,0xb5dee16235d6add7d5010fd23aab4adb9962d8e2461434fec30a2b427f35ae20,0.0
1321,0xa30d8157911ef23c46c0eb71889efe6a648a41f7,1512835008,0xb5335120355636c7bb10f9f242f72213331fed03,0x6ea282275aa2ca49ba5771079149038a3ecd6812c6dead59b80a8d27649ec687,6.0
1322,0xa30d8157911ef23c46c0eb71889efe6a648a41f7,1512835120,0x8effd494eb698cc399af6231fccd39e08fd20b15,0xec4d0bd7aa419a4ab157ddacd24647b0c44a12c82136e178762e3ba9c4d3e930,0.0
1323,0xa30d8157911ef23c46c0eb71889efe6a648a41f7,1512835173,0xa5eb5c827993bf525a6c77d806b9b69c9d68a1c3,0x71c7342b1ac6aa03c5b0c72c7ba43dcc53e91aee14a0bcc411c6e826a0cef6cc,10.01
1324,0xa30d8157911ef23c46c0eb71889efe6a648a41f7,1512835765,0xb5335120355636c7bb10f9f242f72213331fed03,0x151644c5202fa2ffc37c6816661a3943b82e081a7c0a2458f988a9e0405f587b,6.9
1325,0xa30d8157911ef23c46c0eb71889efe6a648a41f7,1512836040,0x8c0a51e280c45d53a426f5e50d5a6ddb41300442,0xc57cfd1d413e7d127d979b55ee0e4637a5e990245b03a894cea3d7e4ffb46ae1,0.1
1326,0xa30d8157911ef23c46c0eb71889efe6a648a41f7,1512836570,0x86fa049857e0209aa7d9e616f7eb3b3b78ecfdb0,0xe26dfd6f158bc4d2de10d648d11b93789bcaedf048e30c92d0636c9350087e7a,0.0
1327,0xa30d8157911ef23c46c0eb71889efe6a648a41f7,1512836945,0x4290563c2d7c255b5eec87f2d3bd10389f991d68,0x9be0a657ca1cc5a502ef52ec1d76e4d11d2c27cb05664f1c72ab8499e46b30d3,0.0
1328,0xa30d8157911ef23c46c0eb71889efe6a648a41f7,1512836986,0x86fa049857e0209aa7d9e616f7eb3b3b78ecfdb0,0x815d5f0ecb60cee143905b29ea95251f1d61dafd2cb10e5e963f1f041ad8b9c5,0.0
1329,0xa30d8157911ef23c46c0eb71889efe6a648a41f7,1512837016,0xaf30d2a7e90d7dc361c8c4585e9bb7d2f6f15bc7,0xe698ce19d5e764d6410a1c93f8e630b6f9b0596f28ef88b952a214534f90c782,0.0
1330,0xa30d8157911ef23c46c0eb71889efe6a648a41f7,1512837123,0x86fa049857e0209aa7d9e616f7eb3b3b78ecfdb0,0x48afe124ee10fac7ee294b4010b6058577e5baafb5af8ba5f0e5a04addd30998,0.0
1331,0xa30d8157911ef23c46c0eb71889efe6a648a41f7,1512837253,0xc4b61e7b8e28dea6a23ec3762f5de1c5647ee561,0x61cc9e0e50df179ca1170a1f9b9a011afe1cc85e1353f83ae71ae01cfe31607f,5.1
1332,0xa30d8157911ef23c46c0eb71889efe6a648a41f7,1512837417,0x623dfc1dc79f629237acbd774461348d11994b20,0x6640397c958c2e57d8b53e0a9bb80f4431a191adf1bfc811210384bfbdad5b72,3.997
1333,0xa30d8157911ef23c46c0eb71889efe6a648a41f7,1512837536,0xe28570e8500f7ab478d422add80bfe4d75e8609d,0x5a10e97e3fd990d7fedc45e6729ff9ab2f0a13b5433f9a64c109a52766d8f20a,0.7306698
1334,0xa30d8157911ef23c46c0eb71889efe6a648a41f7,1512837757,0xe0b7927c4af23765cb51314a0e0521a9645f0e2a,0xd215730fb0db69c3d3d6b68d94705e684699a42f2323c9dc3f0424f2729ace4f,0.0
1335,0xa30d8157911ef23c46c0eb71889efe6a648a41f7,1512838039,0xe0b7927c4af23765cb51314a0e0521a9645f0e2a,0xb2a8153066352ad1c8e9e9348aa2a6eaf7da8e111da7b743cbeff4a886659a70,0.0
1336,0xa30d8157911ef23c46c0eb71889efe6a648a41f7,1512838152,0xb4a92b61e89e9da91c7de54ab700e75d363236b8,0x53f46ab944604cd04f944ebeee8b174988c8cad98b87e82e13c4c3300376db05,10.1
1337,0xa30d8157911ef23c46c0eb71889efe6a648a41f7,1512838214,0xcb97e65f07da24d46bcdd078ebebd7c6e6e3d750,0xc6238e7890b50beeb92d39139ac5c6c51b20501874ccd7fea70ab3f6fc6f6ec2,0.0
1338,0xa30d8157911ef23c46c0eb71889efe6a648a41f7,1512838302,0x0f5d2fb29fb7d3cfee444a200298f468908cc942,0x4a2d4771c74ed4d88e9fcbef447f76f7f8e44114ecfc0b56c33a3eeb1d5e2e06,0.0
1339,0xa30d8157911ef23c46c0eb71889efe6a648a41f7,1512838316,0x86fa049857e0209aa7d9e616f7eb3b3b78ecfdb0,0xf5d29f18c94cbd469da4ef3519e0570f5c2ded757c3a1307ec84a4ea4f52dc63,0.0
1340,0xa30d8157911ef23c46c0eb71889efe6a648a41f7,1512838316,0xb7a4367b4601727084da2bb38951f93291b778d1,0xea8bc1adeafa67dddcd53e420c645e4ec4f8e9102b5060396abdd5648c595880,0.01
1341,0xa30d8157911ef23c46c0eb71889efe6a648a41f7,1512839330,0x4290563c2d7c255b5eec87f2d3bd10389f991d68,0x203a2f50365ed232e96189eb4218dc7fce8da1f75d61bf89c2763727ec4582f7,0.0
1342,0xa30d8157911ef23c46c0eb71889efe6a648a41f7,1512839503,0xe0b7927c4af23765cb51314a0e0521a9645f0e2a,0x67f403862e071c120178d4a268a5fd98297a3adee4dc979217d73c45c3fc8b7f,0.0
1343,0xa30d8157911ef23c46c0eb71889efe6a648a41f7,1512839648,0xf7a005800f35d6cf831c6135d92ab96bde15ef12,0x6c080176ecb37659e32fd4b216938af35250985fcfdd77dfd59b3d1aabc25588,7.0
1344,0xa30d8157911ef23c46c0eb71889efe6a648a41f7,1512841058,0x691fcdce7329879610c34661939a8170ca041122,0xa94603087957c18e405717919c3faed23c9fdce6a855326e6d7f5cba064a2f60,5.0
1345,0xa30d8157911ef23c46c0eb71889efe6a648a41f7,1512842478,0xb97048628db6b661d4c2aa833e95dbe1a905b280,0x994934bfc6ef57de4fa93902e149d1e119bed0f755d99270d554623c7112a04d,0.0
1346,0xa30d8157911ef23c46c0eb71889efe6a648a41f7,1512842595,0x86fa049857e0209aa7d9e616f7eb3b3b78ecfdb0,0xef09a5e78482cd8b5eae8e116c901f520b6552508624097c1863a56a6f84275c,0.0
1347,0xa30d8157911ef23c46c0eb71889efe6a648a41f7,1512842671,0x2d0a69db79e223b6fa44535b8e2ed12ad86cbd81,0x78de6c49b61ffbfcc92a9ce29d4970752a23269a9f9f149328c13a785de16f88,0.18
1348,0xa30d8157911ef23c46c0eb71889efe6a648a41f7,1512843455,0xb63b606ac810a52cca15e44bb630fd42d8d1d83d,0x5cd4e44a37fc8f58f5848e5b9358a89bd668ec712cae602f043d6c17f9eb9911,0.0
1349,0xa30d8157911ef23c46c0eb71889efe6a648a41f7,1512844306,0xb85146f430763fc6afaaed23632a8472b81fe547,0x04410d98aea747118414d339680d04a6160ca1e4e59ca3b9096b9460177bd49e,5.0
1350,0xa30d8157911ef23c46c0eb71889efe6a648a41f7,1512844606,0xb63b606ac810a52cca15e44bb630fd42d8d1d83d,0x3e69a285334e3d23d024b8dd35db42f4e49eb7073b1c450ecf272fbd201574b1,0.0
1351,0xa30d8157911ef23c46c0eb71889efe6a648a41f7,1512845106,0x1bccc69adfd2f35b016b6901ca96753d4b09749d,0xbfa2d7fc5abb1b8c955fe781e788ee19c9830939ea1b1a0e228ac2f7227e38a6,19.99
1352,0xa30d8157911ef23c46c0eb71889efe6a648a41f7,1512845125,0xb97048628db6b661d4c2aa833e95dbe1a905b280,0xc1b786eece592a9861b1812d7a6674333ec95a9e4668ed804675d2be85737fe2,0.0
1353,0xa30d8157911ef23c46c0eb71889efe6a648a41f7,1512845494,0x773765a71405b4c342b9fcfb9d93d23d60abeeeb,0x20a514334947424147f339db996d57683bc64ffbfe03480bfee490ab31324605,1.01
1354,0xa30d8157911ef23c46c0eb71889efe6a648a41f7,1512845949,0x781b2505d5fce18eff0c026e36035466eba73944,0xa6d93bbcfa5db8f97be75430db12a26b0101e461087d4dafce1672d16564f784,8.624
1355,0xa30d8157911ef23c46c0eb71889efe6a648a41f7,1512846121,0xf7920b0768ecb20a123fac32311d07d193381d6f,0xafbf45f0b93ad47ce59b3fd475e275be6819dd8aca73635a001326d7e465372d,0.0
1356,0xa30d8157911ef23c46c0eb71889efe6a648a41f7,1512846283,0x54db647b58dc5f7efd36d379e46859918c711fd1,0xd0f2dbfd2d97bdb200f4ea957d650dea98489af0e4fa9951fa9093992216c4ef,0.1487
1357,0xa30d8157911ef23c46c0eb71889efe6a648a41f7,1512849473,0x4290563c2d7c255b5eec87f2d3bd10389f991d68,0xd756496f6980a71a620e155a97bf91e07d1ae9c0ba3419a1f8d962608ee49e8b,0.0
1358,0xa30d8157911ef23c46c0eb71889efe6a648a41f7,1512853210,0xb63b606ac810a52cca15e44bb630fd42d8d1d83d,0x2ca62108705d5c616ccf21c57e3fd11e6906a04df9ccfa20a10ec1956790c602,0.0
1359,0xa30d8157911ef23c46c0eb71889efe6a648a41f7,1512857012,0x4290563c2d7c255b5eec87f2d3bd10389f991d68,0x88950c321163e5b4d2bd8c0e5a504f786341d1b582e0ca310f60e0bd31d2b9d6,0.0
1360,0xa30d8157911ef23c46c0eb71889efe6a648a41f7,1512857299,0x4290563c2d7c255b5eec87f2d3bd10389f991d68,0xc08140611ab619f80e48799a1a8c4173d8fed5e33316db520d44e8ea23d98ac7,0.0
1361,0xa30d8157911ef23c46c0eb71889efe6a648a41f7,1512857366,0xe0b7927c4af23765cb51314a0e0521a9645f0e2a,0x74840f78470d809c239fe28692a9e3a67f1a4459e699f2abc399a1892411f98a,0.0
1362,0xa30d8157911ef23c46c0eb71889efe6a648a41f7,1512857432,0x4290563c2d7c255b5eec87f2d3bd10389f991d68,0xaf34f05cc6eb7bba78e09e942013e8905c28aa0e6c2aacb5473582574938d9aa,0.0
1363,0xa30d8157911ef23c46c0eb71889efe6a648a41f7,1512858720,0x86fa049857e0209aa7d9e616f7eb3b3b78ecfdb0,0xb4b621f54280e6e456eaf71af511320c49d14cdfff7f24a0d90236404bff31cc,0.0
1364,0xa30d8157911ef23c46c0eb71889efe6a648a41f7,1512860680,0x4290563c2d7c255b5eec87f2d3bd10389f991d68,0xd81bedaa20f51c8fe00a4b05c3b3c3b41181947ffbf0e7dcc56932351a0c6563,0.0
1365,0xa30d8157911ef23c46c0eb71889efe6a648a41f7,1512860993,0x4470bb87d77b963a013db939be332f927f2b992e,0xea09206a84614f0a5e5b9d56e137b7bd2e14266ae81e05a000579798544c0f7c,0.0
1366,0xa30d8157911ef23c46c0eb71889efe6a648a41f7,1512862177,0x86fa049857e0209aa7d9e616f7eb3b3b78ecfdb0,0x49033b2c6588b99453ced59a8ae0e143e018816f7fbeb047573e39e5bf7661aa,0.0
1367,0xa30d8157911ef23c46c0eb71889efe6a648a41f7,1512865267,0x1387f30969b191403f7cf4a828a48c746ff050c1,0x76997607fe9565558dba14155347ae6cf7bec7dd7f2585a7cc64d007152530be,8.0
1368,0xa30d8157911ef23c46c0eb71889efe6a648a41f7,1512867598,0x86fa049857e0209aa7d9e616f7eb3b3b78ecfdb0,0x73009fa22273e066bc166f80441d4904eb38aa7307a585bb582e441f5b8e029a,0.0
1369,0xa30d8157911ef23c46c0eb71889efe6a648a41f7,1512867725,0x86fa049857e0209aa7d9e616f7eb3b3b78ecfdb0,0x2454aa2654607a300fcda1190497c615a1464fd6820f0a880220d2da63691617,0.0
1370,0xa30d8157911ef23c46c0eb71889efe6a648a41f7,1512867746,0x86fa049857e0209aa7d9e616f7eb3b3b78ecfdb0,0xaf1cd16eb248f31139670c499eb18803f549213a0e7df4258d0c6e2f05f347ba,0.0
1371,0xa30d8157911ef23c46c0eb71889efe6a648a41f7,1512868268,0x86fa049857e0209aa7d9e616f7eb3b3b78ecfdb0,0x3bec407b2e893d8e3e71b2e7c18695d94e4d8922d1bd48842829a0b7992b8ba7,0.0
1372,0xa30d8157911ef23c46c0eb71889efe6a648a41f7,1512868618,0xb63b606ac810a52cca15e44bb630fd42d8d1d83d,0x7f7afc8af24031c25c4ee3489859490ca9fa9aa06c1d11945c73cd776f59b2f9,0.0
1373,0xa30d8157911ef23c46c0eb71889efe6a648a41f7,1512868705,0xd850942ef8811f2a866692a623011bde52a462c1,0x7c75fe061d516c713aae7dd6b62b81c349738358f71d7f466fe2bd353fb400df,0.0
1374,0xa30d8157911ef23c46c0eb71889efe6a648a41f7,1512869034,0x0f5d2fb29fb7d3cfee444a200298f468908cc942,0x9e4518e2a9d6b277cdbaf2e3056ddf99cd6dafabff6a9ede042ec2f03a0f2af6,0.0
1375,0xa30d8157911ef23c46c0eb71889efe6a648a41f7,1512869209,0x86fa049857e0209aa7d9e616f7eb3b3b78ecfdb0,0x399a3614c951de29fb70558c490de0138c9b1ef5ab6430f62143da2b5abe97a3,0.0
1376,0xa30d8157911ef23c46c0eb71889efe6a648a41f7,1512869234,0xc4ee66401263b8c417e2f4ac174e13afcc618d50,0x768184eda20ea178cf5010082cdc72807d2f8095103ee3470c91d60d0b8d6dc3,5.002
1377,0xa30d8157911ef23c46c0eb71889efe6a648a41f7,1512869271,0x3533d339de67a2c7fd17183f7737f69be67c664d,0xf8f4418f51dc8ace667ea4d920e7515fc91e11301125121479d0a22a508cc5ad,6.0
1378,0xa30d8157911ef23c46c0eb71889efe6a648a41f7,1512869395,0x744d70fdbe2ba4cf95131626614a1763df805b9e,0xb9b58f15d4b257eb26e2494f0eb67a9f79f5c9e43be4c3eebc07e2cf009ad712,0.0
1379,0xa30d8157911ef23c46c0eb71889efe6a648a41f7,1512869445,0x8effd494eb698cc399af6231fccd39e08fd20b15,0x44fc2c34231cf6863b40b06b99bc5d6ca2fa35c6aa634418a2a9e2df419bfeda,0.0
1380,0xa30d8157911ef23c46c0eb71889efe6a648a41f7,1512869469,0xb97048628db6b661d4c2aa833e95dbe1a905b280,0x342c3b2ecdebd8467eb535adcee5108947f12a7a8038f24ce3ab6a5a28e04d87,0.0
1381,0xa30d8157911ef23c46c0eb71889efe6a648a41f7,1512869499,0xd850942ef8811f2a866692a623011bde52a462c1,0x46c98bc26a347dc13298de02e7d5c1ec2cabe63994375a0c5023e7abacb1a6d1,0.0
1382,0xa30d8157911ef23c46c0eb71889efe6a648a41f7,1512869561,0x0f5d2fb29fb7d3cfee444a200298f468908cc942,0x48d81e6bb1e7bad99235f59aebe1f3baac129fa2e399258a2ded7d55b0ff3332,0.0
1383,0xa30d8157911ef23c46c0eb71889efe6a648a41f7,1512869963,0x8effd494eb698cc399af6231fccd39e08fd20b15,0x6dd2276734c728e8a296ec3525eff5a4a987dcb31427496f7888b00624fceff7,0.0
1384,0xa30d8157911ef23c46c0eb71889efe6a648a41f7,1512870006,0x86fa049857e0209aa7d9e616f7eb3b3b78ecfdb0,0x9f7ef03085b0cddd417b91066c015dd1a1b4ecaa848053cde3ca19a50f48835e,0.0
1385,0xa30d8157911ef23c46c0eb71889efe6a648a41f7,1512870169,0x86fa049857e0209aa7d9e616f7eb3b3b78ecfdb0,0xc7a3d1d2a4c80afa7082cc1697c85947e72036f4bb5ac3a3e2e434d4252e1a7f,0.0
1386,0xa30d8157911ef23c46c0eb71889efe6a648a41f7,1512870186,0xc6212084e2e4e6e9e0d71b6b6512ed0de36b0853,0x8606d78b35aa881d2cca25aecc231d820a5dc188f09121f045b7850ae5fadd99,30.02
1387,0xa30d8157911ef23c46c0eb71889efe6a648a41f7,1512870535,0x86fa049857e0209aa7d9e616f7eb3b3b78ecfdb0,0xf19fc4625919679b6d45c1a437a67ce7245a95bd57be22f1c06d033d94fb1228,0.0
1388,0xa30d8157911ef23c46c0eb71889efe6a648a41f7,1512870655,0x86fa049857e0209aa7d9e616f7eb3b3b78ecfdb0,0x3ee77f40a84f67543da762e729a50de1eeb1531305177fa4ebd83698fcee3ecd,0.0
1389,0xa30d8157911ef23c46c0eb71889efe6a648a41f7,1512870659,0x0f5d2fb29fb7d3cfee444a200298f468908cc942,0x199f3adbc546b6dd0ba8a5d3a73d894803d7290fb6646fb821b5c1bda18edf73,0.0
1390,0xa30d8157911ef23c46c0eb71889efe6a648a41f7,1512870881,0x2ccac0f3ea2cb783912f730699fd07e1433d43b7,0x5d223c2f219d2f8f48bee56ca99b26aef87c66ecc23326bed4363db6cc42c632,60.0
1391,0xa30d8157911ef23c46c0eb71889efe6a648a41f7,1512871015,0x86fa049857e0209aa7d9e616f7eb3b3b78ecfdb0,0xa3c36ea297b27822f1a48e871b5cfa579bc80ee3168d8ce4f4d5d3d57d89be13,0.0
1392,0xa30d8157911ef23c46c0eb71889efe6a648a41f7,1512871068,0xf7920b0768ecb20a123fac32311d07d193381d6f,0xc14acc37fec4b66a2da0587068a8c342d8342250076c915c1aefc10c01c4aabd,0.0
1393,0xa30d8157911ef23c46c0eb71889efe6a648a41f7,1512871135,0x86fa049857e0209aa7d9e616f7eb3b3b78ecfdb0,0xde63c00ac5c0344238ccf529161e1c11b5bf2acc1058112c049b625ce071fe18,0.0
1394,0xa30d8157911ef23c46c0eb71889efe6a648a41f7,1512871255,0xe9ad66f1a96a86a0ef6484ea7b29078b08281fd0,0x6f2276aadfc33473bb29f0ec38fd1b4e4040400e1e493ec700b15149aed08538,0.8104
1395,0xa30d8157911ef23c46c0eb71889efe6a648a41f7,1512871380,0x86fa049857e0209aa7d9e616f7eb3b3b78ecfdb0,0x446e9142d2682c915c7c492c60553492467f6cc595f0cd3d901582db09437b53,0.0
1396,0xa30d8157911ef23c46c0eb71889efe6a648a41f7,1512871600,0x72df9c22cabf383588623713f9a35bbfff35efab,0x713571fb672fc96b1becbc7638d477c56ba8466e2842987b45a7db7087ba3af8,8.1
1397,0xa30d8157911ef23c46c0eb71889efe6a648a41f7,1512871643,0x744d70fdbe2ba4cf95131626614a1763df805b9e,0x0a97f604646ca9b7a1f7c19cb895a02e8aa78ee7cd494c9ed6f201a9af1ab6ec,0.0
1398,0xa30d8157911ef23c46c0eb71889efe6a648a41f7,1512872143,0x86fa049857e0209aa7d9e616f7eb3b3b78ecfdb0,0xb3dd14f8d8b3c88cba19ba1f9a865538cd660fb1508fea0d653daf9985f9be67,0.0
1399,0xa30d8157911ef23c46c0eb71889efe6a648a41f7,1512872445,0xb63b606ac810a52cca15e44bb630fd42d8d1d83d,0x54891c5d11a6174bfb2084bea980815ca72456ab037708d0d66f8bfd93a0efed,0.0
1400,0xa30d8157911ef23c46c0eb71889efe6a648a41f7,1512872642,0x86fa049857e0209aa7d9e616f7eb3b3b78ecfdb0,0x7d55d4f6b37cf871d0325d82d7f69333ffa0f75541a3b5d5abe1162e65aea6bd,0.0
1401,0xa30d8157911ef23c46c0eb71889efe6a648a41f7,1512873224,0xb63b606ac810a52cca15e44bb630fd42d8d1d83d,0x18f5b87254efd7683b8e076c6c6e1016dd1ec8d83dd1c81a13f841ff7ed04140,0.0
1402,0xa30d8157911ef23c46c0eb71889efe6a648a41f7,1512873242,0x0f5d2fb29fb7d3cfee444a200298f468908cc942,0x59d3813b75540d4ab2305a007459bbb4d19e5708b0c82550e1fb3267bae741b3,0.0
1403,0xa30d8157911ef23c46c0eb71889efe6a648a41f7,1512873271,0x86fa049857e0209aa7d9e616f7eb3b3b78ecfdb0,0x62b7c3b2c46e259ae9ac9b3a9bcd742743832bfe34c03eded837026efc48e7bb,0.0
1404,0xa30d8157911ef23c46c0eb71889efe6a648a41f7,1512873380,0xb63b606ac810a52cca15e44bb630fd42d8d1d83d,0x54b7cb5702e39316b38b51bd5a5cf3d5aaf224e97251e6126abae4c1e54ea5f2,0.0
1405,0xa30d8157911ef23c46c0eb71889efe6a648a41f7,1512873453,0xb63b606ac810a52cca15e44bb630fd42d8d1d83d,0xee67b33e19dbacfb171515f3e24888f5536b67ef0d9c01c7aeda3984311da160,0.0
1406,0xa30d8157911ef23c46c0eb71889efe6a648a41f7,1512873456,0x8a1c9849bacb964fc51d01109c0635eac7a22e01,0xe4f52233f98988dff392f0766af57d5351298575a5dd43d306debbd5f63a0049,17.8302
1407,0xa30d8157911ef23c46c0eb71889efe6a648a41f7,1512873789,0xb63b606ac810a52cca15e44bb630fd42d8d1d83d,0xaa7b967d769f4db34f1e061097db5ec0d8e5f505ec6cb82cd7c6b728506ba038,0.0
1408,0xa30d8157911ef23c46c0eb71889efe6a648a41f7,1512874157,0x86fa049857e0209aa7d9e616f7eb3b3b78ecfdb0,0xa81517417c42971b1934a1f7d49d274e798004f1699e5faae3ecb47ff72b0663,0.0
1409,0xa30d8157911ef23c46c0eb71889efe6a648a41f7,1512874331,0x86fa049857e0209aa7d9e616f7eb3b3b78ecfdb0,0xa733d0c233de0462db3f8e01bbeb00f776a99bdb1592992b707251561caa22b7,0.0
1410,0xa30d8157911ef23c46c0eb71889efe6a648a41f7,1512874719,0x0f5d2fb29fb7d3cfee444a200298f468908cc942,0x34400ccd8c0d0a658938b4a8f22e94ce31d1e5428d7865d8a7912bc5ca41b1eb,0.0
1411,0xa30d8157911ef23c46c0eb71889efe6a648a41f7,1512875747,0x86fa049857e0209aa7d9e616f7eb3b3b78ecfdb0,0x8a613c827dd30638d1b5ffd4dca4359c4cd92d859c705f8f468681d563087226,0.0
1412,0xa30d8157911ef23c46c0eb71889efe6a648a41f7,1512875914,0xb63b606ac810a52cca15e44bb630fd42d8d1d83d,0x122eb816665de87541bc648affe4fc8541fa7c23f4c3e9b5ba6c4d248f7a710a,0.0
1413,0xa30d8157911ef23c46c0eb71889efe6a648a41f7,1512875992,0x86fa049857e0209aa7d9e616f7eb3b3b78ecfdb0,0x2e3550ff53c0aeafce298f4a551f8dcb642aa6285a2626b9e8c543c02f24c18f,0.0
1414,0xa30d8157911ef23c46c0eb71889efe6a648a41f7,1512877383,0x86fa049857e0209aa7d9e616f7eb3b3b78ecfdb0,0x9028898f73421d64686989d469e9f3b5e2642ce5cad69b9f179ac51ff4151ed4,0.0
1415,0xa30d8157911ef23c46c0eb71889efe6a648a41f7,1512877840,0x3797dda43cb9d3eda55e6e887efb798947a9af2f,0xb304e995427ae011c697060b80dd36f8f521e4e61d52444870c68c4a7fda48c3,5.0
1416,0xa30d8157911ef23c46c0eb71889efe6a648a41f7,1512878217,0x0f5d2fb29fb7d3cfee444a200298f468908cc942,0x8eb9fe75d8226f05ebdde59049ed0dabe67ef6816a7792e1d540bd6cef29a993,0.0
1417,0xa30d8157911ef23c46c0eb71889efe6a648a41f7,1512878489,0xe0b7927c4af23765cb51314a0e0521a9645f0e2a,0x54012075fc9b5b2cfece59364d88b05a6bd98daca33c383912b6cb03e1874308,0.0
1418,0xa30d8157911ef23c46c0eb71889efe6a648a41f7,1512878580,0x86fa049857e0209aa7d9e616f7eb3b3b78ecfdb0,0xb140cf593f7be1eb3fad87e1d3545833a49dafca040bf7db0eeac16108e2b553,0.0
1419,0xa30d8157911ef23c46c0eb71889efe6a648a41f7,1512878747,0xd26114cd6ee289accf82350c8d8487fedb8a0c07,0x041157c9328cb9fc4c1a326e24c0045bf8f32f4e20950be30a45cd409a780e65,0.0
1420,0xa30d8157911ef23c46c0eb71889efe6a648a41f7,1512878747,0xaa5a9ac3d9fdb25d5122024295b9415c5121af46,0x0c00bf310c975cc678208f9db86badc0a5615c0b6f8dc9eaa8b6b73f030beee7,1355.0
1421,0xa30d8157911ef23c46c0eb71889efe6a648a41f7,1512878962,0xf5f3830bacaa415d9ed3561e0314d05d710e33dd,0x3f3543e77223abedbeba4b2ee9edfe1450aa70ed18e1999258e1470b8a421eaf,20.639
1422,0xa30d8157911ef23c46c0eb71889efe6a648a41f7,1512878962,0xc27d84923fb07afdeafa7a0cd7aa97a115651a8a,0xaab9b2bdb2429f83ebe8f1dbd8a9bccf3738a8ebe0a0a110482dad57e3f9dd91,0.95
1423,0xa30d8157911ef23c46c0eb71889efe6a648a41f7,1512879325,0x744d70fdbe2ba4cf95131626614a1763df805b9e,0xfea2d8db07e93ebd24e437b7720c8abc0106f48c7f9c717377c5d0a40b9a7c72,0.0
1424,0xa30d8157911ef23c46c0eb71889efe6a648a41f7,1512879478,0xd816ca427b182db14db6be3edd2a3032fd395a46,0x9231cc07e0209ab857d863a94839e5014af3b1fd90cd6875c1599345181fc4a6,0.11699999999999999
1425,0xa30d8157911ef23c46c0eb71889efe6a648a41f7,1512879676,0x2642f5256f76cb2af85c24be8c425091e7d7b311,0x773b7620533af4ac3f518d9fc13785d41cb95ebae29a0b475f72d2cc18cfca73,2.9513
1426,0xa30d8157911ef23c46c0eb71889efe6a648a41f7,1512881027,0x86fa049857e0209aa7d9e616f7eb3b3b78ecfdb0,0x7e7cb9a7b3c4ffaf0fef94bc1583a555a2e1f8d4e9b18a2fc14bef4a8dc863c8,0.0
1427,0xa30d8157911ef23c46c0eb71889efe6a648a41f7,1512881045,0x86fa049857e0209aa7d9e616f7eb3b3b78ecfdb0,0xb640df8f7619e6c005a633981168cd89efbb7987b498bd95d5b5a9c9bad5a3cb,0.0
1428,0xa30d8157911ef23c46c0eb71889efe6a648a41f7,1512881866,0x0f5d2fb29fb7d3cfee444a200298f468908cc942,0x50819ed40eb6297c56bb91fc1b369c83baf9142f0e5416f13204076b57a928e9,0.0
1429,0xa30d8157911ef23c46c0eb71889efe6a648a41f7,1512882250,0xe41d2489571d322189246dafa5ebde1f4699f498,0xd664567af1568c2520e9ec57ffc5b866ae68175fb14c65c4eb4f29c371fc26c0,0.0
1430,0xa30d8157911ef23c46c0eb71889efe6a648a41f7,1512882861,0xb63b606ac810a52cca15e44bb630fd42d8d1d83d,0x9a4c332df22e6d8a215116e7ad2713a97804e12d3eb6977f45a3e320c05427b6,0.0
1431,0xa30d8157911ef23c46c0eb71889efe6a648a41f7,1512883884,0x2642f5256f76cb2af85c24be8c425091e7d7b311,0x4fc7b516835edc8fad327d9d3011b38c66dc0903fc30b53e510ce75cffd4566a,1.99
1432,0xa30d8157911ef23c46c0eb71889efe6a648a41f7,1512884592,0xc1aaf26a1e5b7067f8489fa3861084b23bb4274d,0xc349c419e0bdd43a4994130e26f29eaa8d3a7c7363c098675b5ac3dabf822f1f,5.0
1433,0xa30d8157911ef23c46c0eb71889efe6a648a41f7,1512885081,0xf7920b0768ecb20a123fac32311d07d193381d6f,0xfb9260e174708b6cb861c4cb1872155df6c1ada49393dfe9e8aa51ab2287ee5c,0.0
1434,0xa30d8157911ef23c46c0eb71889efe6a648a41f7,1512885127,0xcb97e65f07da24d46bcdd078ebebd7c6e6e3d750,0x20c57dc5e60ae6db210d6bef05755a23a6e4f6d5e73485a9b586eaef4ea28f77,0.0
1435,0xa30d8157911ef23c46c0eb71889efe6a648a41f7,1512885492,0xb63b606ac810a52cca15e44bb630fd42d8d1d83d,0xdf1206951d93f5b76a0dabbb611089ffd05a7c8b4c00785c2138625d58fe6472,0.0
1436,0xa30d8157911ef23c46c0eb71889efe6a648a41f7,1512886163,0x86fa049857e0209aa7d9e616f7eb3b3b78ecfdb0,0xc30fd1e1a215fdc2896f5e568d6e845a7764382515ea4ce8fe8a580baafb3383,0.0
1437,0xa30d8157911ef23c46c0eb71889efe6a648a41f7,1512886346,0x86fa049857e0209aa7d9e616f7eb3b3b78ecfdb0,0xdd11b230769306a1193b2652b0b335fd397125a3c090a4f41e9d09a9f0b063b2,0.0
1438,0xa30d8157911ef23c46c0eb71889efe6a648a41f7,1512886419,0x0f5d2fb29fb7d3cfee444a200298f468908cc942,0xcb3469dd75a6b5e9b6a8f243153fc918de47f366961fe127caafb5f68367b98c,0.0
1439,0xa30d8157911ef23c46c0eb71889efe6a648a41f7,1512886624,0x3dfce1e1dd8b8250f828ec1d2dc74f0c0dbbedcd,0xf208cb26035c99df2b5d2a1ed53a3b7de0c17c3a24db70e6721fa783c13b995a,2.0
1440,0xa30d8157911ef23c46c0eb71889efe6a648a41f7,1512886841,0x0f5d2fb29fb7d3cfee444a200298f468908cc942,0x5cfae3bafbcf5e0cded92f4440b9d5a96a2979123c7edd18dfa1ef6b2ed31e90,0.0
1441,0xa30d8157911ef23c46c0eb71889efe6a648a41f7,1512886853,0xd26114cd6ee289accf82350c8d8487fedb8a0c07,0xd7b7c60f4a9d1a1f63cead9d52b98c4e6ebefdb9c00e882fa63e02751b7f250a,0.0
1442,0xa30d8157911ef23c46c0eb71889efe6a648a41f7,1512887161,0x861bb5cd1d39149b0438d6fb6b98bccb0289a4f6,0x0f41d0287f6b9ca6d99c38a97a784c80278f3a2f06308aef5d4868cbc55cd683,3.8688
1443,0xa30d8157911ef23c46c0eb71889efe6a648a41f7,1512887280,0x86fa049857e0209aa7d9e616f7eb3b3b78ecfdb0,0x7e9ea0d4f378746e123c628754903bd96e62066c34a274a5867c91b81dfae51e,0.0
1444,0xa30d8157911ef23c46c0eb71889efe6a648a41f7,1512887526,0x0f5d2fb29fb7d3cfee444a200298f468908cc942,0xf1daf100e201081847b4da5097df529bbdef34f8a0ef27a80c1d3b51278de3fb,0.0
1445,0xa30d8157911ef23c46c0eb71889efe6a648a41f7,1512887697,0x0f5d2fb29fb7d3cfee444a200298f468908cc942,0xb94d01fe3cebed0c1dbb416dc4b6bb0ee91d0081e22eda1d19c39bbaf1c2319a,0.0
1446,0xa30d8157911ef23c46c0eb71889efe6a648a41f7,1512887781,0x0f5d2fb29fb7d3cfee444a200298f468908cc942,0x7375d56280e79ebe30878850c4491e05337e79792f82acbba34d9ef5799a18ff,0.0
1447,0xa30d8157911ef23c46c0eb71889efe6a648a41f7,1512887806,0x0f5d2fb29fb7d3cfee444a200298f468908cc942,0x97ca3b364fad8ad4da72a33a9ada370a5e69cfdce7349133ee31ec73ed62bb18,0.0
1448,0xa30d8157911ef23c46c0eb71889efe6a648a41f7,1512887900,0xe0b7927c4af23765cb51314a0e0521a9645f0e2a,0xe72f821b0fec8e7839a7ecafea8f3b6c6804d8fe482998a65e1786880c40b1e1,0.0
1449,0xa30d8157911ef23c46c0eb71889efe6a648a41f7,1512888222,0xcb97e65f07da24d46bcdd078ebebd7c6e6e3d750,0x66f417c04c2f10a332aede0637926433c5f1994cfbe106d6d2b541d4ef4a11d7,0.0
1450,0xa30d8157911ef23c46c0eb71889efe6a648a41f7,1512889053,0x86fa049857e0209aa7d9e616f7eb3b3b78ecfdb0,0x598790610b5b5633b0dbe4e175464871a04efabffa47acf6e15e8f21d1e90995,0.0
1451,0xa30d8157911ef23c46c0eb71889efe6a648a41f7,1512889606,0x86fa049857e0209aa7d9e616f7eb3b3b78ecfdb0,0x727a4cd275f8e4af94d0627f5c862f08490a86fc859c1bdf209d3e8b20275a1f,0.0
1452,0xa30d8157911ef23c46c0eb71889efe6a648a41f7,1512889630,0x22ee1dcf8df18da7ff8d6ad909146fd3b99c7c84,0x0fc4df9c0783107951a60bdd0ce47bfcfe7a46e6a7037d9efdf795f0774ef817,6.968999999999999
1453,0xa30d8157911ef23c46c0eb71889efe6a648a41f7,1512889762,0xa645264c5603e96c3b0b078cdab68733794b0a71,0xd5102226f04888b195b04500afdf0eee1865f1e88bae7cf7bba66eaea5a1054e,0.0
1454,0xa30d8157911ef23c46c0eb71889efe6a648a41f7,1512890046,0x5d06a943debdfdea111357e6c2b42ad8a04042ba,0x26cc608a3b04b274b6d6a81e8e115faaf51e802ea903d8cbd22e480860d8b7c5,16.0
1455,0xa30d8157911ef23c46c0eb71889efe6a648a41f7,1512890372,0x86fa049857e0209aa7d9e616f7eb3b3b78ecfdb0,0x335cd1cd33efa0b8c59262af19837108facc1d4e0a7884bdb97e4d442f808e83,0.0
1456,0xa30d8157911ef23c46c0eb71889efe6a648a41f7,1512890889,0xf7920b0768ecb20a123fac32311d07d193381d6f,0xe064898ed084584d4db86cbe55c4e58f47055711a390998f4683a3c00f8d5e4e,0.0
1457,0xa30d8157911ef23c46c0eb71889efe6a648a41f7,1512890941,0x6183a6d0bef218e9285b8366d5f2fe197ebaf7d2,0x18dc276b84674dcbed2244b88ac1fce87dfb0fbb15890632a02b7e6f2a926fa2,60.05
1458,0xa30d8157911ef23c46c0eb71889efe6a648a41f7,1512891165,0x86fa049857e0209aa7d9e616f7eb3b3b78ecfdb0,0xc61aa0f0ca20a50d745a2dd97b046095e9e10609828757fbf0610a422483e589,0.0
1459,0xa30d8157911ef23c46c0eb71889efe6a648a41f7,1512891347,0xcb97e65f07da24d46bcdd078ebebd7c6e6e3d750,0x31ca88c41b2e7b2ba9cfd42d1115fc4c8291c16bf209a680b93fc60f06d3fd91,0.0
1460,0xa30d8157911ef23c46c0eb71889efe6a648a41f7,1512891386,0xc6212084e2e4e6e9e0d71b6b6512ed0de36b0853,0xa6cb6fa1bffd1f363bb4c475009b60487b4c20def20a7f2b3b14d48e032560b1,2.0
1461,0xa30d8157911ef23c46c0eb71889efe6a648a41f7,1512891705,0x2e552a6313f6eb61e07d87600c23762b3f5eda01,0x023fb9f94187a675c6925c1853bda5f7dc064e3f1c4531fa5e5bca5805bdaa49,3.0
1462,0xa30d8157911ef23c46c0eb71889efe6a648a41f7,1512891868,0xf46815db009c62b1477626938bfcefa78ed182bf,0xc2b6d20245eb421c6884eab2c3a51927af93341c56a2d540cc97fe461cd8e615,10.99
1463,0xa30d8157911ef23c46c0eb71889efe6a648a41f7,1512891933,0x86fa049857e0209aa7d9e616f7eb3b3b78ecfdb0,0xbb5854ea6f7bc7c6e7eb32c9dd13baa5cdc19daffe70cda81cb707ae779acfed,0.0
1464,0xa30d8157911ef23c46c0eb71889efe6a648a41f7,1512892437,0x754ac6dac9fbe9a855f3221a9013c246ce2dffed,0x262721b43988c558eeb5ab75ff874e9b0a31a8870dffa2c9268e470eb399d031,11.700016
1465,0xa30d8157911ef23c46c0eb71889efe6a648a41f7,1512892464,0x86fa049857e0209aa7d9e616f7eb3b3b78ecfdb0,0x4a53ca38d9bdaeb5cc5767982e81bdd34f0fe97e995109370fc472b6c63eb019,0.0
1466,0xa30d8157911ef23c46c0eb71889efe6a648a41f7,1512892946,0x0f5d2fb29fb7d3cfee444a200298f468908cc942,0xdb5042f0ba5f64384261a5f501a2cc45f8e6deac9aeaaa942844ac19c96da77d,0.0
1467,0xa30d8157911ef23c46c0eb71889efe6a648a41f7,1512893414,0x86fa049857e0209aa7d9e616f7eb3b3b78ecfdb0,0x180ebb0b9760dcfc0f29386a348bc16f75daa191535e954eb5f6e65f8a374d5b,0.0
1468,0xa30d8157911ef23c46c0eb71889efe6a648a41f7,1512893481,0x0f5d2fb29fb7d3cfee444a200298f468908cc942,0x35fc4c267fe947ebbd9440004c6b3c10cfeedfa1641b031ab8405ad4bcd7e557,0.0
1469,0xa30d8157911ef23c46c0eb71889efe6a648a41f7,1512893513,0x96d77495a99da07b2ed567506eb4da4382687974,0xebe4107c67ae04e878c5083061547cfbf5686fd7cf033f76b1d791c95a9907f7,13.58668
1470,0xa30d8157911ef23c46c0eb71889efe6a648a41f7,1512893690,0xb63b606ac810a52cca15e44bb630fd42d8d1d83d,0x944c83d334a3df3d85b3edb07872eb53cba87b540c543b7f5ff5b213072d3ab9,0.0
1471,0xa30d8157911ef23c46c0eb71889efe6a648a41f7,1512893730,0x0f5d2fb29fb7d3cfee444a200298f468908cc942,0x27a65943d9821128a2762e54e7e2fb6d0b1e1823250e9b7a4b40e0288e2cff79,0.0
1472,0xa30d8157911ef23c46c0eb71889efe6a648a41f7,1512893793,0x86fa049857e0209aa7d9e616f7eb3b3b78ecfdb0,0x5a8b0d4ce4f2f25f5b56d8ac6b43dffe72ec75003b9e0f40d0e21da615efa76f,0.0
1473,0xa30d8157911ef23c46c0eb71889efe6a648a41f7,1512893987,0xd59a507793b2d04cd63deb14a8953f074018d41b,0xe9c59d0c5e9df938c0d9754453e9e47f37493a983e69677eb3ff7206ec6d4861,3.3
1474,0xa30d8157911ef23c46c0eb71889efe6a648a41f7,1512894101,0x0f5d2fb29fb7d3cfee444a200298f468908cc942,0x487053839f5107e62555a23c92c2439524cc98204d905e042504db996ddcd249,0.0
1475,0xa30d8157911ef23c46c0eb71889efe6a648a41f7,1512894382,0xd113ae718b04d2c01d7ad6916e59088a503f4fc4,0x231276548cf18a3a19cf50e2c1f9f31c1e2343651be0d2950d196a7660bdacab,0.9683
1476,0xa30d8157911ef23c46c0eb71889efe6a648a41f7,1512894396,0x0f5d2fb29fb7d3cfee444a200298f468908cc942,0x41225bb11a8f3ee6ef9181ae3c650550e374f798a6af304109a53ef7285113ee,0.0
1477,0xa30d8157911ef23c46c0eb71889efe6a648a41f7,1512894525,0x0f5d2fb29fb7d3cfee444a200298f468908cc942,0xb0aa969edc9ee5c5b130bcdfaaa2472582a8737adc29783aed00071b28b7bec5,0.0
1478,0xa30d8157911ef23c46c0eb71889efe6a648a41f7,1512894705,0x0f5d2fb29fb7d3cfee444a200298f468908cc942,0x2df7e667d19aea605795db49d87f536133fc5797487eb6f06b86530e3277be6a,0.0
1479,0xa30d8157911ef23c46c0eb71889efe6a648a41f7,1512894719,0xecfea4b01d68d7cb2ceebc312be0cb2a4f827ad1,0x20177dbc33e3c47415c64ba65a0984d697e39b3a061397d4382d130e99bf6580,2.735
1480,0xa30d8157911ef23c46c0eb71889efe6a648a41f7,1512894890,0x0f5d2fb29fb7d3cfee444a200298f468908cc942,0x398ec77d0822bf2a55f6f50fd71ddf6e1a87ca9a189adb3642f27911d2ebf654,0.0
1481,0xa30d8157911ef23c46c0eb71889efe6a648a41f7,1512895285,0x0f5d2fb29fb7d3cfee444a200298f468908cc942,0xdbcbbab83e7a83b8df343b9f57388ecabbd70e40880fd23c5c856647f0784dca,0.0
1482,0xa30d8157911ef23c46c0eb71889efe6a648a41f7,1512895519,0x0f5d2fb29fb7d3cfee444a200298f468908cc942,0x07e1fe9d2b280049968e55626d94f31c7f0d98a660b2df77d585d4023e379d3f,0.0
1483,0xa30d8157911ef23c46c0eb71889efe6a648a41f7,1512895967,0x4290563c2d7c255b5eec87f2d3bd10389f991d68,0x5da47e9f9db4c627ca5171a259f955b9a93a56af83db9ae78b0d4f5c92747e92,0.0
1484,0xa30d8157911ef23c46c0eb71889efe6a648a41f7,1512896143,0x86fa049857e0209aa7d9e616f7eb3b3b78ecfdb0,0x02052d78a42f5ba6a7feae98facbcc4d0dc3bec46824f9744be04eb970a203ca,0.0
1485,0xa30d8157911ef23c46c0eb71889efe6a648a41f7,1512896294,0xeac23686bdb2ca555f7e4c574684d31b77e17601,0x478c4b8c2847c7c9572b0c947240c08d16c14e3052e49812c3f819449e7fa60d,4.1869
1486,0xa30d8157911ef23c46c0eb71889efe6a648a41f7,1512896311,0x0f5d2fb29fb7d3cfee444a200298f468908cc942,0xfc8bbece9cad98a6f4ab4b907877b09981165049720c15400cd78e85b864c1b3,0.0
1487,0xa30d8157911ef23c46c0eb71889efe6a648a41f7,1512896425,0x0f5d2fb29fb7d3cfee444a200298f468908cc942,0x5adfc3efc08ff068a420dbb5d9ad2db607407fd06a052c87f46864e74909a9b5,0.0
1488,0xa30d8157911ef23c46c0eb71889efe6a648a41f7,1512896584,0x177d39ac676ed1c67a2b268ad7f1e58826e5b0af,0x392816b4b77dc789618640bb3fbebf54d8843883871770ed818006c2c0286f7d,0.0
1489,0xa30d8157911ef23c46c0eb71889efe6a648a41f7,1512896657,0x177d39ac676ed1c67a2b268ad7f1e58826e5b0af,0xb7edbd4bfe2560cc9785e0c84bf38f23057cd74d6886923fc2198c3b5bab2bdd,0.0
1490,0xa30d8157911ef23c46c0eb71889efe6a648a41f7,1512896706,0x86fa049857e0209aa7d9e616f7eb3b3b78ecfdb0,0x8405574a408f05799452917090aee1879708591fa3fe3a1db1fde3e2b700213b,0.0
1491,0xa30d8157911ef23c46c0eb71889efe6a648a41f7,1512896962,0x0f5d2fb29fb7d3cfee444a200298f468908cc942,0x534c5161a43b0ec9bd3575e4dbe3bb981e554650188e7b89304bc541173772c2,0.0
1492,0xa30d8157911ef23c46c0eb71889efe6a648a41f7,1512897112,0x0f5d2fb29fb7d3cfee444a200298f468908cc942,0x10b7e067c870c75af9e5bf4713476b0f5d8c4e2d56ec981372c45a37cfbea1de,0.0
1493,0xa30d8157911ef23c46c0eb71889efe6a648a41f7,1512897177,0x0f5d2fb29fb7d3cfee444a200298f468908cc942,0xf7eab864a169ba4cda49f421674b21391ddb682d73a9dd97362620fdd7759001,0.0
1494,0xa30d8157911ef23c46c0eb71889efe6a648a41f7,1512897385,0x0f5d2fb29fb7d3cfee444a200298f468908cc942,0xbe28ac0b0533dd99eaf6da15cd5c566ad811a681d98e1599c6ace51ed70ff475,0.0
1495,0xa30d8157911ef23c46c0eb71889efe6a648a41f7,1512897420,0x0f5d2fb29fb7d3cfee444a200298f468908cc942,0xc623e69f5e15bc254a9a5acbefaf4a726af4820a073dc6fa03e5ccbbcd14c258,0.0
1496,0xa30d8157911ef23c46c0eb71889efe6a648a41f7,1512897474,0x0f5d2fb29fb7d3cfee444a200298f468908cc942,0x0f77ded0144c641509fb0c59fc685efba03ae903cebd70dc2be11bcd4ea68175,0.0
1497,0xa30d8157911ef23c46c0eb71889efe6a648a41f7,1512897548,0x0f5d2fb29fb7d3cfee444a200298f468908cc942,0x13d48a38acdadae1a5d72cf9539bfbbff8e064bac181fa79e4256be95ae896e5,0.0
1498,0xa30d8157911ef23c46c0eb71889efe6a648a41f7,1512897570,0x0f5d2fb29fb7d3cfee444a200298f468908cc942,0xa2ff67ab798ef57bb7c1f9940c695ffe3aebc0be6a7a8b91e058fbdeb03f4e89,0.0
1499,0xa30d8157911ef23c46c0eb71889efe6a648a41f7,1512897822,0x0f5d2fb29fb7d3cfee444a200298f468908cc942,0xbe4e13e00ebc0918dfbd6a537a6eec46bc98ff50a5942fe113d70fb537f13ccd,0.0
1500,0xa30d8157911ef23c46c0eb71889efe6a648a41f7,1512897835,0xf7920b0768ecb20a123fac32311d07d193381d6f,0xfbed492eac13be37a6e3be1fe4ad1ace87995cdfe8d3dfdec9978e13df287351,0.0
1501,0xa30d8157911ef23c46c0eb71889efe6a648a41f7,1512898356,0x4290563c2d7c255b5eec87f2d3bd10389f991d68,0x7fee71aabbb1bcf4ce1e75576305d1648076802c69a521b7ae3dba6b4979616e,0.0
1502,0xa30d8157911ef23c46c0eb71889efe6a648a41f7,1512898396,0xbc05906b8ee5743ccb381251f5f8223ef876c5cc,0xab852dfc99f9ac30f580d1c3194224298509ba3b94ad4c51a2cc2cb948d79d96,10.0
1503,0xa30d8157911ef23c46c0eb71889efe6a648a41f7,1512899305,0x86fa049857e0209aa7d9e616f7eb3b3b78ecfdb0,0x844ef7adaefd14d4974da90471bb675de3fe73573fd16b061c301de9a1ba6ccf,0.0
1504,0xa30d8157911ef23c46c0eb71889efe6a648a41f7,1512899492,0x0f5d2fb29fb7d3cfee444a200298f468908cc942,0x2ccda5ea553b2ca9c1632e8701123d7bc7905998ea71d2ce5f73b8ed5c06c3da,0.0
1505,0xa30d8157911ef23c46c0eb71889efe6a648a41f7,1512899650,0x013246b08d1c73c47f69723ddb25b659d18d31eb,0x9cbd8fa77cc6430e98f83fb80480962f7aaf6929f68a416c8cb3ed143167c909,2.5
1506,0xa30d8157911ef23c46c0eb71889efe6a648a41f7,1512900412,0x3dfce1e1dd8b8250f828ec1d2dc74f0c0dbbedcd,0x9d69e36a78b722d48d14560cafb0bf877a1db3f3b9bc36b0824af8c2e731ab68,1.0
1507,0xa30d8157911ef23c46c0eb71889efe6a648a41f7,1512900508,0x0f5d2fb29fb7d3cfee444a200298f468908cc942,0xc3578e0f76ab903947e8c7fa06943370be793948a5c08122b31c61f520d07782,0.0
1508,0xa30d8157911ef23c46c0eb71889efe6a648a41f7,1512900856,0xde63285eba76e55daf203041eab04c2dfbf3c03c,0x616f8fe53156401d5b2db636cb97430e542e5667cb5bfc155d1bac21912022a2,1.45
1509,0xa30d8157911ef23c46c0eb71889efe6a648a41f7,1512900928,0xe8d08cd9d0ed8146077acd1ebf92b7e7a25b0bed,0xcabf91e2ffc156e960694df7af75d34148c5925ed63de6a8e76a4828a21ee123,1.0
1510,0xa30d8157911ef23c46c0eb71889efe6a648a41f7,1512901586,0x86fa049857e0209aa7d9e616f7eb3b3b78ecfdb0,0xa2aabd005cd22f3c62bcdc22979710dc5123ce02c1ec0fa452935bffbefe437a,0.0
1511,0xa30d8157911ef23c46c0eb71889efe6a648a41f7,1512901659,0x177b0af2b8fa50466941f28bfb2ff52e7f765658,0x37529c4cf3daaea69b37d4a2f38632e195c44bb165587bf76a821329e95a90a1,10.0
1512,0xa30d8157911ef23c46c0eb71889efe6a648a41f7,1512901705,0x7c306e8a54c213c5badaf5514c999a4c5834da6c,0x40c650d3a59206c2c158be049e1c7a3f265bace0278cb5a74e176b7f23c5bb84,2.62
1513,0xa30d8157911ef23c46c0eb71889efe6a648a41f7,1512901816,0x0f5d2fb29fb7d3cfee444a200298f468908cc942,0x86aeffaf162fc3c1ea026a0c19082eb3930fdf5a9eb1fef1f641536cfcf19e2b,0.0
1514,0xa30d8157911ef23c46c0eb71889efe6a648a41f7,1512904885,0xb3e40ae7c6390d9c12d256e99cac61b67ac168f2,0xd6ce265c7d756bbc8cebbdbb31c0faffd1d83520f7232a28ccdcfe164081834b,3.78
1515,0xa30d8157911ef23c46c0eb71889efe6a648a41f7,1512904885,0x65da56a1c4a6336f5036a16bdfea031f59fb3c16,0x09fc80069cbc3549d3f33d553046fad711b98a04f988c54f3105485c2b586165,0.05
1516,0xa30d8157911ef23c46c0eb71889efe6a648a41f7,1512904885,0xe0b7927c4af23765cb51314a0e0521a9645f0e2a,0xc7ff90f32994164e5471294b19df1859f5eb9beac0cf234a558690fe16af1965,0.0
1517,0xa30d8157911ef23c46c0eb71889efe6a648a41f7,1512904885,0xf7920b0768ecb20a123fac32311d07d193381d6f,0xe8ad66a668ba616d314143529cb3bd773e4cb6aae0e259569495b610f1f1632e,0.0
1518,0xa30d8157911ef23c46c0eb71889efe6a648a41f7,1512905429,0x691fcdce7329879610c34661939a8170ca041122,0xb409d6a27858334478ae21af74141b70a4afbaf12d60c5fdb24e2c492568dedf,1.0
1519,0xa30d8157911ef23c46c0eb71889efe6a648a41f7,1512905524,0xdcb7b86765ebe64d3aace45c4c1e8df393997355,0xdbb9413a8f16ada6bd344abaa3b581396a1da48899e26c46f1b749b3d7544eff,2.001
1520,0xa30d8157911ef23c46c0eb71889efe6a648a41f7,1512905524,0xe56fdfcf0d84aed0d2362050a6f4a1f60dc5d5c0,0x75c3efd1b59db4c16fd4070c15570a01e8e93c4d0f95aacd86aa9d61fc09e380,2.7699
1521,0xa30d8157911ef23c46c0eb71889efe6a648a41f7,1512905524,0x4290563c2d7c255b5eec87f2d3bd10389f991d68,0x486e682ddecf278d7d4f65eb723dc5d85c2764e8c82936cf6284b8cb4cf073a1,0.0
1522,0xa30d8157911ef23c46c0eb71889efe6a648a41f7,1512905524,0xf7920b0768ecb20a123fac32311d07d193381d6f,0x6e235643a7a55443814e2849306df4a60756f1de36580a8b62c1bcabf069d944,0.0
1523,0xa30d8157911ef23c46c0eb71889efe6a648a41f7,1512905524,0x86fa049857e0209aa7d9e616f7eb3b3b78ecfdb0,0x5e296d7217f89fd24bce0fef0fbf3e84b51fcdf7f437500597b0b21460bde34d,0.0
1524,0xa30d8157911ef23c46c0eb71889efe6a648a41f7,1512905751,0xb37465c05b540ba14e61a4690f39a3abff1f1173,0x3bd466af5b19071d1c816f5f4b3063d2ff63e86524a228c515632dd8df3ee7e0,9.97
1525,0xa30d8157911ef23c46c0eb71889efe6a648a41f7,1512905935,0x0f5d2fb29fb7d3cfee444a200298f468908cc942,0xb54998d76da87e01f4deb5c4c50076ed5d1c20a2d136f3856885ff3f6558b50f,0.0
1526,0xa30d8157911ef23c46c0eb71889efe6a648a41f7,1512906026,0x86fa049857e0209aa7d9e616f7eb3b3b78ecfdb0,0x19c94b0d6525c10a4e43e8453a33f1e6a4f5a251e13d2cd2483e7e9e62d97adb,0.0
1527,0xa30d8157911ef23c46c0eb71889efe6a648a41f7,1512906208,0x5dae5c3ca2019d5f2a4d0fd4334435bf32b5e4c2,0x68a6b4a7817f320565ddc856c51f480142e4b8a1ac3b29a0d824ec938a2e34bc,1461.0
1528,0xa30d8157911ef23c46c0eb71889efe6a648a41f7,1512906755,0x86fa049857e0209aa7d9e616f7eb3b3b78ecfdb0,0x4369034dd21487142036a6d3e639c7d983639906843e7adc83a5a58f19449aa5,0.0
1529,0xa30d8157911ef23c46c0eb71889efe6a648a41f7,1512906788,0xef09eae6c69f0cc12544d1e88662d82b3fd7a27c,0x667c4ded978a4850b43b25d0551e2c293f8b7c3f9672d34b211a61476e3d9f7e,0.2
1530,0xa30d8157911ef23c46c0eb71889efe6a648a41f7,1512907034,0x0f5d2fb29fb7d3cfee444a200298f468908cc942,0xd5eb744ca0597673434c629ce01399c75f051981ab5d93179d6ccb9249391b04,0.0
1531,0xa30d8157911ef23c46c0eb71889efe6a648a41f7,1512907223,0xdd974d5c2e2928dea5f71b9825b8b646686bd200,0x45178691eddd35e845b7cebfd28ba3b2e480a5cd3d8c22d7646b3e8721d533ea,0.0
1532,0xa30d8157911ef23c46c0eb71889efe6a648a41f7,1512907651,0x0f5d2fb29fb7d3cfee444a200298f468908cc942,0xbd4913e1d6d1dd9f6ba4f06f7b4bca476624e780f6cc0909556dd390db45dc65,0.0
1533,0xa30d8157911ef23c46c0eb71889efe6a648a41f7,1512908716,0xf5f3830bacaa415d9ed3561e0314d05d710e33dd,0x08511700404ec2126c8dc90a04052c2bbf0f744b20131a697881a5d730d3e70d,20.62
1534,0xa30d8157911ef23c46c0eb71889efe6a648a41f7,1512908753,0x4290563c2d7c255b5eec87f2d3bd10389f991d68,0x2182c77f208998c11a4c4ad971b6c9548bb9cd2fa1ead6073ba717512a5c4459,0.0
1535,0xa30d8157911ef23c46c0eb71889efe6a648a41f7,1512909073,0x0f5d2fb29fb7d3cfee444a200298f468908cc942,0x9f24a28e9895dc6b402827b045bb1d83912527d398d1f3c1cab89eab2bd857ab,0.0
1536,0xa30d8157911ef23c46c0eb71889efe6a648a41f7,1512909148,0xbfa6ec6d55c295394d3261414036c882e961d845,0xd6611aa4895157ca4c32227ad719ef8b41b30f052e71a605f2d6c07702a4514f,0.15
1537,0xa30d8157911ef23c46c0eb71889efe6a648a41f7,1512909559,0x86fa049857e0209aa7d9e616f7eb3b3b78ecfdb0,0x5fdfd35118f34934705fccfbe95601064d1c67154828cb516fd2b80eececf6a9,0.0
1538,0xa30d8157911ef23c46c0eb71889efe6a648a41f7,1512909787,0x86fa049857e0209aa7d9e616f7eb3b3b78ecfdb0,0x37186d6eeacb4733077ce59ef00b9fe40f3e43b885e10c7c0e370fc354277973,0.0
1539,0xa30d8157911ef23c46c0eb71889efe6a648a41f7,1512910149,0xd0ab991972475ad4a1dfa49828a95e6e98f9e073,0x8f3ab804ddc5f7481d795d021c414a2e83e87e1d0af16c4a45c0cbc86d1da1c1,15.3
1540,0xa30d8157911ef23c46c0eb71889efe6a648a41f7,1512910366,0xd3c6bccfe9007ce7ef71526f62b526ca8f5e83f9,0xdf1347aede0c7d6128fb17a06e0a226957199d9eb03c86b64b963be94d1bc242,93.0
1541,0xa30d8157911ef23c46c0eb71889efe6a648a41f7,1512910683,0x86fa049857e0209aa7d9e616f7eb3b3b78ecfdb0,0x88e4d0fc6009156f75070630a01fd0d432d3cf2f2f1101ccafaad818233e67c5,0.0
1542,0xe91f0f3deb087c877c6f5f19d182da3e0ab61dd6,1512910821,0x4be2166a8dbe25e79a9b30b4ce26858e10d21e92,0x81a83e9419957ba78778b8c4c0f8d5c4fec3aba53bac1617a1ba928cc9f9e238,3.0
1543,0xa30d8157911ef23c46c0eb71889efe6a648a41f7,1512911221,0x86fa049857e0209aa7d9e616f7eb3b3b78ecfdb0,0x0ae5e381efda3b3d9e91f139cf85150a9831bf72a792d7b8db81a083ca13492a,0.0
1544,0xa30d8157911ef23c46c0eb71889efe6a648a41f7,1512911393,0x86fa049857e0209aa7d9e616f7eb3b3b78ecfdb0,0xc026673014256bfc4d9fdaef2db32e8ff375f24bf5d6562c20cdcdd3d4d3efa9,0.0
1545,0xa30d8157911ef23c46c0eb71889efe6a648a41f7,1512911733,0x177d39ac676ed1c67a2b268ad7f1e58826e5b0af,0x44b597a00157d9563a150d4ddecfc0ee5fc3c6aa4f441c57fbe54d89f706e3b9,0.0
1546,0xa30d8157911ef23c46c0eb71889efe6a648a41f7,1512911829,0xa22c194dacf1c11f89db0411dc586fa3189867b0,0x3573158d65df7872e91d2a8efa804b1b102f048b8d8b21d8514765e29612b50e,0.0037700000000000003
1547,0xa30d8157911ef23c46c0eb71889efe6a648a41f7,1512912775,0x86fa049857e0209aa7d9e616f7eb3b3b78ecfdb0,0xad57c28d7728bf29f381442b5db6ad0d0f5eb8ad3f8fdae448f87f1e6e8290c9,0.0
1548,0xa30d8157911ef23c46c0eb71889efe6a648a41f7,1512912806,0x3be973126f0511ffa289ea8ab05ea8793d14ca21,0x72f4be9cbbb3e37fc38abe6e3932b7dba06a12101b4f07316d34d4e85ea3705d,1.5
1549,0xa30d8157911ef23c46c0eb71889efe6a648a41f7,1512913260,0xcb97e65f07da24d46bcdd078ebebd7c6e6e3d750,0x1d14381c0092aab72672961ea36f7f297bfccee4cc1d64214eceeacfea50afcc,0.0
1550,0xa30d8157911ef23c46c0eb71889efe6a648a41f7,1512913277,0x5ca9a71b1d01849c0a95490cc00559717fcf0d1d,0x056eae1fec7652dc749fdb9ed171a23d1b37742dfaaa965500af424e9d7a4d5d,0.0
1551,0xa30d8157911ef23c46c0eb71889efe6a648a41f7,1512913568,0xc7b02c8f7cfc8d906aa029e74f002f9dc187d561,0x43e6543f59966fb7dd30b1ad328933e8cfbfcce61d231c0750b94e8404c74daf,2.0
1552,0xa30d8157911ef23c46c0eb71889efe6a648a41f7,1512913748,0xcb97e65f07da24d46bcdd078ebebd7c6e6e3d750,0xc86f798eafd35ee3a83ef1ff093c9f4f2291b53ddb22d203d619cf2e1f58f461,0.0
1553,0xa30d8157911ef23c46c0eb71889efe6a648a41f7,1512914145,0x773b3dfdb756b5bd560f7a3afba59b4d9beffcef,0x9f1827b14a8ae9e663804e3b7731a84c78535c24e71c516c54765688897d73b7,0.9
1554,0xa30d8157911ef23c46c0eb71889efe6a648a41f7,1512914198,0x2cbfb47668dec7e4de6889bc993fb738757f961f,0x58f9bbdddf8a9d50b12939dc97fc19ffc1f91ebaab1e223ccf9e7f168a2ff53e,21.0573
1555,0xa30d8157911ef23c46c0eb71889efe6a648a41f7,1512914640,0x86fa049857e0209aa7d9e616f7eb3b3b78ecfdb0,0x6d82fb4cd40ffacee371a304f3516a64df554a926f2451d8fe49776c01e5500c,0.0
1556,0xa30d8157911ef23c46c0eb71889efe6a648a41f7,1512914648,0x31e788d21070e7b4ff8d0a8aa41985c8387c04e1,0xf41df6cfaca035211dafffd256aeb72c6f014427baa3dc11f373e928aa8f91ec,10.0
1557,0xa30d8157911ef23c46c0eb71889efe6a648a41f7,1512914745,0x8dec37c0034bc3abbf4e204b27bef628eb7cc944,0x164d8241a7b4e7392707de3977b5781c5a32e9e317cf9a665d5252bf92007938,12.0
1558,0xa30d8157911ef23c46c0eb71889efe6a648a41f7,1512915139,0xd850942ef8811f2a866692a623011bde52a462c1,0xe3c234d8fc050ef7cdff390944d6941ab57ab36561318f30028570ce61034250,0.0
1559,0xa30d8157911ef23c46c0eb71889efe6a648a41f7,1512915534,0xdda45cc6b652bcf1877951b29975a94a3e61aebf,0x8cffffb5dd1a771d9216899d7678d5754d0837cf624b8a7824b85cc6ceebe172,0.1
1560,0xa30d8157911ef23c46c0eb71889efe6a648a41f7,1512915894,0xe41d2489571d322189246dafa5ebde1f4699f498,0xb97ca1d81318f91d036f11ff177568c6ed28bdc57ef6a9b1cbf98f87734e4043,0.0
1561,0xa30d8157911ef23c46c0eb71889efe6a648a41f7,1512916283,0x406b19e63b3eb92cb61cf6ce66c7659445090598,0xf9ef332251b047faef7da8a25c971a07534f98f92fa7a590c533fff358c605bf,28.6427
1562,0x4be2166a8dbe25e79a9b30b4ce26858e10d21e92,1512916414,0xb9cc9bf5aed8ec4cf02fa5daffb4c7df649f9d28,0xfef11da5e0122f6fecea63a1c2caa4eded42179982d817efebef061272086560,3.0
1563,0xa30d8157911ef23c46c0eb71889efe6a648a41f7,1512916464,0xb63b606ac810a52cca15e44bb630fd42d8d1d83d,0x414dbe2a1b4ea4ec9457eda68638351fe0c2e6120f2d31cdac953e7a741fa9fb,0.0
1564,0xa30d8157911ef23c46c0eb71889efe6a648a41f7,1512916883,0xb63b606ac810a52cca15e44bb630fd42d8d1d83d,0x223d489b58955ecafbffc2e7d161678ffe463c65ff70c27758f85f4a9eebca10,0.0
1565,0xa30d8157911ef23c46c0eb71889efe6a648a41f7,1512917703,0xd77b8559d344626d2cb69cf5b5a79a30d90e8a66,0x40abe48cee7506f7856d72706c7778d35dedc29de8fbb20099a84c500d1b197f,8.35
1566,0xa30d8157911ef23c46c0eb71889efe6a648a41f7,1512918207,0x0f5d2fb29fb7d3cfee444a200298f468908cc942,0x8809b87db016512cb53a4db75e2af18295a64e44befa7fc2e81f73dbcae5811a,0.0
1567,0xa30d8157911ef23c46c0eb71889efe6a648a41f7,1512919625,0x6ad502fb11c1be79433b3d528340ba1976a958e6,0x52c01bca29bb4fa131f8330f2541ff1338943ed8414c7cc35ab91fe73ed8a6d6,0.98
1568,0xa30d8157911ef23c46c0eb71889efe6a648a41f7,1512919647,0x86fa049857e0209aa7d9e616f7eb3b3b78ecfdb0,0x83eba371585144050ab3cf4bf66344bfe8a8f29ad76b3b75d38a48b3263114e9,0.0
1569,0xa60101448da1b73a613709dd6660b1da412ca063,1512919706,0x4be2166a8dbe25e79a9b30b4ce26858e10d21e92,0x852bfafb4571602836092e720e786e0f4522b80cf9aa57cc1fbb086ff3fe82fe,5.0
1570,0xa30d8157911ef23c46c0eb71889efe6a648a41f7,1512919777,0x49ebf99715a613f70e5ee81406473593cd7d2d78,0xe44e6ba2dc36923139c05e0a6c11ef8113c5b7c2ed7356d421eb66bc32855aa1,1.01
1571,0xa30d8157911ef23c46c0eb71889efe6a648a41f7,1512920016,0x79f76cb609c906433726023416e51d64fe0e838d,0x7e0a1ef42c4cd6691651b95e2812e13c18d5622ef4904a8b4daf91fe8ac74f51,5.0
1572,0xa30d8157911ef23c46c0eb71889efe6a648a41f7,1512920154,0x86fa049857e0209aa7d9e616f7eb3b3b78ecfdb0,0xe7cdc04d904c27e29bc2ef7f1d2694b6ac9c2500686e3be8ea2d6a68d870c641,0.0
1573,0xa30d8157911ef23c46c0eb71889efe6a648a41f7,1512920591,0x86fa049857e0209aa7d9e616f7eb3b3b78ecfdb0,0x085a7d576269d0b3a159ffa209de4a1182454e603c88fd7892f2efe055f96e6e,0.0
1574,0xa30d8157911ef23c46c0eb71889efe6a648a41f7,1512920641,0xcd7b0577b5bc31665a44b69958f5045dbc7ebe1d,0x2f6a6d94773cd73e453602a44b31d4c0c88efda4d5498b6b0c7aaafc491e717c,5.0
1575,0xa30d8157911ef23c46c0eb71889efe6a648a41f7,1512921140,0xaf308156c2a172747592111dd4c01fd1c739d9ab,0xf3c0069bb2160fe45adc7c62b44c24d2049a965baf7fc462b709504971e41134,3.4382
1576,0xa30d8157911ef23c46c0eb71889efe6a648a41f7,1512921280,0x177d39ac676ed1c67a2b268ad7f1e58826e5b0af,0x21a453753da1f1f595fc814ddefbeab73780728ff1f3eba970304e51017e4a51,0.0
1577,0xa30d8157911ef23c46c0eb71889efe6a648a41f7,1512921901,0xb63b606ac810a52cca15e44bb630fd42d8d1d83d,0x2c5c3af263b3c3428fcde281bdf4b5cda966d97d91c818331daf10e62d04a9db,0.0
1578,0xa30d8157911ef23c46c0eb71889efe6a648a41f7,1512922060,0xb63b606ac810a52cca15e44bb630fd42d8d1d83d,0xc9ca28a04ffd839e5229a5930cf41aa482b4484aaead1dac2eeeafb65aa19957,0.0
1579,0xa30d8157911ef23c46c0eb71889efe6a648a41f7,1512922174,0x2ccac0f3ea2cb783912f730699fd07e1433d43b7,0x04d546d1941be62b0684066e74e159edb75100c436821eec73bd1b293cbc2966,60.0
1580,0xa30d8157911ef23c46c0eb71889efe6a648a41f7,1512922182,0xb63b606ac810a52cca15e44bb630fd42d8d1d83d,0x6ef540f4a79cc5a19c09b1a0ab0ef1fd3e2ccb800549fa61ca8ab9c31a0c08fb,0.0
1581,0x4be2166a8dbe25e79a9b30b4ce26858e10d21e92,1512922396,0x8dec37c0034bc3abbf4e204b27bef628eb7cc944,0x89b3bea0c220875e35fc81697c6e19f1500cde39a3b269360e4ceeacb3a48ecb,5.05
1582,0xa30d8157911ef23c46c0eb71889efe6a648a41f7,1512922827,0xb63b606ac810a52cca15e44bb630fd42d8d1d83d,0xd33077b05fcaeb306858714fa79aded6270bb94fc2d892dcdf18e1e07ff969f4,0.0
1583,0xa30d8157911ef23c46c0eb71889efe6a648a41f7,1512923344,0xb63b606ac810a52cca15e44bb630fd42d8d1d83d,0xb2ca84bb1c0188b6acb6f67807918c4298674371b67da9bb8a4c54552ae1fca0,0.0
1584,0xa30d8157911ef23c46c0eb71889efe6a648a41f7,1512923710,0xb63b606ac810a52cca15e44bb630fd42d8d1d83d,0x327920ca488a7fae508eba9708cf3750b481979bec82cd66c74a37ea7cd27cb4,0.0
1585,0xa30d8157911ef23c46c0eb71889efe6a648a41f7,1512923943,0xb63b606ac810a52cca15e44bb630fd42d8d1d83d,0xa6dfe384c612e992e29f9255fdbb6e4202a65d460980b3b4ecf332ca0b1099f6,0.0
1586,0xa30d8157911ef23c46c0eb71889efe6a648a41f7,1512924237,0x86fa049857e0209aa7d9e616f7eb3b3b78ecfdb0,0xb7670b7e70689d598f1a117c219601c145ce767337af939d882a0505dbd93b71,0.0
1587,0xa30d8157911ef23c46c0eb71889efe6a648a41f7,1512924338,0xb63b606ac810a52cca15e44bb630fd42d8d1d83d,0x1afe7bd5193871108b81232cbdfd96e917e560f3993bed0cb8a57b51ad24ffc0,0.0
1588,0xa30d8157911ef23c46c0eb71889efe6a648a41f7,1512924636,0xb63b606ac810a52cca15e44bb630fd42d8d1d83d,0xd540823b424fd993fa75701addca689120f5066b1d906f65101e72c538580aa5,0.0
1589,0xa30d8157911ef23c46c0eb71889efe6a648a41f7,1512924774,0xb63b606ac810a52cca15e44bb630fd42d8d1d83d,0x44004dc6bd7b10d54f991304755a41bb85290de6bf08a5a5550426adde205449,0.0
1590,0xa30d8157911ef23c46c0eb71889efe6a648a41f7,1512924862,0xb63b606ac810a52cca15e44bb630fd42d8d1d83d,0xcb8704a446e628d49f540565395aec5dd91e4f9a94c0eef77324789a535fffd2,0.0
1591,0xa30d8157911ef23c46c0eb71889efe6a648a41f7,1512925057,0xcb97e65f07da24d46bcdd078ebebd7c6e6e3d750,0xdbaadb351296db29139059fd171756203b83b6a6637a1062e92a9e550122b444,0.0
1592,0xa30d8157911ef23c46c0eb71889efe6a648a41f7,1512925151,0xb63b606ac810a52cca15e44bb630fd42d8d1d83d,0x3bb8e7a648d71b59938ab2ea210b4c8106cf2c132f8ac431d49a15a689be1c57,0.0
1593,0xa30d8157911ef23c46c0eb71889efe6a648a41f7,1512925223,0xb63b606ac810a52cca15e44bb630fd42d8d1d83d,0x007b42e7c51a0d7b29b20f1f62ec7a7fc4dd8afe1d09b5003389dfcb25ebd61f,0.0
1594,0xa30d8157911ef23c46c0eb71889efe6a648a41f7,1512925445,0x86fa049857e0209aa7d9e616f7eb3b3b78ecfdb0,0x6bc9552be76462e6d0246a4e301138444d2c02eb867e9a2cf3d9c896d629806b,0.0
1595,0xa30d8157911ef23c46c0eb71889efe6a648a41f7,1512925782,0x0f5d2fb29fb7d3cfee444a200298f468908cc942,0x5455c545e3eb18c291eea718b265c00bdb80ac818df38b0f0a8457a840a12784,0.0
1596,0xa30d8157911ef23c46c0eb71889efe6a648a41f7,1512927087,0x0f5d2fb29fb7d3cfee444a200298f468908cc942,0x74408b59bb1687d8c4ac73254ba0556057a7614351208959861c56d822fab051,0.0
1597,0xa30d8157911ef23c46c0eb71889efe6a648a41f7,1512928389,0x86fa049857e0209aa7d9e616f7eb3b3b78ecfdb0,0x0d0f8040e30f38b0ca77cff1e4bb989b4c6a4d0dab951cb50832251578b7d164,0.0
1598,0xa30d8157911ef23c46c0eb71889efe6a648a41f7,1512928987,0xcb97e65f07da24d46bcdd078ebebd7c6e6e3d750,0x28b2e5ff6ef1c4825d1bc7371193f31e41d5bf99b461344d161e50eaec4c6ead,0.0
1599,0xa30d8157911ef23c46c0eb71889efe6a648a41f7,1512929738,0xd850942ef8811f2a866692a623011bde52a462c1,0xf95e4d4944e1ceffc07a80a231ccb3803237dc5407234747d83be2d9c9d137ab,0.0
1600,0xa30d8157911ef23c46c0eb71889efe6a648a41f7,1512930332,0xa5c4d7b134cca887dd1525c24e1fbc5b5fafe61a,0x56d973f79e03d92e3019f2311eaa53bab9584f40a89a501e3c4610dd73eea167,1.21
1601,0xa30d8157911ef23c46c0eb71889efe6a648a41f7,1512930645,0x0f5d2fb29fb7d3cfee444a200298f468908cc942,0x4aa1748d13b95f28fc4eea0ffe4353818dfac695e2d77a9d4be748fca7e893fe,0.0
1602,0xa30d8157911ef23c46c0eb71889efe6a648a41f7,1512930716,0x752be5f027ea26abfaaf33be4591a4c2aaa816a0,0x80422539e0d68e6ff13f3dcb92516bcda3a4dbf60070619fcc43d2243dce19e0,22.066
1603,0xa30d8157911ef23c46c0eb71889efe6a648a41f7,1512930834,0x0f5d2fb29fb7d3cfee444a200298f468908cc942,0x1d8ea7e2d1e6c250acf480bb354abcef7e45821cd9eb7725547c85a365e1aa25,0.0
1604,0xa30d8157911ef23c46c0eb71889efe6a648a41f7,1512932278,0xb97048628db6b661d4c2aa833e95dbe1a905b280,0x03f115a606181ab3e32c4e10af8a0eff21fdd9d1b26cf1ecece5fb55ec27c95a,0.0
1605,0xa30d8157911ef23c46c0eb71889efe6a648a41f7,1512934363,0xd850942ef8811f2a866692a623011bde52a462c1,0x34ae59bd2573ac60d44a04d8f044426ba6170a8f44c608f6ae612a3576090efe,0.0
1606,0xa30d8157911ef23c46c0eb71889efe6a648a41f7,1512934377,0x5ca9a71b1d01849c0a95490cc00559717fcf0d1d,0xd2b44f4314cfb6c0332a8192ca3b88647dd1a14fc7f0a9487947026b24652ffe,0.0
1607,0xa30d8157911ef23c46c0eb71889efe6a648a41f7,1512934449,0xb97048628db6b661d4c2aa833e95dbe1a905b280,0x0302303cd972226b85a91b5dd0cd616d454ce76838b2c4bfa1165e6453224a89,0.0
1608,0xa30d8157911ef23c46c0eb71889efe6a648a41f7,1512938127,0x47cbc3cc959fceb7d3209aced5d1970863afed31,0x7cdfcbbbb32aa7f6798c8ec02f439470acd407a130aa96d9c5531d284e91a407,6.7
1609,0xa30d8157911ef23c46c0eb71889efe6a648a41f7,1512941832,0xea97027b9d4f14eb7adcb578bea4d7a77417fc5d,0x1785eb72d610bb5dfc5a6a1c8a013a90d596005572eaeb6966a306517e5ef1e8,4.9767
1610,0xa30d8157911ef23c46c0eb71889efe6a648a41f7,1512946313,0x0f5d2fb29fb7d3cfee444a200298f468908cc942,0xe441449218a90869df1aacd1cbf0c2d8e030ea04a66d2e1b13e83f296f27b872,0.0
1611,0xa30d8157911ef23c46c0eb71889efe6a648a41f7,1512947418,0x35700280d164614247e7a7d6d333f41cf2bdf141,0x84aea57af910530e3c39c213c4cc3454390f30d9f417320ba69b167e2b2b940c,9.8
1612,0xa30d8157911ef23c46c0eb71889efe6a648a41f7,1512949058,0x60983ea785a04342884f0b479ee9aac0ff0f6bb0,0x6fc2e7745ae8efc3e029a4fcfaf3d7459981b0c680dfcf0c13de0d2c3835d311,1.0
1613,0xa30d8157911ef23c46c0eb71889efe6a648a41f7,1512949203,0xee8a037183750e14e95d651ddcc5d3ddb5ac3f54,0x5bb61c1d81a85a5ac3395adc8d8c7182fcf1a0da2558f3631aa7f98c2de40a5e,20.0
1614,0xa30d8157911ef23c46c0eb71889efe6a648a41f7,1512949978,0x51ffd35906aa7739ea45ccde74a5a585a5487ce1,0xcee9ffed79279c8ff40ba48d7a650e8afb43404e197cd36e7dd636f023d70c29,15.51
1615,0xa30d8157911ef23c46c0eb71889efe6a648a41f7,1512950413,0x57c265dff4f2e262903051f6bdfe390cf230d570,0x24df3f4a224909f4325fad6931236dac2475d280f46d6a4c2515cc8db4d18367,5.0
1616,0xa30d8157911ef23c46c0eb71889efe6a648a41f7,1512951151,0x86fa049857e0209aa7d9e616f7eb3b3b78ecfdb0,0x5a8959fb86d2ec8b47cfe2bb484ee8effe204770355e681ba3dcc6bb377f6dfc,0.0
1617,0xa30d8157911ef23c46c0eb71889efe6a648a41f7,1512952297,0xb63b606ac810a52cca15e44bb630fd42d8d1d83d,0x009d80f3d61d1f5084c15b4fc89a2c6637433042efd00d498bf9cac05c68c8ff,0.0
1618,0xa30d8157911ef23c46c0eb71889efe6a648a41f7,1512953714,0xb63b606ac810a52cca15e44bb630fd42d8d1d83d,0xd64a12d69ac72774d2260364cb79b663a34d619fa474d811d1dcaf3a35a5dcc8,0.0
1619,0xa30d8157911ef23c46c0eb71889efe6a648a41f7,1512953783,0xf7920b0768ecb20a123fac32311d07d193381d6f,0x804e397841e30d7eea0a195f5e9d5b1c8ff2ff8079cfe04d0a38f85e90fbc0a5,0.0
1620,0xa30d8157911ef23c46c0eb71889efe6a648a41f7,1512953892,0xe0af9641145b68970bf6f3904732bd7740d57be1,0xca58e0f691ddde02bf36f321bfe3ee2e1206ec61e5e189da254067605118f55b,12.2
1621,0xa30d8157911ef23c46c0eb71889efe6a648a41f7,1512954187,0x86fa049857e0209aa7d9e616f7eb3b3b78ecfdb0,0xe54d44819459d3beeaaadb1237af2845b2bc21b383220d31604d4e3bf84128ad,0.0
1622,0xa30d8157911ef23c46c0eb71889efe6a648a41f7,1512954499,0x0f5d2fb29fb7d3cfee444a200298f468908cc942,0x4b738e2af94ebfdf0c927fd542afc3a3cc1f92b596dc5cba7eb0b12ae3c33248,0.0
1623,0xa30d8157911ef23c46c0eb71889efe6a648a41f7,1512954711,0x86fa049857e0209aa7d9e616f7eb3b3b78ecfdb0,0x1ca28944dd9eb7f430ee3c8ae9b78a35f912d418dac8b1b0fda912c59cc5fdd1,0.0
1624,0xa30d8157911ef23c46c0eb71889efe6a648a41f7,1512956318,0x86fa049857e0209aa7d9e616f7eb3b3b78ecfdb0,0x2dba8180e0cf18ad3cb6be126269e9700afa7560bd2249a8f8fda49de38fc381,0.0
1625,0xa30d8157911ef23c46c0eb71889efe6a648a41f7,1512956435,0x86fa049857e0209aa7d9e616f7eb3b3b78ecfdb0,0x9fc8e1b5f53b9d677ca8edd3a2e0f928b9decfd1271fd2ce8c690431dd76e41e,0.0
1626,0xa30d8157911ef23c46c0eb71889efe6a648a41f7,1512957486,0xb63b606ac810a52cca15e44bb630fd42d8d1d83d,0x4ee880e11a07f17d178e978cd33f2606d4b105e28a1304e3e568a4736345833b,0.0
1627,0xa30d8157911ef23c46c0eb71889efe6a648a41f7,1512957568,0xd0d01130c56e07bf0003aba369f2f5bc08c8d766,0x1175b5c26e398f27529f9a271f9e566bdafa556b2d15c2c8a20fb9d5644347f6,3.4609
1628,0xa30d8157911ef23c46c0eb71889efe6a648a41f7,1512957694,0xf7a5a0350018690636fb2d69c580c5d593a2e1a0,0x1874e18648c64a723550ffd48c5a1e7433a649b2c45adb25a02132ff46e361a7,3.0
1629,0xa30d8157911ef23c46c0eb71889efe6a648a41f7,1512957800,0xb63b606ac810a52cca15e44bb630fd42d8d1d83d,0x0adb86859974b149f9ce26a6fd42f08e8ba5ba9cef019d93dbb2643cda87ea6e,0.0
1630,0xa30d8157911ef23c46c0eb71889efe6a648a41f7,1512957829,0xdf725d5ba8276bc24d30951b4cedd11bf8923140,0x6fb81aa3ebd34cfb179e3945b002217d62ff07af84968db5e2b51a8f935ab8c6,1.0
1631,0xa30d8157911ef23c46c0eb71889efe6a648a41f7,1512957857,0xb63b606ac810a52cca15e44bb630fd42d8d1d83d,0x98cab4374482b6d6cbbfa099347f3fbc71715f936a947cd0235f88fcd018857d,0.0
1632,0xa30d8157911ef23c46c0eb71889efe6a648a41f7,1512957873,0xd89a37b59dabe7db400a0416cc7570921ff209d9,0x98b24f14bbfd663b3533329f4bdce78516c3a585218af0c5b6d94fea775012cf,0.1
1633,0xa30d8157911ef23c46c0eb71889efe6a648a41f7,1512958007,0xb63b606ac810a52cca15e44bb630fd42d8d1d83d,0x82d3c8b1e17e7ccd830e9a3efca81d2af48fde4348c6f4827e8ea672f9baea40,0.0
1634,0xa30d8157911ef23c46c0eb71889efe6a648a41f7,1512958133,0x744d70fdbe2ba4cf95131626614a1763df805b9e,0x13524e0d060f2388478b39d49375cd4085a5af2da711227645f9fb52b60c7b6b,0.0
1635,0xa30d8157911ef23c46c0eb71889efe6a648a41f7,1512958466,0xb63b606ac810a52cca15e44bb630fd42d8d1d83d,0x3d97fa109c533bd481866c64c0547fa09368b255029d211a6c6e0500e1f8150d,0.0
1636,0xa30d8157911ef23c46c0eb71889efe6a648a41f7,1512958708,0xc97fbcb318f4767e46b405a751fb5271bd29a150,0x28314bc3a93be319544ab82c0450f5316b8cbc120f5103284b6f25edbb347140,180.0
1637,0xa30d8157911ef23c46c0eb71889efe6a648a41f7,1512958728,0xb63b606ac810a52cca15e44bb630fd42d8d1d83d,0xe1f4d8f9dbf82766804ed2325519cae89a8e35524ae7e23ab862038259a13d85,0.0
1638,0xa30d8157911ef23c46c0eb71889efe6a648a41f7,1512958751,0xdf725d5ba8276bc24d30951b4cedd11bf8923140,0x9da9023b8bf2066ccbff159c4cf3c0af8653766ad23466eeb6e7c2762786f5fe,9.0
1639,0xa30d8157911ef23c46c0eb71889efe6a648a41f7,1512958873,0xb63b606ac810a52cca15e44bb630fd42d8d1d83d,0x97c907d1c1953f6e6f65dce735fe03ed10a28cfd134dd969bb352af1104432f6,0.0
1640,0xa30d8157911ef23c46c0eb71889efe6a648a41f7,1512959094,0x76126ec53998526eff609e37f60060bc8ef71cbd,0xf9d45641b32a47aea0bc2c77413694def3c38e1af35e2958de345b6ba0f2654a,4.9606
1641,0xa30d8157911ef23c46c0eb71889efe6a648a41f7,1512959194,0xb63b606ac810a52cca15e44bb630fd42d8d1d83d,0x993ce925496cef05bfa2b24b54b2c40be2276ad848a30df14e404df8fd137920,0.0
1642,0xa30d8157911ef23c46c0eb71889efe6a648a41f7,1512959214,0xb63b606ac810a52cca15e44bb630fd42d8d1d83d,0x87294306013fa1e943494dbcf8c0ae311686a2a12a46e95c8128af00e4b2d006,0.0
1643,0xa30d8157911ef23c46c0eb71889efe6a648a41f7,1512959362,0xb63b606ac810a52cca15e44bb630fd42d8d1d83d,0x3609d3d7b318a761ab943f98fb6293519f0920f7bcd4ada8db5181065538932c,0.0
1644,0xa30d8157911ef23c46c0eb71889efe6a648a41f7,1512959518,0xb63b606ac810a52cca15e44bb630fd42d8d1d83d,0xdd38a94a89b495938b53b9dbe60add8ea2b2ad169211ab83c289bfa3060649be,0.0
1645,0xa30d8157911ef23c46c0eb71889efe6a648a41f7,1512960279,0xb63b606ac810a52cca15e44bb630fd42d8d1d83d,0xd8c7db3fee15403cc07f3d22419da6dfba51276cde8373c5836df9dbb7db0f2f,0.0
1646,0xa30d8157911ef23c46c0eb71889efe6a648a41f7,1512960353,0xb63b606ac810a52cca15e44bb630fd42d8d1d83d,0xfdfd6f47dffdb3138d21f3286fbd7f4359230d93f7e9bca33cb700778b561603,0.0
1647,0xa30d8157911ef23c46c0eb71889efe6a648a41f7,1512960511,0x25c12745ba403357f41d8512698444664846bebf,0x8521b9d96602cdcd33358bb43e713cb4661ee6178d0230a5928d9bba9a0e303d,1.0
1648,0xa30d8157911ef23c46c0eb71889efe6a648a41f7,1512960511,0x4290563c2d7c255b5eec87f2d3bd10389f991d68,0xd5db4763d5f4e0a49ee5faf447bee9d677cfa56543fc798f6cf64bd70294a2fe,0.0
1649,0xa30d8157911ef23c46c0eb71889efe6a648a41f7,1512960786,0x86fa049857e0209aa7d9e616f7eb3b3b78ecfdb0,0xee7fcfd1edbb5eb59f6bf1ff02549ddd2d8eec53a1da508e7497e29228de6291,0.0
1650,0xa30d8157911ef23c46c0eb71889efe6a648a41f7,1512961011,0x86fa049857e0209aa7d9e616f7eb3b3b78ecfdb0,0x423139d8e889f10f5c7e4e0101d91a5423b9e934ad0b9fdbaf3c93bc51e6807c,0.0
1651,0xa30d8157911ef23c46c0eb71889efe6a648a41f7,1512961200,0x86fa049857e0209aa7d9e616f7eb3b3b78ecfdb0,0x9c526cd1a6df973ef518fbe2537874c916aae13637609a96e16e9c7430e14fbe,0.0
1652,0xa30d8157911ef23c46c0eb71889efe6a648a41f7,1512961290,0x6d4b0f21a1f6ba3cfc6c58cc44da5292b575a72f,0x947135d86b8f91422085068adfea3dde723ecf20fd53afcab6bff4e56c84635a,5.0
1653,0xa30d8157911ef23c46c0eb71889efe6a648a41f7,1512961443,0xae867caa2a65882461c5ad0ac1d7256fdfb12a9a,0x7a45d142cf70798424759ddef728b121b12c3935505739f5d7b22410097bb86c,21.0
1654,0xa30d8157911ef23c46c0eb71889efe6a648a41f7,1512961635,0x4290563c2d7c255b5eec87f2d3bd10389f991d68,0xea886849a9fc54bf10affcbc79caae06d2565529f797dc7ca868c2064052e6ea,0.0
1655,0xa30d8157911ef23c46c0eb71889efe6a648a41f7,1512961684,0x744d70fdbe2ba4cf95131626614a1763df805b9e,0xc5e73a819a09f7eb8c31244d59c953a8a4f4386d1db8909f76840772b1bd69ff,0.0
1656,0xa30d8157911ef23c46c0eb71889efe6a648a41f7,1512961716,0xc022c288ecacbc783fa10073f64a29f3ceebf7f0,0x1a0a05fddad098893b6a7219529c51790ef31b2f0b8a9c071148e2888df3a9a4,0.23
1657,0xa30d8157911ef23c46c0eb71889efe6a648a41f7,1512961756,0x0f5d2fb29fb7d3cfee444a200298f468908cc942,0xa904d33ce46e80c3e54582fa7961fbd4ed297eca3e79c7b0d175fb247817a1a6,0.0
1658,0xa30d8157911ef23c46c0eb71889efe6a648a41f7,1512962155,0x86fa049857e0209aa7d9e616f7eb3b3b78ecfdb0,0x8d39f1252f8e8fe9d18f9f080123ae8a2a3af3ad9b87ad86db37222832d5f84e,0.0
1659,0xa30d8157911ef23c46c0eb71889efe6a648a41f7,1512962174,0xf505262dc93378f27b2575ddbb5fc652f82d31ef,0xca388887e6d8e20a357719a6a143466dc37be4ba05073c93c58f6ebffc40e4ff,0.04
1660,0xa30d8157911ef23c46c0eb71889efe6a648a41f7,1512962288,0x2c9d79858806d5e515f16367b90ebfb15b122f33,0x1fe916b61783f38e91e8d3a1b10965501a17dc3ce3b143ba36008c690fa8650a,3.39
1661,0xa30d8157911ef23c46c0eb71889efe6a648a41f7,1512962342,0xdf725d5ba8276bc24d30951b4cedd11bf8923140,0x0e60d76ccad38bd6c70a6fb2cc2414f47f9bbf67b925eddb5ce47190e182615e,3.0
1662,0xa30d8157911ef23c46c0eb71889efe6a648a41f7,1512962380,0x86fa049857e0209aa7d9e616f7eb3b3b78ecfdb0,0xfc653e7e2f632a7616a9d38be20e696b9a8e454afa1a98cad2cd5acd02471a24,0.0
1663,0xa30d8157911ef23c46c0eb71889efe6a648a41f7,1512962413,0xb63b606ac810a52cca15e44bb630fd42d8d1d83d,0x27348e4d25af3e5094687fa83f46d3cf667c70ed57b06710ac37f866b28c31ab,0.0
1664,0xa30d8157911ef23c46c0eb71889efe6a648a41f7,1512962426,0xb63b606ac810a52cca15e44bb630fd42d8d1d83d,0x7b4fe5e8ce12574f5598086a479371078d1ee62253e00d60eefd7c4e68accb53,0.0
1665,0xa30d8157911ef23c46c0eb71889efe6a648a41f7,1512962519,0xb63b606ac810a52cca15e44bb630fd42d8d1d83d,0x578e7f6cd214ff00f5260026324b8db0ce8cb98fcb57ad8fe9363fd7e212d44f,0.0
1666,0xa30d8157911ef23c46c0eb71889efe6a648a41f7,1512962539,0x86fa049857e0209aa7d9e616f7eb3b3b78ecfdb0,0xd51edc011ef8afa0dd7468b32b296f3ebd9c94ce32475bd5056d72bbebde8e10,0.0
1667,0xa30d8157911ef23c46c0eb71889efe6a648a41f7,1512962910,0xb63b606ac810a52cca15e44bb630fd42d8d1d83d,0x7ca28d98d60da9773142c3fce381391037315c4716d08ea1b15f29b3269d18c0,0.0
1668,0xa30d8157911ef23c46c0eb71889efe6a648a41f7,1512963098,0x4290563c2d7c255b5eec87f2d3bd10389f991d68,0x7ca47e83f77c90c6a3deb52bfb3860c250ce00ed947c761ec51f5a115dd7da7a,0.0
1669,0xa30d8157911ef23c46c0eb71889efe6a648a41f7,1512963174,0x86fa049857e0209aa7d9e616f7eb3b3b78ecfdb0,0xfbacd7f6dcf74fd8ed53852e8158208711ea36c6ba7b8a67b163e59e6b80cd10,0.0
1670,0xa30d8157911ef23c46c0eb71889efe6a648a41f7,1512963174,0x86fa049857e0209aa7d9e616f7eb3b3b78ecfdb0,0x9a4012b2a1527fa34b0f490abd7e173de463b639787a303ad7835ec2af3ad7dd,0.0
1671,0xa30d8157911ef23c46c0eb71889efe6a648a41f7,1512963270,0x4290563c2d7c255b5eec87f2d3bd10389f991d68,0x2ece455eb7351e98724a9d4d2f8fb3f2ecb61c7c9ea0f6725e53608e4289ff62,0.0
1672,0xa30d8157911ef23c46c0eb71889efe6a648a41f7,1512963308,0x275ad6abe22d984bb2fa2c209aa39821a2712502,0x1ef14407119a5e3b1ca7e880fee511420b872a4174279caa7bb24884ae689c0c,0.1587
1673,0xa30d8157911ef23c46c0eb71889efe6a648a41f7,1512963553,0xb63b606ac810a52cca15e44bb630fd42d8d1d83d,0x1a464b9853a63a6dd46fbbdbfde498c4184d3c9fba29e16c4acf7121a8e87347,0.0
1674,0xa30d8157911ef23c46c0eb71889efe6a648a41f7,1512963696,0xb63b606ac810a52cca15e44bb630fd42d8d1d83d,0xb2fb138bf28adb4d0c30ff250f70f1c1b231a11e67786e3780d3674304a21ef1,0.0
1675,0xa30d8157911ef23c46c0eb71889efe6a648a41f7,1512963726,0xb63b606ac810a52cca15e44bb630fd42d8d1d83d,0xdebcde6187c7a6135563b5e66f378a2772a7236c1aeeb2af26a3d7f087d5ba52,0.0
1676,0xa30d8157911ef23c46c0eb71889efe6a648a41f7,1512964520,0x1038fc5f1a8ccf96f3108face4b68f33ac1dde39,0xb015756482fa0bd90d5450d182818f888ce35b9c1242ced167a204c5507ae599,50.0
1677,0xa30d8157911ef23c46c0eb71889efe6a648a41f7,1512964552,0xb63b606ac810a52cca15e44bb630fd42d8d1d83d,0xb787d94e94f0e4c60f48f13091036b2a08deb870423b212a04c7e70a83856ca2,0.0
1678,0xa30d8157911ef23c46c0eb71889efe6a648a41f7,1512964940,0x7baa2ccb675f68b4199f053a83b115e11661bb74,0xc425d8388bf5c8f21319f925e747dac5b512401e2abcb592359f18cc6bc6fb7e,4.99
1679,0xa30d8157911ef23c46c0eb71889efe6a648a41f7,1512964978,0x86fa049857e0209aa7d9e616f7eb3b3b78ecfdb0,0x818797a09363a86921202dd57ea5922abcd4754dfe41bc18334a9f52cc2bcd90,0.0
1680,0xa30d8157911ef23c46c0eb71889efe6a648a41f7,1512965156,0x86fa049857e0209aa7d9e616f7eb3b3b78ecfdb0,0xce0b7b78fcafb85eb2bde271935d35f74f13c988b7d18423d48c45d7328c0f42,0.0
1681,0xa30d8157911ef23c46c0eb71889efe6a648a41f7,1512965394,0x86fa049857e0209aa7d9e616f7eb3b3b78ecfdb0,0xe1be4c67c8597c7133ac8ba88f713d7330aeceaa8672d486f8b262856a66c371,0.0
1682,0xa30d8157911ef23c46c0eb71889efe6a648a41f7,1512965504,0x86fa049857e0209aa7d9e616f7eb3b3b78ecfdb0,0x013e9e2547aee8edf809d2824f629b149dc953238921c56518aedca19a345a52,0.0
1683,0xa30d8157911ef23c46c0eb71889efe6a648a41f7,1512965823,0x86fa049857e0209aa7d9e616f7eb3b3b78ecfdb0,0x3649df586da262ce0a9550048c0e6971cdbdf3567c14795325f9a1ee6cce1f91,0.0
1684,0xa30d8157911ef23c46c0eb71889efe6a648a41f7,1512966017,0xb63b606ac810a52cca15e44bb630fd42d8d1d83d,0xcad738a2ad13ce501f3e78d354d59a07fbfd665e5cc3581013264a789fce96ca,0.0
1685,0xa30d8157911ef23c46c0eb71889efe6a648a41f7,1512966250,0xb63b606ac810a52cca15e44bb630fd42d8d1d83d,0xf9444598e4cdc5166283cea874b781f556ac8577e6d7f079aaee9981d38b9e2c,0.0
1686,0xa30d8157911ef23c46c0eb71889efe6a648a41f7,1512966732,0x86fa049857e0209aa7d9e616f7eb3b3b78ecfdb0,0xe42e5267f8d4b0df406e2db103c3e2f675a3a0942a6d5dd66c9e630e34e7df25,0.0
1687,0xa30d8157911ef23c46c0eb71889efe6a648a41f7,1512966980,0x4290563c2d7c255b5eec87f2d3bd10389f991d68,0xee6e0487081008b8c78fdf069656723f112bec0497349c3ad3015ae11345d963,0.0
1688,0xa30d8157911ef23c46c0eb71889efe6a648a41f7,1512967244,0x86fa049857e0209aa7d9e616f7eb3b3b78ecfdb0,0xee05fd5256970d17dc81ab4b346db193759059c6a040ab167dcd2016c60e6848,0.0
1689,0xa30d8157911ef23c46c0eb71889efe6a648a41f7,1512967299,0xf3d09c8a70a8ab48b6d6df478e0e6a4350096e73,0x7afa1e284a1373ac85ae2d3bbcc69c81910c19c1df3e7108fb31b7449110ddb5,3.0
1690,0xa30d8157911ef23c46c0eb71889efe6a648a41f7,1512967389,0xb0241cf36faa588451b86c9c824a095826266d1d,0x27d727cab3ae29c29ce76f7c880639d7c614d70271e36a8d032596bd4c076414,1.0
1691,0xa30d8157911ef23c46c0eb71889efe6a648a41f7,1512967726,0x00315b7da7919663b1afbb17274c56663936b516,0xfd5902b979c3de2a2b04401c8f1b9117f4ef83aaf717d6dd3688d1925271745e,10.01
1692,0xa30d8157911ef23c46c0eb71889efe6a648a41f7,1512967986,0x538e915d6472f7ed4085fe45b6188e12dbc5c1f8,0xaf0b86a003a605797dfb077bd4ec87e64417b275bd7e74272edd7f17625dbda7,5.02
1693,0xa30d8157911ef23c46c0eb71889efe6a648a41f7,1512968253,0xb0241cf36faa588451b86c9c824a095826266d1d,0x108824a61a0c7d4c5fe5de65442625a2677d9bd2a6213f90dc18583674cd0a0b,11.61
1694,0xa30d8157911ef23c46c0eb71889efe6a648a41f7,1512969016,0x0f5d2fb29fb7d3cfee444a200298f468908cc942,0x0a14b2aff5996e87a41460cc11c7f2689fb951253eee2330b41f2e611d05ebe8,0.0
1695,0xa30d8157911ef23c46c0eb71889efe6a648a41f7,1512969314,0xb63b606ac810a52cca15e44bb630fd42d8d1d83d,0x0a58a2ff7887e5d792c6f8a436904443e796f04d1cca19c1a6d561e25817d610,0.0
1696,0xa30d8157911ef23c46c0eb71889efe6a648a41f7,1512969448,0xd4f63b135069e31a340e4a54443c7179071cb190,0xf5034a84d45fbb171e630a776c7348bc36324a4a135c2d80403f5c6c4927b032,4.0
1697,0xa30d8157911ef23c46c0eb71889efe6a648a41f7,1512969545,0x86fa049857e0209aa7d9e616f7eb3b3b78ecfdb0,0xc53cd483d82c773c83cd58376c8650476964744c788e19f14c256d02cffec89f,0.0
1698,0xa30d8157911ef23c46c0eb71889efe6a648a41f7,1512969788,0xb63b606ac810a52cca15e44bb630fd42d8d1d83d,0xacfb1d9c4fbff4c5eed78298abe6268bea3e583a1d349328cb0ce549ce369b52,0.0
1699,0xa30d8157911ef23c46c0eb71889efe6a648a41f7,1512969824,0xb63b606ac810a52cca15e44bb630fd42d8d1d83d,0x47fddf18a36d4d8142f82e0f782ee88e897f86212e044d3b61fc321e2c5cf337,0.0
1700,0xa30d8157911ef23c46c0eb71889efe6a648a41f7,1512970009,0x86fa049857e0209aa7d9e616f7eb3b3b78ecfdb0,0x43c56b6c85deef4404fa8cb0081c5e89af88f01ca34f0cdd43b5000fe97522f7,0.0
1701,0xa30d8157911ef23c46c0eb71889efe6a648a41f7,1512970130,0x86fa049857e0209aa7d9e616f7eb3b3b78ecfdb0,0x1521e44d7d44ca49bd150f96b02cc12183e672d91247cc2b64f1247b8d00706f,0.0
1702,0xa30d8157911ef23c46c0eb71889efe6a648a41f7,1512970371,0x86fa049857e0209aa7d9e616f7eb3b3b78ecfdb0,0xe63aee9458e402a67cbb6abbd68acca72802b5ed29f9dbda8ff6063b986bbba8,0.0
1703,0xa30d8157911ef23c46c0eb71889efe6a648a41f7,1512970704,0x86fa049857e0209aa7d9e616f7eb3b3b78ecfdb0,0x963159b4ed9e8275d165d559d834904717fd68bc1441eea63113505766c07ddb,0.0
1704,0xa30d8157911ef23c46c0eb71889efe6a648a41f7,1512970892,0x86fa049857e0209aa7d9e616f7eb3b3b78ecfdb0,0x98631b0818b2136aefe2f18279f8f2a32043e1a041526d5fc3fb08cfb1248ffd,0.0
1705,0xa30d8157911ef23c46c0eb71889efe6a648a41f7,1512971081,0xb63b606ac810a52cca15e44bb630fd42d8d1d83d,0xc968e309115c964e53ba95197facaf720f5b74b00f995c19bdb868fe492fd86c,0.0
1706,0xa30d8157911ef23c46c0eb71889efe6a648a41f7,1512972378,0x199c719c83d8246559700c00fff8cde14182e192,0x0fb6e73904b59fb89ce62637b21536f9650266d0e7cc3347e7a261ab9362add9,1.02
1707,0xa30d8157911ef23c46c0eb71889efe6a648a41f7,1512972547,0xb63b606ac810a52cca15e44bb630fd42d8d1d83d,0x0cc98106814fb8faaff65fa13edb60205813e6736024d808d2e511b55728a9c1,0.0
1708,0xa30d8157911ef23c46c0eb71889efe6a648a41f7,1512972747,0x86fa049857e0209aa7d9e616f7eb3b3b78ecfdb0,0x45eb758d2343767fb17170d9d1a8c7a6089f1e1e904a8402c9dce94bb43bef4e,0.0
1709,0xa30d8157911ef23c46c0eb71889efe6a648a41f7,1512973447,0x86fa049857e0209aa7d9e616f7eb3b3b78ecfdb0,0x2b501c30c52677b68271fd2f1a376a47cc73ed2ee979ede4a30c771d41704b19,0.0
1710,0xa30d8157911ef23c46c0eb71889efe6a648a41f7,1512973804,0x0f5d2fb29fb7d3cfee444a200298f468908cc942,0xeb1379cc9254a7a2d3c7026be91dcf8cda51fbd9addd729989791e2b55e53664,0.0
1711,0xa30d8157911ef23c46c0eb71889efe6a648a41f7,1512974015,0x0f5d2fb29fb7d3cfee444a200298f468908cc942,0x447cd52af4d1779b9218c71db7dd6dd0be21fda8f632471fbaae870b3ffc9dce,0.0
1712,0xa30d8157911ef23c46c0eb71889efe6a648a41f7,1512974388,0xb63b606ac810a52cca15e44bb630fd42d8d1d83d,0x3163bf40afd9148d2c13138127ee64949a25f97dc05aaf069a29669b4d619ee7,0.0
1713,0xa30d8157911ef23c46c0eb71889efe6a648a41f7,1512974448,0xecfea4b01d68d7cb2ceebc312be0cb2a4f827ad1,0xf42d493e1c82174212666c2f91c408ee9d15c437db9329e499ce49116a22f5a2,7.41
1714,0xa30d8157911ef23c46c0eb71889efe6a648a41f7,1512974826,0xd4f63b135069e31a340e4a54443c7179071cb190,0x725537f2a77d3f4cb632a4e4765a16d7fa39432cd65194d12497eb3d4907683f,5.0
1715,0xa30d8157911ef23c46c0eb71889efe6a648a41f7,1512975016,0x177d39ac676ed1c67a2b268ad7f1e58826e5b0af,0x00c3098904d133b7d75458587c0586abf6c75506702edf9753e6a87f8b86738c,0.0
1716,0xa30d8157911ef23c46c0eb71889efe6a648a41f7,1512975131,0xb63b606ac810a52cca15e44bb630fd42d8d1d83d,0x9c06c96ad2cc5a301c72d08ebfe8efa96c13f805ba9163214ff8032e74d9f2cc,0.0
1717,0xa30d8157911ef23c46c0eb71889efe6a648a41f7,1512975682,0x9f7a4164b854432c630be82e69d30658bb4cde97,0x62d918af5eae92761f9d6038b95b53d985c33993e9f06fd68a274a63b2b5b173,0.09
1718,0xa30d8157911ef23c46c0eb71889efe6a648a41f7,1512976233,0x4290563c2d7c255b5eec87f2d3bd10389f991d68,0x8a45ceb9ece8e261ad654cec39b6cf3ea0bceda5fb6c8364857955fe1b080122,0.0
1719,0xa30d8157911ef23c46c0eb71889efe6a648a41f7,1512976310,0xb63b606ac810a52cca15e44bb630fd42d8d1d83d,0x8146d2420e132b0a01a64583b30f87faed593ad064da69294e68af9267da46fa,0.0
1720,0xa30d8157911ef23c46c0eb71889efe6a648a41f7,1512976455,0x86fa049857e0209aa7d9e616f7eb3b3b78ecfdb0,0x8e0152929f663d54f4da71d4e8cbfc319eacbe343c45048f21c7ec6a70762a6d,0.0
1721,0xa30d8157911ef23c46c0eb71889efe6a648a41f7,1512977763,0x744d70fdbe2ba4cf95131626614a1763df805b9e,0x8d0ce35b1d4bf9fcc2e1f549f2078e33600cddf7510c335b7a780b6ec68d9730,0.0
1722,0xa30d8157911ef23c46c0eb71889efe6a648a41f7,1512977966,0x5ce8d5e0d65fe542dc80441e4a2a6411d0cc5d0c,0x61a073c91b8391e581bdc697bd8050ee9d35a6e53a832187adda744e6c31562f,6.2
1723,0xa30d8157911ef23c46c0eb71889efe6a648a41f7,1512978518,0x177d39ac676ed1c67a2b268ad7f1e58826e5b0af,0x4b9315f0d2a8221ad30d8cd1ec204e2cd7ee0626ad35f0f69292c086ead9eb94,0.0
1724,0xa30d8157911ef23c46c0eb71889efe6a648a41f7,1512982851,0x86fa049857e0209aa7d9e616f7eb3b3b78ecfdb0,0x6348c65d2cf207fe2bcc663b8cce4544d7901eb5971f698f01208ff4bf7e00dc,0.0
1725,0xa30d8157911ef23c46c0eb71889efe6a648a41f7,1512982851,0x86fa049857e0209aa7d9e616f7eb3b3b78ecfdb0,0x963faa820435b0cb56c8bea90eb3ca36d9adfd37ee32f9a5dcf8c44b2067ee71,0.0
1726,0xa30d8157911ef23c46c0eb71889efe6a648a41f7,1512982851,0xa6109a0255244113a08fac7aacbf11cc7791e552,0x5d548e21c84a94a31247592b430b218d5d8f7c3ee8ccda0f361069149fca64fc,7.0
1727,0xa30d8157911ef23c46c0eb71889efe6a648a41f7,1512982851,0x177d39ac676ed1c67a2b268ad7f1e58826e5b0af,0x60cd34407205feb20a320fe61b6c479f4f3c295ba30a4a797b50030c5f0f79f1,0.0
1728,0xa30d8157911ef23c46c0eb71889efe6a648a41f7,1512982851,0xd26114cd6ee289accf82350c8d8487fedb8a0c07,0x857dacfdc1f5670cf02ddef3b34483f7ef8cf120ca65c094de0bdb4c96b469bd,0.0
1729,0xa30d8157911ef23c46c0eb71889efe6a648a41f7,1512982851,0xd26114cd6ee289accf82350c8d8487fedb8a0c07,0x997db990bb09a10512c72acd8e8266eb1644faebbc6b6439b236f9a6e826e662,0.0
1730,0xa30d8157911ef23c46c0eb71889efe6a648a41f7,1512982851,0x86fa049857e0209aa7d9e616f7eb3b3b78ecfdb0,0x079410b1a27e6fea3b4ea36c23bc24e0f64777df0fbcfc7d88fe0a4fd0f7d59d,0.0
1731,0xa30d8157911ef23c46c0eb71889efe6a648a41f7,1512982851,0x86fa049857e0209aa7d9e616f7eb3b3b78ecfdb0,0x4e92c313b6584d96edb280fdcd722c086f8e73d8c6703e5031808859bf045ba1,0.0
1732,0xa30d8157911ef23c46c0eb71889efe6a648a41f7,1512982851,0x86fa049857e0209aa7d9e616f7eb3b3b78ecfdb0,0x35d96b76b4a2596f2f873b6aa9ffb2ed7ad465c03d8c9b0649342afe50a3a775,0.0
1733,0xa30d8157911ef23c46c0eb71889efe6a648a41f7,1512982851,0x86fa049857e0209aa7d9e616f7eb3b3b78ecfdb0,0x9383ea332728aabe8a180661f9738bfa090c04ae610ab0f8ce76ec418dc7c157,0.0
1734,0xa30d8157911ef23c46c0eb71889efe6a648a41f7,1512982851,0x09b667c188ed4946dd30cad652245a4c660a7cab,0x05c30108a34c8b4424b07e8367a37c3dfb4b4b92536b770d63907a06e0346ef2,0.2
1735,0xa30d8157911ef23c46c0eb71889efe6a648a41f7,1512982851,0x9341a0fb4b9fd028871f4ea2ba9fd5fb599396c2,0x58ae08314d3fa92bd831da2d4ae31ecc28937997e2697bb8df5455fa2617522c,8.6
1736,0xa30d8157911ef23c46c0eb71889efe6a648a41f7,1512982851,0x177d39ac676ed1c67a2b268ad7f1e58826e5b0af,0x9266bae77947d0a4bb2a3a27b2c1eb78cc709378a255d0332c3211896b062929,0.0
1737,0xa30d8157911ef23c46c0eb71889efe6a648a41f7,1512982929,0x86fa049857e0209aa7d9e616f7eb3b3b78ecfdb0,0x4cca2f215d4608a3ce73bf017ffd9daa452f9be3e75623e146209012b08084e8,0.0
1738,0xa30d8157911ef23c46c0eb71889efe6a648a41f7,1512983126,0x5ca9a71b1d01849c0a95490cc00559717fcf0d1d,0x53fcbbcc3159b75bad350ffa1720377a3b0be5f9fdcc4a68be05436fa8634b57,0.0
1739,0xa30d8157911ef23c46c0eb71889efe6a648a41f7,1512983369,0x177d39ac676ed1c67a2b268ad7f1e58826e5b0af,0x8d37ba8ccfe8795d4a3d2b81ffd551274b0feb29440686264ad5c01dfee6b8bd,0.0
1740,0xa30d8157911ef23c46c0eb71889efe6a648a41f7,1512983442,0x177d39ac676ed1c67a2b268ad7f1e58826e5b0af,0xb854b7325f9b198e75e362041491f5efaffffadd94e1d25cf58463d0d0eee235,0.0
1741,0xa30d8157911ef23c46c0eb71889efe6a648a41f7,1512983569,0x08f5a9235b08173b7569f83645d2c7fb55e8ccd8,0x5993449c4522b8d78e8a9cbbda1a59bcc6f60dedcbe2079a3a0f5271aba67742,0.0
1742,0xa30d8157911ef23c46c0eb71889efe6a648a41f7,1512983909,0x86fa049857e0209aa7d9e616f7eb3b3b78ecfdb0,0x81228a23c0657b21bfd04cfb365b6ac94c967a9133fc6a652335b36edf749f62,0.0
1743,0xa30d8157911ef23c46c0eb71889efe6a648a41f7,1512984301,0xb63b606ac810a52cca15e44bb630fd42d8d1d83d,0x1b0dbced049e4e4038fcc6cf9d0c0185a7d0fd34a9b0b88593480833008f327f,0.0
1744,0xa30d8157911ef23c46c0eb71889efe6a648a41f7,1512984391,0x665a94f9020f1bda1982ddf4b43752c79daa4cf0,0xcc0177ff4150ec20cc8ce422c7b56bfe3076d20a4796a54d3c80a507c098a72b,0.99
1745,0xa30d8157911ef23c46c0eb71889efe6a648a41f7,1512984435,0xec525810972d6fe3d76c8a20f0c4744014f1b9c3,0x2fae156f5f98d78d45f686b2c8b195d1dd71e808bc935ce340ad202113388081,0.11
1746,0xa30d8157911ef23c46c0eb71889efe6a648a41f7,1512984495,0x86fa049857e0209aa7d9e616f7eb3b3b78ecfdb0,0x953737f4c7492547fe3eb061e65207f4961520808a4af2d7281c59d3c1cfd941,0.0
1747,0xa30d8157911ef23c46c0eb71889efe6a648a41f7,1512985137,0x0f5d2fb29fb7d3cfee444a200298f468908cc942,0xf2818f77db34588f5f6919ea2c465abfb8ab9ccefb5e3a5995a0188752e9a10f,0.0
1748,0xa30d8157911ef23c46c0eb71889efe6a648a41f7,1512985246,0x86fa049857e0209aa7d9e616f7eb3b3b78ecfdb0,0x4f94c0ed40d9c62a6db95c2e6144304a662e11b75cab7a62d6f678d843362177,0.0
1749,0xa30d8157911ef23c46c0eb71889efe6a648a41f7,1512985498,0x2b7f2d98ec595deac1705222504761906b61114d,0x70938fd18998c95262385d3f08ad67cd8dc6fc3b14f4eb782e7ca59c853098e0,3.7
1750,0xa30d8157911ef23c46c0eb71889efe6a648a41f7,1512985552,0xb63b606ac810a52cca15e44bb630fd42d8d1d83d,0x0e4f8b162acfa341f7ef7f2b054d388498476920d86b1575873afc13cbe44737,0.0
1751,0xa30d8157911ef23c46c0eb71889efe6a648a41f7,1512986158,0x0d437837848f81e82ce04a1d69a0182efde08d65,0x3bb3e39fb921fe3f2a59622b4616d02df02fa7cd00d7e6234ea5e570a8b97da0,4.0
1752,0xa30d8157911ef23c46c0eb71889efe6a648a41f7,1512987343,0xd0a59092f5bca5b79cf99a3a457a16d80800c383,0x5c299af23f20bf02ab4cbf67fa39c79d0bf2c2662a07360f6cb6eca9a53dbc0e,1.05
1753,0xa30d8157911ef23c46c0eb71889efe6a648a41f7,1512987519,0xd60a898dc9500a48d440e5f82b9a104581bcdaf2,0x56411611e2e890f14662b6fc7f6d129b0d453c99c05cf97cc47979067c7225bd,9.0
1754,0xa30d8157911ef23c46c0eb71889efe6a648a41f7,1512987871,0x86fa049857e0209aa7d9e616f7eb3b3b78ecfdb0,0xe69830d292df540dad478cc8d3ba5a5aaa8efb4314a147d55b023543b653bbd2,0.0
1755,0xa30d8157911ef23c46c0eb71889efe6a648a41f7,1512988026,0xd850942ef8811f2a866692a623011bde52a462c1,0x6fa4b33164c9d4c23361294b853257d1f2e7bd63b4e349f3d3d8b99d52c7007b,0.0
1756,0xa30d8157911ef23c46c0eb71889efe6a648a41f7,1512988096,0xa0dd680b375a4782ccb91f634badfc0e5e73a45d,0x11770921b11eaf76312e2404a43c979d07aaec554cdfcab42a3827bf797e670b,0.45
1757,0xa30d8157911ef23c46c0eb71889efe6a648a41f7,1512988329,0xb37465c05b540ba14e61a4690f39a3abff1f1173,0xcc0a1b6e72ffd7da2ef0412157c32809c66823459da6acb85d420bbded53837b,20.605999999999998
1758,0xa30d8157911ef23c46c0eb71889efe6a648a41f7,1512988431,0x177d39ac676ed1c67a2b268ad7f1e58826e5b0af,0x23d48f62682359685738e633920e146a1a6cc818fb2ceed4e17471d663087480,0.0
1759,0xa30d8157911ef23c46c0eb71889efe6a648a41f7,1512988706,0xdb9270669790ec41e8f953c39e1af08311c80f1a,0xe4688b116da89a1dc91e4e59d05139b2b4324cff65886e7b396d7dd172c32a79,16.4039
1760,0xa30d8157911ef23c46c0eb71889efe6a648a41f7,1512988939,0x177d39ac676ed1c67a2b268ad7f1e58826e5b0af,0x9ad31938f70c782ddec24f5f2f20885f48b8c34193ba512c3f77bd02a35a684b,0.0
1761,0xa30d8157911ef23c46c0eb71889efe6a648a41f7,1512989223,0x86fa049857e0209aa7d9e616f7eb3b3b78ecfdb0,0xf932563d15e9c89b160c9f40e49ab9947fba1796960e2dfaccf46acaab15851e,0.0
1762,0xa30d8157911ef23c46c0eb71889efe6a648a41f7,1512989406,0x93fe80a45a4a4ecb010a317169adf5d476100107,0x83892188a47d7c461a1fd08fe4de11aaeaf5d1c737fa32b4aca5aae297334cc6,0.08
1763,0xa30d8157911ef23c46c0eb71889efe6a648a41f7,1512989446,0xb63b606ac810a52cca15e44bb630fd42d8d1d83d,0xa983f57191e7611580c3105606ea07bb80682cfd27f49d9988b8ab935b979075,0.0
1764,0x34dc4166e99f945f7651b22d79685ca65f8e2a31,1512990138,0x4be2166a8dbe25e79a9b30b4ce26858e10d21e92,0x42955ec9aa87783ab7cdf6aafec4112750decbe1e8defac05e610a6b3c44f343,9.0
1765,0xa30d8157911ef23c46c0eb71889efe6a648a41f7,1512990568,0x7773a99f1de220e8db576b699d29c4c24328f715,0xdcb8adab0f7bca284d7fa536c821974169ff3780ffab72335a9d4e21e3019207,30.0
1766,0xa30d8157911ef23c46c0eb71889efe6a648a41f7,1512990657,0x86fa049857e0209aa7d9e616f7eb3b3b78ecfdb0,0x894872b5ef419c5edd45f0815b4a20c9bd127574601fe6699608c40da6833ca3,0.0
1767,0xa30d8157911ef23c46c0eb71889efe6a648a41f7,1512990993,0x8c0ccbcf8f0c6593a70d50b881fe25e6bbc928a1,0x1b04f5832b453f3143c43cdefb69c630fd575821915cc2ea69cf2f37e3c566e1,0.02
1768,0xa30d8157911ef23c46c0eb71889efe6a648a41f7,1512991597,0xe41d2489571d322189246dafa5ebde1f4699f498,0xef77c3927379ae37bf93c97e45862d3c26ed8f3fe5bf266fb1b12b63dd57ba68,0.0
1769,0xa30d8157911ef23c46c0eb71889efe6a648a41f7,1512991844,0xaf30d2a7e90d7dc361c8c4585e9bb7d2f6f15bc7,0xa1a8d1644fcd1dc319357eee82558dc9157d7f9d61fbf60d496956ae6ad7fd4d,0.0
1770,0x4be2166a8dbe25e79a9b30b4ce26858e10d21e92,1512992092,0x27695e09149adc738a978e9a678f99e4c39e9eb9,0x24a50314bf168b6bafa7343eb54fa858dc96f77ed39092d521960d62bab176bc,0.0
1771,0x4be2166a8dbe25e79a9b30b4ce26858e10d21e92,1512992372,0x61c33ef91467ce8bed0f7ff5edea09ffaf4a98d3,0x148b6865696c88d60d982fa003b5b3abe2de87e7bd98626ed39e5a36cbd80ecb,9.0
1772,0xa30d8157911ef23c46c0eb71889efe6a648a41f7,1512992775,0x86fa049857e0209aa7d9e616f7eb3b3b78ecfdb0,0x25004029d92c7a7e072629ef80944b230ea9e31a89116a85ebf89d83137772a6,0.0
1773,0xa30d8157911ef23c46c0eb71889efe6a648a41f7,1512992968,0xe6356f25927e0c78b11c2d74fa4c9e79a8b9dc50,0x8bbdf1c21a1e647cec072b48b766648e61c836c69bc82b0ce12bcaf56837d17b,59.98
1774,0xa30d8157911ef23c46c0eb71889efe6a648a41f7,1512993121,0x8effd494eb698cc399af6231fccd39e08fd20b15,0x97549690adfa83122dff11679bc461dce2f49c0425be5f4e897954bd50b87288,0.0
1775,0xa30d8157911ef23c46c0eb71889efe6a648a41f7,1512993141,0xb97048628db6b661d4c2aa833e95dbe1a905b280,0x9dc0962f79bf9a4b2c2e866728c58970dbb66512e6e1945cd0666cbb8419fa86,0.0
1776,0xa30d8157911ef23c46c0eb71889efe6a648a41f7,1512993253,0xd60a898dc9500a48d440e5f82b9a104581bcdaf2,0xec35f2c90e2c81672e55f824050f0fc9c5674855b06b947cc902b3b666240e86,6.0
1777,0xa30d8157911ef23c46c0eb71889efe6a648a41f7,1512993308,0xcb97e65f07da24d46bcdd078ebebd7c6e6e3d750,0x3ec996120c8c1c562beed706cfdffed3aa918d313f267294b58d3610400ba2f6,0.0
1778,0xa30d8157911ef23c46c0eb71889efe6a648a41f7,1512993373,0x86fa049857e0209aa7d9e616f7eb3b3b78ecfdb0,0xb28aa7e9280c644f47797b00b774d5129e2eb49e64877fc70b9a10daa681cbbd,0.0
1779,0xa30d8157911ef23c46c0eb71889efe6a648a41f7,1512993373,0x2f14c5cc652e13443c021ed8fcdfa6ebb75dd152,0x8f31d31d3b8aa5e032289d9bd79b6e358ee808a5d2f94411b3ca15c18944f120,1.99
1780,0xa30d8157911ef23c46c0eb71889efe6a648a41f7,1512993496,0x86fa049857e0209aa7d9e616f7eb3b3b78ecfdb0,0xf718759721ce2ee907e44b4cbc39631769fce57ecab3a17cd5de9749429e763d,0.0
1781,0xa30d8157911ef23c46c0eb71889efe6a648a41f7,1512993887,0x427401a4cc591598eb0571d4ac98cfaa13f90e55,0x008a129f2b276d0ca854ebe163efd318c1f200108aeb851e299866f36caa3864,3.7399
1782,0xa30d8157911ef23c46c0eb71889efe6a648a41f7,1512994009,0x8effd494eb698cc399af6231fccd39e08fd20b15,0x39801e8068b00a4fff3ed811df00ff893399f91209f30ba40fa8daa4ac5a4bd8,0.0
1783,0xa30d8157911ef23c46c0eb71889efe6a648a41f7,1512994032,0xd92629f35d7e87c60d694b5cf4a97be5a2370946,0xaceef842920a29054049dc708b1fb7ffeff1bf4b9bfe51db95a23cb8645d3096,6.6027
1784,0xa30d8157911ef23c46c0eb71889efe6a648a41f7,1512994849,0x86fa049857e0209aa7d9e616f7eb3b3b78ecfdb0,0xad4dcfb0ee35ae9096e9930008b0c9003d6801040364092948247d1533594185,0.0
1785,0xa30d8157911ef23c46c0eb71889efe6a648a41f7,1512994868,0x7c56d00b36c64f7fc5edbcc662a91eaec2935c29,0x263149fbcf17db2309829dc84c518e9e51a9be633c61941bba0b0e29d1bd7b20,0.1423
1786,0xa30d8157911ef23c46c0eb71889efe6a648a41f7,1512995392,0xcb97e65f07da24d46bcdd078ebebd7c6e6e3d750,0xff9f30b6636dabedd8ad055650f66066014dcefebceef76019b9994b5a253825,0.0
1787,0xa30d8157911ef23c46c0eb71889efe6a648a41f7,1512995928,0xd26114cd6ee289accf82350c8d8487fedb8a0c07,0x3a5540f369814beed3d781fd99bf297d5f26349005af426b20ad5edf82cbea10,0.0
1788,0xa30d8157911ef23c46c0eb71889efe6a648a41f7,1512996078,0x5bf831dadb955b52f8dc0d0cd7c1f67119d6a535,0xdcc7e6434b7b4f8fec94ea4340d89ca378ee82d1b8e71420067a90a62358f404,12.93
1789,0xa30d8157911ef23c46c0eb71889efe6a648a41f7,1512997091,0x86fa049857e0209aa7d9e616f7eb3b3b78ecfdb0,0xbb529f5bc8a58d1e44a201aec3eef598f5fd66dc4e46148ff5d2ef651ac10e31,0.0
1790,0xa30d8157911ef23c46c0eb71889efe6a648a41f7,1512997091,0x93916db9922e6fe08c25d4f415d0c7350aefed8f,0xbaad83f9f0ccb5a8ab909f094072fdf2253fc57eb8e8676899190f4fcca38a7b,18.0
1791,0xa30d8157911ef23c46c0eb71889efe6a648a41f7,1512997365,0x86fa049857e0209aa7d9e616f7eb3b3b78ecfdb0,0x7c71b7b6aebe04a19cb9b467dd005d077b7f4f97f7ad524e4c22426be520fc0b,0.0
1792,0xa30d8157911ef23c46c0eb71889efe6a648a41f7,1512997738,0x86fa049857e0209aa7d9e616f7eb3b3b78ecfdb0,0x6c3d4515de21590bbf631893d6cc703eac8d63ae5b0640076eb14813a0a06cba,0.0
1793,0xa30d8157911ef23c46c0eb71889efe6a648a41f7,1512997811,0xd850942ef8811f2a866692a623011bde52a462c1,0xec4438529ea8cd66cfd3fc1c7771cf691627c6ddfb221e165c21a0398b46fd75,0.0
1794,0xa30d8157911ef23c46c0eb71889efe6a648a41f7,1512998374,0x744d70fdbe2ba4cf95131626614a1763df805b9e,0x8ad018bfd5d399d04e09ad3f2c66565abc0a93ed5787a9d5c46c1a145d07e391,0.0
1795,0xa30d8157911ef23c46c0eb71889efe6a648a41f7,1512998553,0x86fa049857e0209aa7d9e616f7eb3b3b78ecfdb0,0x1cf47beef64ff38a899abc06b5178d93eaabe19eb3f74cbaa55ba1e256207c84,0.0
1796,0xa30d8157911ef23c46c0eb71889efe6a648a41f7,1512998686,0x86fa049857e0209aa7d9e616f7eb3b3b78ecfdb0,0xde171ff8ec160c50322c10ef682ed96b9b65f90091497e0b5cd5b5c16601d99c,0.0
1797,0xa30d8157911ef23c46c0eb71889efe6a648a41f7,1512998686,0x86fa049857e0209aa7d9e616f7eb3b3b78ecfdb0,0x8911fd18e51fdd4e8216e4af81d8613a7843d7ec18befa398313a529cfc1768c,0.0
1798,0xa30d8157911ef23c46c0eb71889efe6a648a41f7,1512999100,0x1f4a757d67e935884e71f6e9ea54f8b90a5c5532,0x1bb1fdeebdac54f4dee94e2b94558d57700605533e7dd7e5aec11142dddc14f9,5.1
1799,0xa30d8157911ef23c46c0eb71889efe6a648a41f7,1512999441,0x86fa049857e0209aa7d9e616f7eb3b3b78ecfdb0,0x5d51480a006ca66f7fce117ac6329b04f647dc70fee9f25eceeffeafda03aa37,0.0
1800,0xa30d8157911ef23c46c0eb71889efe6a648a41f7,1512999539,0x744d70fdbe2ba4cf95131626614a1763df805b9e,0xab6b2899dfe482b96d67367c8e6b0ac0f73922695c027dac83cd53f9009dff48,0.0
1801,0xa30d8157911ef23c46c0eb71889efe6a648a41f7,1513000031,0x86fa049857e0209aa7d9e616f7eb3b3b78ecfdb0,0xc9bec03a688c4d7b3f65621acf5687222da5ca46a4860be11835ec6399968ee4,0.0
1802,0xa30d8157911ef23c46c0eb71889efe6a648a41f7,1513000104,0x41e5560054824ea6b0732e656e3ad64e20e94e45,0x1662016af6f28ffe26549dcb29b5c67bfda6d68fab0ea76eb63260eddbc1b261,0.0
1803,0xa30d8157911ef23c46c0eb71889efe6a648a41f7,1513000208,0xd26114cd6ee289accf82350c8d8487fedb8a0c07,0xd9240759d720da5936612a92b9e8ee7bf09352e155a51d9009b9a2f4f65f840e,0.0
1804,0xa30d8157911ef23c46c0eb71889efe6a648a41f7,1513000416,0x0f5d2fb29fb7d3cfee444a200298f468908cc942,0x8c02ea05f4c88088d1c52d3686882c463d02f72961c7a773a4ca87186081f140,0.0
1805,0xa30d8157911ef23c46c0eb71889efe6a648a41f7,1513000806,0x4bda7cb64ac29fde5df2e9acbec4f475953cd52d,0x7c34f309dd7d928c0751a3953632a5cfc751d846995ed4369c9de7c932ecce44,17.8
1806,0xa30d8157911ef23c46c0eb71889efe6a648a41f7,1513000870,0x7a536388147c04c5407ca6a7117141faa611bdde,0xb344a725ae6d6db8c132ec2b81299cd2b528b24b2cc11e8a94652514fc95c2da,4.1785
1807,0xa30d8157911ef23c46c0eb71889efe6a648a41f7,1513000911,0x515167fc65ea04352373c2d694f94553a24ce1ec,0x1876f03a0dff3bd09a91d5b104806e249e79d3a631e15577fe3b5043eac64279,0.02
1808,0xa30d8157911ef23c46c0eb71889efe6a648a41f7,1513001078,0x41e5560054824ea6b0732e656e3ad64e20e94e45,0x832c2202eed4893ccc16aed7aec0060007ac47af9046a0c2a5bb23706bfec2c0,0.0
1809,0xa30d8157911ef23c46c0eb71889efe6a648a41f7,1513001266,0x73e92b80593e16c30e389949ede1851b362c01f0,0xa8c226c4448dfcb199352e64201d7960191f7ebd11670d8b2df88ec4a5f870cd,59.0
1810,0xa30d8157911ef23c46c0eb71889efe6a648a41f7,1513001431,0x122603e420869d73842dae4206af5c70f1a58288,0xc00a623e034e16ca624b90a0a36e21369beeb813167ec230cd5d065d9c49ef7c,2.47927377
1811,0xa30d8157911ef23c46c0eb71889efe6a648a41f7,1513001522,0x86fa049857e0209aa7d9e616f7eb3b3b78ecfdb0,0xc12d8b180e4f71ac0dedce253a7e2986a18135e96d64257b1bd5e77d0ba8abf6,0.0
1812,0xa30d8157911ef23c46c0eb71889efe6a648a41f7,1513001522,0x86fa049857e0209aa7d9e616f7eb3b3b78ecfdb0,0x395828aa695460d506cfac835e1f076cca802606b45dfb6fe56dab0e2f0c4e01,0.0
1813,0xa30d8157911ef23c46c0eb71889efe6a648a41f7,1513001887,0x4290563c2d7c255b5eec87f2d3bd10389f991d68,0x3c26aba2e49441a167f4d56cfe3acbc386831fec0ef97f621c65623a94b72beb,0.0
1814,0xa30d8157911ef23c46c0eb71889efe6a648a41f7,1513002016,0x7592b700195898c5526d749cdd12f9b9ffc27001,0x9146720cac46becd2332fd4093d55fe7e7295151c711f43a59706273565c1d8b,6.35845
1815,0xa30d8157911ef23c46c0eb71889efe6a648a41f7,1513002289,0x744d70fdbe2ba4cf95131626614a1763df805b9e,0xa330f9949442ded4e8af69b99d93dd12c9b58c1dd5158ed4d61189ea02b3c28b,0.0
1816,0xa30d8157911ef23c46c0eb71889efe6a648a41f7,1513002615,0x86fa049857e0209aa7d9e616f7eb3b3b78ecfdb0,0x415d75a19587e710d35a1ac65291b864c2210e38fc48bc94c1c1b4087c48ac7f,0.0
1817,0xa30d8157911ef23c46c0eb71889efe6a648a41f7,1513002928,0x86fa049857e0209aa7d9e616f7eb3b3b78ecfdb0,0x54471b3d2146fd3cc8a09685a950f0afbc526249ab41358697714f1f30f9b153,0.0
1818,0xa30d8157911ef23c46c0eb71889efe6a648a41f7,1513003164,0xaf30d2a7e90d7dc361c8c4585e9bb7d2f6f15bc7,0x9e4fdcac6215986ee955353b946dd224f49284212d018b7f3c87cf84fab5be9a,0.0
1819,0xa30d8157911ef23c46c0eb71889efe6a648a41f7,1513003299,0x4290563c2d7c255b5eec87f2d3bd10389f991d68,0x7693e6c173dd782bfe290499a55ed6e0be72b20106f951c820f3054370e05a92,0.0
1820,0xa30d8157911ef23c46c0eb71889efe6a648a41f7,1513003384,0x86fa049857e0209aa7d9e616f7eb3b3b78ecfdb0,0x0ae94890ca5e5924822ef4bb5271d98b820625ea700c7eb02df285b898daf352,0.0
1821,0xa30d8157911ef23c46c0eb71889efe6a648a41f7,1513003734,0x4290563c2d7c255b5eec87f2d3bd10389f991d68,0x2a1277a7c98d1b82687e6a954eadf34deed213f4056d2caf0b1eccc39d5e12b3,0.0
1822,0xa30d8157911ef23c46c0eb71889efe6a648a41f7,1513003812,0x86fa049857e0209aa7d9e616f7eb3b3b78ecfdb0,0x363ce17be5481823cf754abb42b888ba73fffbca19fbf31141d458b117b59082,0.0
1823,0xa30d8157911ef23c46c0eb71889efe6a648a41f7,1513003926,0x86fa049857e0209aa7d9e616f7eb3b3b78ecfdb0,0xd0870cf5d169ca5aa057eb9a9867d3e51884b3fc27370be2563f57869832396e,0.0
1824,0xa30d8157911ef23c46c0eb71889efe6a648a41f7,1513003968,0xb63b606ac810a52cca15e44bb630fd42d8d1d83d,0x4fd6196c8f45dad66d6f21845f34987bc93ca4d914ee4edc00cdd410116696c2,0.0
1825,0xa30d8157911ef23c46c0eb71889efe6a648a41f7,1513004009,0xcb97e65f07da24d46bcdd078ebebd7c6e6e3d750,0x5aa488bd96503b848dc75e86bd4678bbe115c37f909a214b527e5c97984ca435,0.0
1826,0xa30d8157911ef23c46c0eb71889efe6a648a41f7,1513004073,0xb63b606ac810a52cca15e44bb630fd42d8d1d83d,0xb38da91c189463d141fc4d8b84106dd6913481ef37bf17e854184f9746c4a120,0.0
1827,0xa30d8157911ef23c46c0eb71889efe6a648a41f7,1513004653,0xb63b606ac810a52cca15e44bb630fd42d8d1d83d,0x07baec9bc8f76da987a976336b959cee09486cc538cab00469816b2f715c8ce2,0.0
1828,0xa30d8157911ef23c46c0eb71889efe6a648a41f7,1513004683,0xacb075b02b166843436b36c5102b7b9135a30922,0x2bcc5b6a5268156c8cdc250a61b19b4f4a7b5f1453194855d24b0a475ab8c2e2,0.2
1829,0xa30d8157911ef23c46c0eb71889efe6a648a41f7,1513004744,0xd26114cd6ee289accf82350c8d8487fedb8a0c07,0x173ef8eb98f5404b7070acde6b0eac37d44bafedc6c9d8600fd0b2bef6926df4,0.0
1830,0xa30d8157911ef23c46c0eb71889efe6a648a41f7,1513004793,0x56d6a878b929f0a7be2e31367188fc97c6a9d051,0xe5486b01ffca75c905a54dffb6efcb1d1778fc702b02154421a63b92cb90b1b3,92.0
1831,0x3f5ce5fbfe3e9af3971dd833d26ba9b5c936f0be,1513004845,0x4be2166a8dbe25e79a9b30b4ce26858e10d21e92,0x17e5e0e2af7d3f831ce6345bb9798f6bc4cc22b9bae441ef9349d21aac25b4bd,5.06922493
1832,0xa30d8157911ef23c46c0eb71889efe6a648a41f7,1513005596,0xde1da0d6b989ab03ac07d70004d10d34f36ac493,0x42f64435413993d4fb3a9a593aa447c8324c26cfd24196b1db3fd7f85d426ce9,5.0
1833,0xa30d8157911ef23c46c0eb71889efe6a648a41f7,1513005618,0x86fa049857e0209aa7d9e616f7eb3b3b78ecfdb0,0x662377355bc35d9e2a5371e0c81d72084e38f535a65506477c76fbd1da65e567,0.0
1834,0xa30d8157911ef23c46c0eb71889efe6a648a41f7,1513005640,0xb97048628db6b661d4c2aa833e95dbe1a905b280,0x1fa2e909902d92485fda41935aa965490c5cd9d3428b396df439f6f51bc15232,0.0
1835,0xa30d8157911ef23c46c0eb71889efe6a648a41f7,1513005701,0xd850942ef8811f2a866692a623011bde52a462c1,0x18c0b136e2f67882460cceb11350c5b20dd20fdd07d6751e5a2765b51ee7588a,0.0
1836,0xa30d8157911ef23c46c0eb71889efe6a648a41f7,1513005751,0x86fa049857e0209aa7d9e616f7eb3b3b78ecfdb0,0x3190664dd2aba3b7602c521c3cec9ca15c1f6a538ec5fdf8dc0ddb0634e52951,0.0
1837,0xa30d8157911ef23c46c0eb71889efe6a648a41f7,1513006084,0xb63b606ac810a52cca15e44bb630fd42d8d1d83d,0xb6347d3a7740c1644feff99a32f5bc2ba13763886810d8718e71c148b41ade6d,0.0
1838,0xa30d8157911ef23c46c0eb71889efe6a648a41f7,1513006337,0x744d70fdbe2ba4cf95131626614a1763df805b9e,0x1baac4be6c158f889c48dae62a23e0c1a5e08838976a627cfa5370041ee25f5c,0.0
1839,0xa30d8157911ef23c46c0eb71889efe6a648a41f7,1513006410,0x86fa049857e0209aa7d9e616f7eb3b3b78ecfdb0,0x14a32515132d0287e37c2753fa117a50da485a709157d0be3686df488dfa3244,0.0
1840,0xa30d8157911ef23c46c0eb71889efe6a648a41f7,1513006410,0xe0b7927c4af23765cb51314a0e0521a9645f0e2a,0xd70eaa153f8a784ceef01d2a6475efe4c36772fc0b0ba4fa6eaa1427e4868f55,0.0
1841,0x4be2166a8dbe25e79a9b30b4ce26858e10d21e92,1513006568,0x2d4c51152fcc249e4bdf360c28ebcef27ce6ac09,0x6500657cb08c54d93fc7358d76c645345c67cb1458153f1d347c1b07387bcce0,5.0
1842,0xa30d8157911ef23c46c0eb71889efe6a648a41f7,1513006602,0xaf2e807d105859e9937387d742099f1c80475069,0x9baa85f1a848fc8acbd09086d6b2dd8ed77198912082e50fa9c1f74bd1acbdce,1.0
1843,0xa30d8157911ef23c46c0eb71889efe6a648a41f7,1513006732,0x86fa049857e0209aa7d9e616f7eb3b3b78ecfdb0,0x8b9ce28717eb31e808cbaf22f5e9e112843193fe45a2d14c5c68cd77aee75dd9,0.0
1844,0xa30d8157911ef23c46c0eb71889efe6a648a41f7,1513006781,0x86fa049857e0209aa7d9e616f7eb3b3b78ecfdb0,0x0a683f4b94048a0d713ede2cc6d58c600b141e924698b2213732044806215e32,0.0
1845,0xa30d8157911ef23c46c0eb71889efe6a648a41f7,1513006860,0x86fa049857e0209aa7d9e616f7eb3b3b78ecfdb0,0x25cfacce462026df22504403c27742563738876b842691304d0f3f15cc927d5e,0.0
1846,0xa30d8157911ef23c46c0eb71889efe6a648a41f7,1513007121,0x86fa049857e0209aa7d9e616f7eb3b3b78ecfdb0,0xc889c07109db7b5b0975a885bc4166eea771faab9ba93a82bbff7b392abbaf90,0.0
1847,0xa30d8157911ef23c46c0eb71889efe6a648a41f7,1513007399,0xb61b4b554c1662ff5aa79fc23f0964b741cfdbeb,0x81b0312f5e970eca11bb94789429393fe869d8feee42a6e8a1e57a6039c592f0,1.0
1848,0xa30d8157911ef23c46c0eb71889efe6a648a41f7,1513007740,0x86fa049857e0209aa7d9e616f7eb3b3b78ecfdb0,0x3b1b744617b9a2d6e5124c2f03d1f24de7c1010255e73064d4017895571d95e0,0.0
1849,0xa30d8157911ef23c46c0eb71889efe6a648a41f7,1513008140,0x398b8d8cb8b75bd55bc2b81efbdb1b721dd34632,0x4c9eb9c90adf746ef993e3a4edfc68b2a7f119971c39a812ebc5f6a93bff753f,1.0
1850,0xa30d8157911ef23c46c0eb71889efe6a648a41f7,1513008346,0x86fa049857e0209aa7d9e616f7eb3b3b78ecfdb0,0x7dbe6f0771a5975e952f4b8ea67bd97ec3aa6a038dd20005b3011d0717daab44,0.0
1851,0xa30d8157911ef23c46c0eb71889efe6a648a41f7,1513009790,0x0f5d2fb29fb7d3cfee444a200298f468908cc942,0xcb898339d47db79aa6e94286f037b31b544babb9fb7226dce450a870fce0b6fc,0.0
1852,0xa30d8157911ef23c46c0eb71889efe6a648a41f7,1513010253,0x86fa049857e0209aa7d9e616f7eb3b3b78ecfdb0,0x5a6d92fa456c612b1b56304c07e6a8abaf54b62c78070c5b6594e4937f40dd2b,0.0
1853,0xa30d8157911ef23c46c0eb71889efe6a648a41f7,1513010806,0x0f5d2fb29fb7d3cfee444a200298f468908cc942,0x48c97f1dd49109bbbaf8c4232c689bfabc7a1507e5eba63e4e23792bda8777ac,0.0
1854,0xa30d8157911ef23c46c0eb71889efe6a648a41f7,1513010818,0x86fa049857e0209aa7d9e616f7eb3b3b78ecfdb0,0x65a009c0646eb5ac6fcbfef70e137d594dc3c1c7f272ec72754f0fded1866193,0.0
1855,0xa30d8157911ef23c46c0eb71889efe6a648a41f7,1513010823,0x0f5d2fb29fb7d3cfee444a200298f468908cc942,0x7464cadefa4b3e6ac8c998a4f0a27989bb0391cdd63756d0b67ffecf3d9f1dd5,0.0
1856,0xa30d8157911ef23c46c0eb71889efe6a648a41f7,1513010904,0x86fa049857e0209aa7d9e616f7eb3b3b78ecfdb0,0x07c5a15bca55d488ea01905896f93b3c31da3eebd3fa6035b91b487bb3743cb9,0.0
1857,0xa30d8157911ef23c46c0eb71889efe6a648a41f7,1513010952,0x86fa049857e0209aa7d9e616f7eb3b3b78ecfdb0,0x048a9f8a91ba617ae3310bb003347c2e60deea368f2efa40ff2d71023235d043,0.0
1858,0xa30d8157911ef23c46c0eb71889efe6a648a41f7,1513011015,0x0f5d2fb29fb7d3cfee444a200298f468908cc942,0x8c4b1d190554802b56d7abdcc1e62ab1c37a4c10a3cbbffd62999df8abe5fc47,0.0
1859,0xa30d8157911ef23c46c0eb71889efe6a648a41f7,1513011332,0xf648a34156e0d61fa3d0e6c31424910fdc876d12,0xa8eb0922b08ee5174e75f57ff4a45c65700a24acc039f8159d8db823faf55b6e,1.0
1860,0xa30d8157911ef23c46c0eb71889efe6a648a41f7,1513011579,0x86fa049857e0209aa7d9e616f7eb3b3b78ecfdb0,0x84c04b846a2245557a637c96a714282067b1c570e9388224bc9a970cd36bc20a,0.0
1861,0xa30d8157911ef23c46c0eb71889efe6a648a41f7,1513012392,0x42af735f83c0655d0d3a70c4adcf4b9c064c1746,0x4a173055b38fdb7ed46b0ecc3b338c342147d66a688f63ea696ed2cc23e52c3e,10.0
1862,0xa30d8157911ef23c46c0eb71889efe6a648a41f7,1513012559,0xaf30d2a7e90d7dc361c8c4585e9bb7d2f6f15bc7,0xc34cb9e3f381e279c938d53ca674f2b04e8e9245cc15cf831dc1dd82c1b00319,0.0
1863,0xa30d8157911ef23c46c0eb71889efe6a648a41f7,1513013243,0x86fa049857e0209aa7d9e616f7eb3b3b78ecfdb0,0x3e84643e29eb812d53d8a8957e675871fff5554092c252fc0188d9505232e559,0.0
1864,0xa30d8157911ef23c46c0eb71889efe6a648a41f7,1513013427,0x86fa049857e0209aa7d9e616f7eb3b3b78ecfdb0,0xf5e89d9cb4f3b23c9e585909def54d2c5a4f31c9606413bd5a6f0479e2cd9027,0.0
1865,0xa30d8157911ef23c46c0eb71889efe6a648a41f7,1513013511,0x86fa049857e0209aa7d9e616f7eb3b3b78ecfdb0,0x0d465cc6863c92dd14c9422a6ec1decad46b57bfcdbac4edeb4f777865590335,0.0
1866,0xa30d8157911ef23c46c0eb71889efe6a648a41f7,1513013827,0x86fa049857e0209aa7d9e616f7eb3b3b78ecfdb0,0xf6628af904877cd4b3617dab974351f29d0198a3181f13e1ed25ea1c03e7ee68,0.0
1867,0xa30d8157911ef23c46c0eb71889efe6a648a41f7,1513013986,0x86fa049857e0209aa7d9e616f7eb3b3b78ecfdb0,0xbb69e08967be5cbb8b55e71eb43d78edc8acbfdd83415ab5bd61cd5e97d2e16f,0.0
1868,0xa30d8157911ef23c46c0eb71889efe6a648a41f7,1513014664,0x86fa049857e0209aa7d9e616f7eb3b3b78ecfdb0,0x007347240d6005eaeb3ede6d7fe4921220f39aec89ab4cfa8ca6cdeb2d448278,0.0
1869,0xa30d8157911ef23c46c0eb71889efe6a648a41f7,1513014669,0x86fa049857e0209aa7d9e616f7eb3b3b78ecfdb0,0x41f6403e0325df94d681bd06db006156fadd3e134ccad0434ba5545451b3e3f1,0.0
1870,0xa30d8157911ef23c46c0eb71889efe6a648a41f7,1513015125,0xb97048628db6b661d4c2aa833e95dbe1a905b280,0x0cae77eed7fbcd144a2f90e965c9b5098636fe970eccac3b20795d19a49996b1,0.0
1871,0xa30d8157911ef23c46c0eb71889efe6a648a41f7,1513016476,0xaf30d2a7e90d7dc361c8c4585e9bb7d2f6f15bc7,0x982350888a09e754fff9a0b6d8c8aab73f30683852b0d94967e770a07bb19c3b,0.0
1872,0xa30d8157911ef23c46c0eb71889efe6a648a41f7,1513017518,0x86fa049857e0209aa7d9e616f7eb3b3b78ecfdb0,0x8e2a181fa55b53323a15487f3aa974387e69a72ee717baf38fec94223aac1021,0.0
1873,0xa30d8157911ef23c46c0eb71889efe6a648a41f7,1513017647,0xcd5fcb767b1da23a65eb553bd7034c32cca27b95,0x838d1e756c6afc2dcbb8b5e902fff4abd267d4253ac4d1ace052a743884747d0,5.0
1874,0xa30d8157911ef23c46c0eb71889efe6a648a41f7,1513017861,0x86fa049857e0209aa7d9e616f7eb3b3b78ecfdb0,0xe315b967ad6724ca68e88c77adadb06263556a950090f8adb62d28560a3ff0f2,0.0
1875,0xa30d8157911ef23c46c0eb71889efe6a648a41f7,1513023225,0x86fa049857e0209aa7d9e616f7eb3b3b78ecfdb0,0x5b798d412456f33a1d207bccbcd14cebe9e2832b5e98822938ff9f77b45ab473,0.0
1876,0xa30d8157911ef23c46c0eb71889efe6a648a41f7,1513027992,0xaf30d2a7e90d7dc361c8c4585e9bb7d2f6f15bc7,0x57c881749cf8cf8f3fdb0696d5732638cafc31f8405ee4df220c6fc05df9def5,0.0
1877,0xa30d8157911ef23c46c0eb71889efe6a648a41f7,1513033016,0x86fa049857e0209aa7d9e616f7eb3b3b78ecfdb0,0x8ec0a954945b8caee1b63167fa7ebbf082bcb847cda550f90ecdd800c5e64aa7,0.0
1878,0xa30d8157911ef23c46c0eb71889efe6a648a41f7,1513034823,0x86fa049857e0209aa7d9e616f7eb3b3b78ecfdb0,0x57f266b8d8a9611512b30a9657a51a3ed8f83c336efacd3c39367a690cbd8bc3,0.0
1879,0xa30d8157911ef23c46c0eb71889efe6a648a41f7,1513034829,0x86fa049857e0209aa7d9e616f7eb3b3b78ecfdb0,0x86a229576b8ff5dd47b6ce658a5da1c7fbfe5fb38b6eec1f4319f6f527f88608,0.0
1880,0xa30d8157911ef23c46c0eb71889efe6a648a41f7,1513034965,0x86fa049857e0209aa7d9e616f7eb3b3b78ecfdb0,0xdb9a2153d3df122f86b22899026fe0fe1915fa866fc521989134010ca158de93,0.0
1881,0xa30d8157911ef23c46c0eb71889efe6a648a41f7,1513035108,0x73ff01f50ddc9a08f25cc0c3d97f4a12f03780a7,0xae35038ae745c91a838e6cbaa37b13086c114b7a9c5f0207f62775ac1b52378d,0.0479
1882,0xa30d8157911ef23c46c0eb71889efe6a648a41f7,1513035717,0xb5335120355636c7bb10f9f242f72213331fed03,0x7262dfecac0554d9842dafadb181d80283be902cabbd441667b80d9a5088a52e,39.0
1883,0xa30d8157911ef23c46c0eb71889efe6a648a41f7,1513035794,0xdd974d5c2e2928dea5f71b9825b8b646686bd200,0x66577b0874f47c7ba539202049274d5f53d957f984681bf3b79b4a4cb1485a61,0.0
1884,0xa30d8157911ef23c46c0eb71889efe6a648a41f7,1513036008,0x86fa049857e0209aa7d9e616f7eb3b3b78ecfdb0,0x41a23106006df923a3b9ec0f7afe2c44d742fff3227992cf5018c3eea2179754,0.0
1885,0xa30d8157911ef23c46c0eb71889efe6a648a41f7,1513036858,0x86fa049857e0209aa7d9e616f7eb3b3b78ecfdb0,0x89e2f7cf046f8665863bacb460887c32fd04c2dd209c10f5aa016d8e1777afce,0.0
1886,0xa30d8157911ef23c46c0eb71889efe6a648a41f7,1513036917,0x86fa049857e0209aa7d9e616f7eb3b3b78ecfdb0,0x6b84d7fa81c10d2a33c71f8cdd674d135870b626317d3fab574b754ad2e28fd2,0.0
1887,0xa30d8157911ef23c46c0eb71889efe6a648a41f7,1513036985,0x86fa049857e0209aa7d9e616f7eb3b3b78ecfdb0,0x470897afdd32d618afb909e8f2ed7c6855f3a169d542fe0d557dcfd9d12c32d4,0.0
1888,0xa30d8157911ef23c46c0eb71889efe6a648a41f7,1513037883,0x3f8f35c58a26371f00d914e52e2a083be3e5154f,0xd6b1f9b1fec521be38ff249ee42193c18927bd9ae3af55eeaa26492a5d662944,20.0
1889,0xa30d8157911ef23c46c0eb71889efe6a648a41f7,1513039106,0x86fa049857e0209aa7d9e616f7eb3b3b78ecfdb0,0x70b47ae50bfaa17f6b9b380792811a470165ddff9489e971a9415a0a707dd334,0.0
1890,0xa30d8157911ef23c46c0eb71889efe6a648a41f7,1513039586,0x0f5d2fb29fb7d3cfee444a200298f468908cc942,0x7d9dff22a4ab98016181bdec187874c2f8daa5baaed0c6497b2b6442ba685ddf,0.0
1891,0xa30d8157911ef23c46c0eb71889efe6a648a41f7,1513039700,0x0f5d2fb29fb7d3cfee444a200298f468908cc942,0xab6c24b4ec3483d0053db61986011637cbb4f000d209ec9f713bc673bc39735d,0.0
1892,0xa30d8157911ef23c46c0eb71889efe6a648a41f7,1513039723,0x2ccac0f3ea2cb783912f730699fd07e1433d43b7,0xc0863eb20375d0c39b8058a8544b3239fa61013e6f2d5dad0082c68b63695d50,60.0
1893,0xa30d8157911ef23c46c0eb71889efe6a648a41f7,1513039723,0x86fa049857e0209aa7d9e616f7eb3b3b78ecfdb0,0x0f3cfa7c924e4fd9b67bad01916dea66d4961e6f7c3fb46c9a3ed9e0b110762d,0.0
1894,0xa30d8157911ef23c46c0eb71889efe6a648a41f7,1513039797,0x0f5d2fb29fb7d3cfee444a200298f468908cc942,0xbbd72bceb6bf2dc90ba1019e7fa73d4f0b560c2655d61aa1623b6e72199f0319,0.0
1895,0xa30d8157911ef23c46c0eb71889efe6a648a41f7,1513040104,0xc6dc043dc93a7e7e6a84993cb00137b438c9f919,0x445b0a390cdf3439636b7d599c334e2d0e3cdf83d14e8dae42d2c5f770716993,32.0
1896,0xa30d8157911ef23c46c0eb71889efe6a648a41f7,1513040315,0x0f5d2fb29fb7d3cfee444a200298f468908cc942,0xc32edb929fc58d1fec2691a7b636b4cc52e121e1ef703cbff52616ac79978267,0.0
1897,0xa30d8157911ef23c46c0eb71889efe6a648a41f7,1513040488,0xb63b606ac810a52cca15e44bb630fd42d8d1d83d,0xcf4afaafd4f5b7629abb1f7bfcaabddb766a06e6d881b2f57c12c7729778c65b,0.0
1898,0xa30d8157911ef23c46c0eb71889efe6a648a41f7,1513040883,0x2059d93185e33285ad47ced1e78e91d8364fb2d5,0xdd7231353733af36cb3cfc837b05e847bfd1f3100e15beb847bdaac0279704b5,9.145
1899,0xa30d8157911ef23c46c0eb71889efe6a648a41f7,1513041166,0x86fa049857e0209aa7d9e616f7eb3b3b78ecfdb0,0xd57c046d2ad160e38ae9bafa2783c5743a7d07895f8f5bfb6bbd2b18bfdcad21,0.0
1900,0xa30d8157911ef23c46c0eb71889efe6a648a41f7,1513041183,0x86fa049857e0209aa7d9e616f7eb3b3b78ecfdb0,0xae20bd4470435062ab9bcb2dddbbc3cf482c678a190d663467be6ae5c3b30fac,0.0
1901,0xa30d8157911ef23c46c0eb71889efe6a648a41f7,1513041240,0x86fa049857e0209aa7d9e616f7eb3b3b78ecfdb0,0xc44d900fef82b1a048840c7fc257faaeabd3ac534cd969e06de58c90e7bc5791,0.0
1902,0xa30d8157911ef23c46c0eb71889efe6a648a41f7,1513041402,0xb63b606ac810a52cca15e44bb630fd42d8d1d83d,0x69c5792aa3df8fbe6df88e248221c938c06797e7299b6a2e5e88633f783c2067,0.0
1903,0xa30d8157911ef23c46c0eb71889efe6a648a41f7,1513041643,0xdf1b9ab2cf5eaac4dbdedd5c902a4a5701e90de9,0x0fc41648c6014ddabfb2bae9b2187e785c3b6ceb149cea7da05f1a82c146a89d,30.0
1904,0xa30d8157911ef23c46c0eb71889efe6a648a41f7,1513041894,0xddf9e7234df3d7ffa1e70e87dd74ce156303c1c0,0x52d7d8dfa5b50ca0651440b97c403456907c3e71e32d2d6ab9d2079d2a17ea25,1.02
1905,0xa30d8157911ef23c46c0eb71889efe6a648a41f7,1513042009,0x93a6cc412aa90f9ddbfe6e5f7461cf369964c3be,0x1089c2d6b6193808cf3b9a92a5f8d2dfb10cb5e4163bcac8db776a8689826579,14.8
1906,0xa30d8157911ef23c46c0eb71889efe6a648a41f7,1513042338,0x744d70fdbe2ba4cf95131626614a1763df805b9e,0xb9dd188c6012c76730502f2ed994951a30ea18fdf3503b9a5c0ff9e711a6a464,0.0
1907,0xa30d8157911ef23c46c0eb71889efe6a648a41f7,1513042410,0x86fa049857e0209aa7d9e616f7eb3b3b78ecfdb0,0x25557f18e743ab56311644b3c851a6e7b3fdce611079103d1ac929c1f58196a4,0.0
1908,0xa30d8157911ef23c46c0eb71889efe6a648a41f7,1513042466,0x08f5a9235b08173b7569f83645d2c7fb55e8ccd8,0xd84935358ac748555c06331dc3a1987ea6b55537faac72d455a90f6dcf3d0796,0.0
1909,0xa30d8157911ef23c46c0eb71889efe6a648a41f7,1513042524,0x514910771af9ca656af840dff83e8264ecf986ca,0xa237c29ee7831ee94c6e9bf0c379b360b17f04feccb7666ef492754a327db8e8,0.0
1910,0xa30d8157911ef23c46c0eb71889efe6a648a41f7,1513042592,0xb63b606ac810a52cca15e44bb630fd42d8d1d83d,0x80618f0c52e67a39a0706b93834ec888685243649eb62f61bc46007e86790ba2,0.0
1911,0xa30d8157911ef23c46c0eb71889efe6a648a41f7,1513042803,0xe0b7927c4af23765cb51314a0e0521a9645f0e2a,0x07bec0e0b05f59f222d8bec7be973e8d0cfc486f9986be2be3483f70d71cd89e,0.0
1912,0xa30d8157911ef23c46c0eb71889efe6a648a41f7,1513042986,0xd0ab991972475ad4a1dfa49828a95e6e98f9e073,0x4d6bac7bf0763542832b1738d62098476b51157981969fc8377b5553a429f3b4,8.95
1913,0xa30d8157911ef23c46c0eb71889efe6a648a41f7,1513043104,0x86fa049857e0209aa7d9e616f7eb3b3b78ecfdb0,0x4de1575c496f6171a620487e3a70d403503fd00e60e0f0fd8395fd1e67fb19f2,0.0
1914,0xa30d8157911ef23c46c0eb71889efe6a648a41f7,1513043323,0xf7920b0768ecb20a123fac32311d07d193381d6f,0x9a1b8b89f2fc3f1c5ba7eeae8fc8862a972247f10384ab2418989492ae4dc3ff,0.0
1915,0xa30d8157911ef23c46c0eb71889efe6a648a41f7,1513043465,0x90d7a829015ec0f6951ce5f2f7477be41b4ba5d2,0x06bfa4480b74d6eb6ab2daa3aea9c1a4b8845bf8da230bf9aef60a884314ca66,20.0
1916,0xa30d8157911ef23c46c0eb71889efe6a648a41f7,1513043649,0xaec2e87e0a235266d9c5adc9deb4b2e29b54d009,0x7625733a8150eddf698346ec3ab31d867b6d83ce379ea090c9257f9a9cbda9e5,0.0
1917,0xa30d8157911ef23c46c0eb71889efe6a648a41f7,1513044169,0x86fa049857e0209aa7d9e616f7eb3b3b78ecfdb0,0x5da6429ceb268d605a0b7e618748b999887d95afc7664729609fa661aa3a0285,0.0
1918,0xa30d8157911ef23c46c0eb71889efe6a648a41f7,1513044277,0xf7a005800f35d6cf831c6135d92ab96bde15ef12,0x59d7804e65798df053d8d8ca52ef01114e905e3e3e01cbb4a539c97febd1a9ce,5.4
1919,0xa30d8157911ef23c46c0eb71889efe6a648a41f7,1513044586,0x86fa049857e0209aa7d9e616f7eb3b3b78ecfdb0,0x08bcefd5b6d374c0ed0ff85bbe0b7566a78ceaa371d0667b8aed2197691e9aa8,0.0
1920,0xa30d8157911ef23c46c0eb71889efe6a648a41f7,1513044638,0x86fa049857e0209aa7d9e616f7eb3b3b78ecfdb0,0xbe7b1fc75e3981b1fed65e0d9da5ac7e042dc35bd6f86099d0266d855a6a5b29,0.0
1921,0xa30d8157911ef23c46c0eb71889efe6a648a41f7,1513044784,0xb63b606ac810a52cca15e44bb630fd42d8d1d83d,0xcfe4dc6a83615446fef9879c3ba3a740dc74445c58812e2dc4d897ac16aa63b2,0.0
1922,0xa30d8157911ef23c46c0eb71889efe6a648a41f7,1513045043,0x0f5d2fb29fb7d3cfee444a200298f468908cc942,0xcfb48355a13caa89e8134a1a7815622bb3439a5c2308e8e4681b46b7c79af278,0.0
1923,0xa30d8157911ef23c46c0eb71889efe6a648a41f7,1513045090,0xb63b606ac810a52cca15e44bb630fd42d8d1d83d,0x0f6d715fee2a51dc4f3b3725dbf6ab9e47c76025d4efc7f630c3d6eddda2e894,0.0
1924,0xa30d8157911ef23c46c0eb71889efe6a648a41f7,1513045179,0x86fa049857e0209aa7d9e616f7eb3b3b78ecfdb0,0x4bff29789a5412f938e7d97174a8acbc3d5ceb5452e2667f37e488babe450bac,0.0
1925,0xa30d8157911ef23c46c0eb71889efe6a648a41f7,1513045408,0x86fa049857e0209aa7d9e616f7eb3b3b78ecfdb0,0x44bbf457755c1ff176729f39ed7bf6bcd1bb621248db8af1077f9baac1f5d34b,0.0
1926,0xa30d8157911ef23c46c0eb71889efe6a648a41f7,1513045414,0xd26114cd6ee289accf82350c8d8487fedb8a0c07,0x6b585dac301c15d7d1711984a1fcd1c16d31a3c564515b0ec9d74c379b4a882d,0.0
1927,0xa30d8157911ef23c46c0eb71889efe6a648a41f7,1513045414,0xef1e607c1848d0d96d50d000319738bdd209be84,0xf6092d91685adb1594849f73a49941e579d6cb499fc120a90584dfc77e6afd84,9.08
1928,0xa30d8157911ef23c46c0eb71889efe6a648a41f7,1513045983,0xb63b606ac810a52cca15e44bb630fd42d8d1d83d,0xc0000cab0f0ed2df7fc51087237f22b75a03944f5870dcc07a62322316f84524,0.0
1929,0xa30d8157911ef23c46c0eb71889efe6a648a41f7,1513046033,0x86fa049857e0209aa7d9e616f7eb3b3b78ecfdb0,0xe61fd5f938be098b2e67af0edf4fd09b333d43e2abadce9b65c13b5bcc3a4a15,0.0
1930,0xa30d8157911ef23c46c0eb71889efe6a648a41f7,1513046064,0x86fa049857e0209aa7d9e616f7eb3b3b78ecfdb0,0xf214ef279c74f719d3b3560a966b98f5608d1f28d39468494bfe5387efbebb27,0.0
1931,0xa30d8157911ef23c46c0eb71889efe6a648a41f7,1513046100,0x4290563c2d7c255b5eec87f2d3bd10389f991d68,0x5e7adb2a8a93c36fc3fdac9b525879cdb832a5c80fa0993630bd7194ff1573e4,0.0
1932,0xa30d8157911ef23c46c0eb71889efe6a648a41f7,1513046256,0xa95dd7aa758c01fc4f21c4d5a696525bcaf8b0a9,0x4a9046953474243f27ea93beded79a7709ff2a0904aad5c958b2460c2a8b2590,0.47700000000000004
1933,0xa30d8157911ef23c46c0eb71889efe6a648a41f7,1513046414,0xb968569c26dc5da1984e3f0ad3943088b05f8194,0x54aab97fff9dd96512e1b2835d5fbdd9ed1d7f6103e037c15fe048c183d7b2c1,1.5
1934,0xa30d8157911ef23c46c0eb71889efe6a648a41f7,1513046463,0x57df0c882eda6766c84b937d84ac8d95727f6c0b,0xf36505e6a523ed789140c7b6507538613994a71f613d660a3e90a392c3f2a014,0.9
1935,0xa30d8157911ef23c46c0eb71889efe6a648a41f7,1513046470,0xf7920b0768ecb20a123fac32311d07d193381d6f,0x201a0998df03abac829d899471d16df97488737d24191ee61438177a6337f2df,0.0
1936,0xa30d8157911ef23c46c0eb71889efe6a648a41f7,1513046739,0xf5f3830bacaa415d9ed3561e0314d05d710e33dd,0x4dc850b39579e10ab4eabbb11520f34bd94640dde760149757a4d9430b454fb1,22.39
1937,0xa30d8157911ef23c46c0eb71889efe6a648a41f7,1513046830,0x3a036364b67a1b8724cf24e1664e4fdbdbc0205b,0x70d35958ec0732f250e079504c9ab57c70747b49a86aad65fd9d73e72f28364f,17.586
1938,0xa30d8157911ef23c46c0eb71889efe6a648a41f7,1513047145,0x9cb23afa06de4fe51e2164af6e7114d56ea88e50,0x9082bfe6f23a397ed7829740cd476c53df907b3165cef98d6fd02d712be5d6f4,3.0
1939,0xa30d8157911ef23c46c0eb71889efe6a648a41f7,1513047203,0x86fa049857e0209aa7d9e616f7eb3b3b78ecfdb0,0x6f2d5c8b3e81ff056759f175f99a8159147e9ebea8fce3ca82ed90398f933fbf,0.0
1940,0xa30d8157911ef23c46c0eb71889efe6a648a41f7,1513047224,0x86fa049857e0209aa7d9e616f7eb3b3b78ecfdb0,0x007332661bedfb847e12f2c41e3f32245267d0632aa1568469bb78dbb4ac0700,0.0
1941,0xa30d8157911ef23c46c0eb71889efe6a648a41f7,1513047248,0x86fa049857e0209aa7d9e616f7eb3b3b78ecfdb0,0xeb4471465c4adaa7d2dc615f854e5c4963fe43547e7cef8fcd7e3396a37e971b,0.0
1942,0xa30d8157911ef23c46c0eb71889efe6a648a41f7,1513047465,0x86fa049857e0209aa7d9e616f7eb3b3b78ecfdb0,0x104926c05ce9b2a2e5109341c88a805c72d0ce985a0add2c42afb656540597a6,0.0
1943,0xa30d8157911ef23c46c0eb71889efe6a648a41f7,1513047822,0xb63b606ac810a52cca15e44bb630fd42d8d1d83d,0x6fdaea489da6a15718b72709e7d3dedc51b4ea738f8ef20cd82e9e86cc1d4042,0.0
1944,0xa30d8157911ef23c46c0eb71889efe6a648a41f7,1513047885,0x86fa049857e0209aa7d9e616f7eb3b3b78ecfdb0,0xad900b58b712b97b6842e1e3dfe4a3f864d343085a7668e99813eececbc353a1,0.0
1945,0xa30d8157911ef23c46c0eb71889efe6a648a41f7,1513048021,0x177d39ac676ed1c67a2b268ad7f1e58826e5b0af,0x3a7e562c7a130cd972cb8e24a69c05f328c9549bf8ce211a6f0f323ab877de5a,0.0
1946,0xa30d8157911ef23c46c0eb71889efe6a648a41f7,1513048136,0x965038d75cdcb5cb92102c60d98700c99bd74951,0x188e0b018c408c022b12702919c45d39523f6541b5dffd4a141f6e1d59637ff4,0.35
1947,0xa30d8157911ef23c46c0eb71889efe6a648a41f7,1513048195,0xb5335120355636c7bb10f9f242f72213331fed03,0xaef4d2246a271535a5af0151618ce4b403f8105b97a15931f4021b2a30a3a79b,6.0
1948,0xa30d8157911ef23c46c0eb71889efe6a648a41f7,1513048222,0x6b473d3fdfcf0ea332b4cdcd6f10240a9e2074f5,0x722831090327b3d15cb5b7abba6e19e6e21964b316f5ce7907f9d803bce77560,0.58
1949,0xa30d8157911ef23c46c0eb71889efe6a648a41f7,1513048374,0x11976cfb150f4e1301b8913d7145c9dd6263b15f,0x2d47e991fd39cbaa9ccb41ed855a47f97805677fec0ef144359359a09bd56f2c,2.7
1950,0xa30d8157911ef23c46c0eb71889efe6a648a41f7,1513048560,0xb63b606ac810a52cca15e44bb630fd42d8d1d83d,0x292571e830dd2450c3d7b2077c5a5de72aad4aeb2b009687b78d5da7b74f3e52,0.0
1951,0xa30d8157911ef23c46c0eb71889efe6a648a41f7,1513048685,0xf9e36772a3fb34a0bf180d1d5309feec11cff257,0x1e772ba4fcd2641ca0b19653ffcb31dfd41e9a8e1c547ef0b86c8d55c21c583d,0.32
1952,0xa30d8157911ef23c46c0eb71889efe6a648a41f7,1513048716,0xd26114cd6ee289accf82350c8d8487fedb8a0c07,0xc723a8b19daf09161344924e95bccf423d0ae4116f8df4fa1ea05a3c17e2bcdb,0.0
1953,0xa30d8157911ef23c46c0eb71889efe6a648a41f7,1513048766,0x0f5d2fb29fb7d3cfee444a200298f468908cc942,0xba352b743221ccbfb26e02df2665ba5cc00e3a6ea2763b0a1e5c2e3498050f76,0.0
1954,0xa30d8157911ef23c46c0eb71889efe6a648a41f7,1513048916,0x86fa049857e0209aa7d9e616f7eb3b3b78ecfdb0,0xff1296284f03c9cb2b57e10504885a98c6ddb735875095e3f0f2ee0ba6aadb55,0.0
1955,0xa30d8157911ef23c46c0eb71889efe6a648a41f7,1513048994,0x75d31aed79e62602523968531f4d6fea40e415b7,0x9ea44be07a64fa611d25e869cffd7d716db554248124e829a105ebf26a32e165,4.99
1956,0xa30d8157911ef23c46c0eb71889efe6a648a41f7,1513049029,0x97756a6aa25f2cb87b4f585c64ad811eb55d2594,0xe88b18452f72cf5f375be5092e271d45fec0dbd1b301059f1605cda87b416180,7.35
1957,0xa30d8157911ef23c46c0eb71889efe6a648a41f7,1513049038,0xf9e36772a3fb34a0bf180d1d5309feec11cff257,0xcbf359e76b60059562f732196018f21ed04c06aceddaf63b52a0ad7f067f1e0b,2.88
1958,0xa30d8157911ef23c46c0eb71889efe6a648a41f7,1513049084,0x86fa049857e0209aa7d9e616f7eb3b3b78ecfdb0,0xd9eeb33eeab4a59498eb605ea17ddd9f24661ca764b97e8005888809e9d237ab,0.0
1959,0xa30d8157911ef23c46c0eb71889efe6a648a41f7,1513049404,0xb63b606ac810a52cca15e44bb630fd42d8d1d83d,0x21fff99822dd1618689fc0d8370ab2d9df7b0af48759e178d1025e22d27bb1a4,0.0
1960,0xa30d8157911ef23c46c0eb71889efe6a648a41f7,1513049623,0x8a9c096fa4619cff5e993ad3385b98a89a9df446,0xc67dcc945c0ff128ede8399db8f84a9dab5b23eeb618560bfe398982c443cbdb,20.0
1961,0xa30d8157911ef23c46c0eb71889efe6a648a41f7,1513049790,0x86fa049857e0209aa7d9e616f7eb3b3b78ecfdb0,0xbd5e7f2fb11f214b4b47d4353c1811be7292546ed9a5ad64fc3778535895812c,0.0
1962,0xa30d8157911ef23c46c0eb71889efe6a648a41f7,1513049903,0xb63b606ac810a52cca15e44bb630fd42d8d1d83d,0x86e01d3e221f8e3d05308c7d860be12c4d54b7be5d9e8a5351ff1a6431602bd3,0.0
1963,0xa30d8157911ef23c46c0eb71889efe6a648a41f7,1513049940,0x86fa049857e0209aa7d9e616f7eb3b3b78ecfdb0,0xbb1f8cc1866829f632aed0c394c07e71f2ad41a06662fe02bd0000930e2b4257,0.0
1964,0xa30d8157911ef23c46c0eb71889efe6a648a41f7,1513049991,0x86fa049857e0209aa7d9e616f7eb3b3b78ecfdb0,0xd85d9962e0a92156c32b9bcd56a622bf81bff72bb7860495ff8d707de8f03ac2,0.0
1965,0xa30d8157911ef23c46c0eb71889efe6a648a41f7,1513050043,0xbc13371ee223c9bb061d18099cb76579e6c45c96,0x63d650ba14935c9f8bb4eba67eb01ef5f10878618ea4d8c938cfcf282fe1db7c,3.03
1966,0xa30d8157911ef23c46c0eb71889efe6a648a41f7,1513050157,0xb63b606ac810a52cca15e44bb630fd42d8d1d83d,0x1bc14833788cc4af9d11b9b6d9a7544ed91a20b161dec6f44c186c42612a63df,0.0
1967,0xa30d8157911ef23c46c0eb71889efe6a648a41f7,1513050364,0xb5645f956df431e5b86e8dca4eb2b2ee4bbbe585,0x19258efea9cdaf7aa5ebdbf2261ec75a7cf1fce64a94f120ed2d30550e2db931,1.0
1968,0xa30d8157911ef23c46c0eb71889efe6a648a41f7,1513050401,0x86fa049857e0209aa7d9e616f7eb3b3b78ecfdb0,0xadfd6994be22bced6c03666294b77016c072a2d56d1b30b96a4fa452050a4a62,0.0
1969,0xa30d8157911ef23c46c0eb71889efe6a648a41f7,1513050404,0x90d7c70e14b088821ab953ba36832710911541ea,0xbdd1f6ee6493613583c8c40a61bbfd0147395b244078942f6ee54c63600dd899,6.1261
1970,0xa30d8157911ef23c46c0eb71889efe6a648a41f7,1513050513,0x137365f1a4e20b1541927623b7d430f5709cf957,0x0450b5b6edcd87da42ace2a952f4beb23e0010dd97450aaf1c40a4b3733872b8,20.0
1971,0xa30d8157911ef23c46c0eb71889efe6a648a41f7,1513050544,0x86fa049857e0209aa7d9e616f7eb3b3b78ecfdb0,0xb863e8c6defc852435d79c661573ca023954f08cd9eabb65d73c368433426553,0.0
1972,0xa30d8157911ef23c46c0eb71889efe6a648a41f7,1513050592,0xb5645f956df431e5b86e8dca4eb2b2ee4bbbe585,0x14659a1e06f4ad04a40feed44b415770ae5449f4403d8305a4ef01d026fec651,2.0
1973,0xa30d8157911ef23c46c0eb71889efe6a648a41f7,1513050741,0x97749bb29e37135a06f6495fe422d19c0ad790ff,0x5b197c55f39f247c087052833556790730bc1553be1d7be8f38209584b99efb3,10.5275
1974,0xa30d8157911ef23c46c0eb71889efe6a648a41f7,1513050947,0xd26114cd6ee289accf82350c8d8487fedb8a0c07,0xf74dbdd9bd6c67c663b9d81fdbd783d0e5dbc447e614616b12a2881f11c3e103,0.0
1975,0xa30d8157911ef23c46c0eb71889efe6a648a41f7,1513051701,0xd26114cd6ee289accf82350c8d8487fedb8a0c07,0xde395cb3440ec66d56b192aae2cf0b081589e09088e06b11c1ee47bc3e183065,0.0
1976,0xa30d8157911ef23c46c0eb71889efe6a648a41f7,1513051811,0xe0b7927c4af23765cb51314a0e0521a9645f0e2a,0x704fda9257b97b7aeb08366c92f78c99285de5139edddb7fe466a0d945cd4a49,0.0
1977,0xa30d8157911ef23c46c0eb71889efe6a648a41f7,1513052100,0x86fa049857e0209aa7d9e616f7eb3b3b78ecfdb0,0x87443d02037369a2e13b42acf216276871cb83c38f86ceaaea9494813342818a,0.0
1978,0xa30d8157911ef23c46c0eb71889efe6a648a41f7,1513052203,0x74bd0bbed35a81226e3f0474f8eadc415a1f581b,0xec524127d25a769cad851c6968b7ab1ea2e088837e28c0fc90e3acba4843ad03,4.6
1979,0xa30d8157911ef23c46c0eb71889efe6a648a41f7,1513052458,0xb63b606ac810a52cca15e44bb630fd42d8d1d83d,0xfe7fe45867fddbab3094e911f3f275ae2d618e3a34dca6744849b30e9e70d295,0.0
1980,0xa30d8157911ef23c46c0eb71889efe6a648a41f7,1513052509,0xb63b606ac810a52cca15e44bb630fd42d8d1d83d,0x939345f8b04e17ef23ffd6e9fc6345ea8d5c085281550306ad69ba9006531f40,0.0
1981,0xa30d8157911ef23c46c0eb71889efe6a648a41f7,1513052557,0xd850942ef8811f2a866692a623011bde52a462c1,0x038132c47831ca878633a1eba8b35df060531c57ff4c6bdb3758b7f8a241b5f1,0.0
1982,0xa30d8157911ef23c46c0eb71889efe6a648a41f7,1513052700,0xb63b606ac810a52cca15e44bb630fd42d8d1d83d,0x87d9fc77cdfcefc2e3223a4eaa7534003ce152ad59e6773545b79554e3e7e71b,0.0
1983,0xa30d8157911ef23c46c0eb71889efe6a648a41f7,1513052875,0x86fa049857e0209aa7d9e616f7eb3b3b78ecfdb0,0x55307d0b6168a844cc53ed6a15b5b94caec2b082ff92cde256e53b04e747fab6,0.0
1984,0xa30d8157911ef23c46c0eb71889efe6a648a41f7,1513053135,0x86fa049857e0209aa7d9e616f7eb3b3b78ecfdb0,0x42f073d25487595585e3d122f6005524fd89fc9cf274d068cf9377560b01eb02,0.0
1985,0xa30d8157911ef23c46c0eb71889efe6a648a41f7,1513053159,0x86fa049857e0209aa7d9e616f7eb3b3b78ecfdb0,0xb7978f6148bae188451584f30a7605b438144cddf2a680d807b7300327b59bee,0.0
1986,0xa30d8157911ef23c46c0eb71889efe6a648a41f7,1513053597,0xe185755580ad1c5b3e8362add72cc16c839cc64c,0xdae505be630061068ade09c6d9f4222f3fa7b0e7a291de95d56d770906124946,1.0
1987,0xa30d8157911ef23c46c0eb71889efe6a648a41f7,1513053654,0x86fa049857e0209aa7d9e616f7eb3b3b78ecfdb0,0x908bb4a4e4c05944bbef519641e46ef4552310041dc2e0635ee079cee78c3681,0.0
1988,0xa30d8157911ef23c46c0eb71889efe6a648a41f7,1513053744,0x86fa049857e0209aa7d9e616f7eb3b3b78ecfdb0,0x7f8d5bb1ce5b0db6476adc599f372c19485ae46337413241cb204963e5bc0920,0.0
1989,0xa30d8157911ef23c46c0eb71889efe6a648a41f7,1513054018,0xe0b7927c4af23765cb51314a0e0521a9645f0e2a,0x2dbdabf3634a8bce20ad5dc9a1f1db1df6aa129fdcb92aef6baaaf6067971a04,0.0
1990,0xa30d8157911ef23c46c0eb71889efe6a648a41f7,1513054064,0x0fb0c15c956365d0b5df5c069be92e937bb1df19,0x634294cd0588de86aba11e3d3cb498a429b378a9ec3afdaa40fd258dc15242c2,3.0
1991,0xa30d8157911ef23c46c0eb71889efe6a648a41f7,1513054663,0x86fa049857e0209aa7d9e616f7eb3b3b78ecfdb0,0xf43d4f787c6a277ab69b6fff993e28bf5e682b20762b777dd6fbbdbda54131db,0.0
1992,0xa30d8157911ef23c46c0eb71889efe6a648a41f7,1513055403,0x86fa049857e0209aa7d9e616f7eb3b3b78ecfdb0,0x262748a8089f5c9f648eae75b65c76b642c96444552d4380d45b3f6ccb9cd8bc,0.0
1993,0xa30d8157911ef23c46c0eb71889efe6a648a41f7,1513055453,0x74099383672a08a3cc089a2174eaf2b4d940161e,0x4117ac06266378d81b37439bbcc92273ebbe278774a4cf96d345c17453f68d3e,2.6
1994,0xa30d8157911ef23c46c0eb71889efe6a648a41f7,1513055577,0x86fa049857e0209aa7d9e616f7eb3b3b78ecfdb0,0x6487ac0fa508625140ca443628c2fab3a851383c3f784af0f481fd7ed1c8d3b5,0.0
1995,0xa30d8157911ef23c46c0eb71889efe6a648a41f7,1513056059,0x86fa049857e0209aa7d9e616f7eb3b3b78ecfdb0,0x096555943e74823390ea2e3ee7c478bd39319c16262bb6f688c117c186c604f4,0.0
1996,0xa30d8157911ef23c46c0eb71889efe6a648a41f7,1513056298,0x86fa049857e0209aa7d9e616f7eb3b3b78ecfdb0,0x7b8514d79750d6a2e6055ef97a70db16b291cbacd647b0536fb3254b48c7d395,0.0
1997,0xa30d8157911ef23c46c0eb71889efe6a648a41f7,1513056427,0x17bc58b788808dab201a9a90817ff3c168bf3d61,0xd8632957b1e7c913e0930fd7c6444f20d38983c8af89c8b5d4509f19af713113,1.0
1998,0xa30d8157911ef23c46c0eb71889efe6a648a41f7,1513056529,0x86fa049857e0209aa7d9e616f7eb3b3b78ecfdb0,0xfbc1a722b7a82110972e03f34cf2e78f7ce95c12923cd0a86e4afa8e77edb74e,0.0
1999,0xa30d8157911ef23c46c0eb71889efe6a648a41f7,1513056895,0xb63b606ac810a52cca15e44bb630fd42d8d1d83d,0x2c3487e10fceb27f7e173c07c05b1949793abe533e607b562c3586c1c2b73e85,0.0
2000,0xa30d8157911ef23c46c0eb71889efe6a648a41f7,1513056924,0xb63b606ac810a52cca15e44bb630fd42d8d1d83d,0x2e5ab846ef262f7e160b09e262fb7f93d0ef279dafd62a3b89a776ab7f160339,0.0
2001,0xa30d8157911ef23c46c0eb71889efe6a648a41f7,1513056961,0x5ca9a71b1d01849c0a95490cc00559717fcf0d1d,0x63a8ca16ffceab8e0dfd9ce08940924ba9cf1c5148b4834b7239b891df46f40a,0.0
2002,0xa30d8157911ef23c46c0eb71889efe6a648a41f7,1513057021,0xd850942ef8811f2a866692a623011bde52a462c1,0xc49b21c30afe38133b4f695d798ff67cb481cd15d90c0a15a304d524e331c054,0.0
2003,0xa30d8157911ef23c46c0eb71889efe6a648a41f7,1513057063,0xb63b606ac810a52cca15e44bb630fd42d8d1d83d,0x31d1675b4dcb394eaa3445f1d224a8f0014287aeaba12b494f960df2d6b16674,0.0
2004,0xa30d8157911ef23c46c0eb71889efe6a648a41f7,1513057192,0xd850942ef8811f2a866692a623011bde52a462c1,0xf6de594318f714f739744512f44494524d761211893a3d9d8873ab317937f909,0.0
2005,0xa30d8157911ef23c46c0eb71889efe6a648a41f7,1513057216,0x86fa049857e0209aa7d9e616f7eb3b3b78ecfdb0,0x2e9c68c9342762ae3f37b740ab15d278f5f321f8d1c65e1cbb335e2b566a5276,0.0
2006,0xa30d8157911ef23c46c0eb71889efe6a648a41f7,1513057460,0xd26114cd6ee289accf82350c8d8487fedb8a0c07,0xf15016df6a71fdba40f8099c1c4fd5c1b3b0b48666c2b07cf7e420aa9e53dd04,0.0
2007,0x17bc58b788808dab201a9a90817ff3c168bf3d61,1513057536,0xa30d8157911ef23c46c0eb71889efe6a648a41f7,0x5126c0158257ed88fac550e7079070c2339e1c9a43c808f328ac37b726ed9664,0.0
2008,0xa30d8157911ef23c46c0eb71889efe6a648a41f7,1513057733,0x1e8b54dddb2d952c740ae8a3ddfa2e0cdb171662,0x6e93dc4adfb58c867a4a6ad914be0c309f84b0702b227e0a38312ee555849c76,60.0
2009,0xa30d8157911ef23c46c0eb71889efe6a648a41f7,1513057782,0xef248903f5fd0b6d2adfe0a5507b8183e6c2e7c1,0x6b6fe695030945c405121a0a61375f1aafb281f87a94e431be3ea7ee0a453d3d,121.0
2010,0xa30d8157911ef23c46c0eb71889efe6a648a41f7,1513057952,0xd26114cd6ee289accf82350c8d8487fedb8a0c07,0x680fadbd200528143bb2e71312573a735cdd4020418c8cfd91ef06be810d2962,0.0
2011,0xa30d8157911ef23c46c0eb71889efe6a648a41f7,1513058698,0xdee530f816c0ce5b7a90ad485e8cfe24cd717973,0xc7d3738f5e065a88886c575d5c224b5eaffa3bfdcad58a9c0d97c051ff5ae1bc,1.17
2012,0xa30d8157911ef23c46c0eb71889efe6a648a41f7,1513059192,0x744d70fdbe2ba4cf95131626614a1763df805b9e,0x922cd3b4bd3ae7be8109b6a3677b770623ad6e25a73186f4429bee7027e0b0a8,0.0
2013,0xa30d8157911ef23c46c0eb71889efe6a648a41f7,1513059391,0xb63b606ac810a52cca15e44bb630fd42d8d1d83d,0x2dfe90f9e43bfdc2111ea33d7fef7057533f8d198b6db05fc069def8c3034a0d,0.0
2014,0xa30d8157911ef23c46c0eb71889efe6a648a41f7,1513059412,0x8effd494eb698cc399af6231fccd39e08fd20b15,0x250a761d8b7250b2ceee4fb2fa365dbbcfdddf77f7ea6702458ca13dee973a69,0.0
2015,0xa30d8157911ef23c46c0eb71889efe6a648a41f7,1513059438,0xf7920b0768ecb20a123fac32311d07d193381d6f,0xfcda1b77e14ce3fd536fa725d47c8b8db4b08e28f6a647d665ccaa9a04456304,0.0
2016,0xa30d8157911ef23c46c0eb71889efe6a648a41f7,1513059579,0x929dbeced5ecbdcf55a1bae440cc873d12f1c0e9,0x3ff0fe487dea17e54936b3280f54da8fcbf1eec32934877ee47dd4ebed99d306,0.22
2017,0x17bc58b788808dab201a9a90817ff3c168bf3d61,1513060173,0xa30d8157911ef23c46c0eb71889efe6a648a41f7,0x1158b13111017c86292a99e717b6ed056f378fb7752bb010cd466641463c3c62,7315.558051019194
2018,0xa30d8157911ef23c46c0eb71889efe6a648a41f7,1513060184,0x86fa049857e0209aa7d9e616f7eb3b3b78ecfdb0,0x2ac5d50f20bc6e50ca456082aa246982cba0046a3135b30f273e16601fb2b2db,0.0
2019,0xa30d8157911ef23c46c0eb71889efe6a648a41f7,1513060822,0xb63b606ac810a52cca15e44bb630fd42d8d1d83d,0x93ae717b9ae665b18b2bf8b3213862c0f377f4c9604972354e334d8d87d356d3,0.0
2020,0xa30d8157911ef23c46c0eb71889efe6a648a41f7,1513061249,0xc8dbc2850a9936aac9a0894c60137f743d17ed9c,0xd5ca18004c63a6fcfb00263952423077464a13b47be8aea39fcd0aa96c3f85fe,20.0
2021,0x17bc58b788808dab201a9a90817ff3c168bf3d61,1513061481,0xa30d8157911ef23c46c0eb71889efe6a648a41f7,0x6a02a388309e2ca530e48a01a1be4048295f5460a6ddeb0b20cbb42c6ba05660,106.09144226094801
2022,0xa30d8157911ef23c46c0eb71889efe6a648a41f7,1513061887,0x86fa049857e0209aa7d9e616f7eb3b3b78ecfdb0,0xd8cb93f1f19995eaa3d276f1643cf44578c88dc7a761dd81a9d49d1e197277cf,0.0
2023,0xa30d8157911ef23c46c0eb71889efe6a648a41f7,1513061967,0x8985debe64e59f7adb549234e3b0e60f58765ebc,0xde1b3b03cb0348e268522a31a07a3d8a653ce7c6bc111739ad957511bfc805b0,4.3
2024,0xa30d8157911ef23c46c0eb71889efe6a648a41f7,1513062121,0x86fa049857e0209aa7d9e616f7eb3b3b78ecfdb0,0x88c3b48a39dd3eaa7ee1fdd3a8be28276f089585a920632d61236ef18a847ae0,0.0
2025,0xa30d8157911ef23c46c0eb71889efe6a648a41f7,1513062218,0xb63b606ac810a52cca15e44bb630fd42d8d1d83d,0x39d70dc86a4c3c1d52b02a469afda6103b74b323cd9c83967ad99611c821ff6b,0.0
2026,0xa30d8157911ef23c46c0eb71889efe6a648a41f7,1513062241,0x86fa049857e0209aa7d9e616f7eb3b3b78ecfdb0,0xd988361b3ed8b1455e05a3c4ddec1b117768a780daf0e14ef9db0b2a6fc2d99a,0.0
2027,0xa30d8157911ef23c46c0eb71889efe6a648a41f7,1513062459,0x150a9b3600f03faa9e5c21ad73d20cfb796aaf12,0x0969befe389472c2f0acb8800bc3cf30898b59f3ee313f3e376bcf52009fab06,0.2413
2028,0xa30d8157911ef23c46c0eb71889efe6a648a41f7,1513062759,0xb63b606ac810a52cca15e44bb630fd42d8d1d83d,0x021dc5fc9e0db9dda72d0ce4a14901b35d8fd14ed02ead22c7d0d8e640295c85,0.0
2029,0xa30d8157911ef23c46c0eb71889efe6a648a41f7,1513062888,0xb63b606ac810a52cca15e44bb630fd42d8d1d83d,0xdedcc50fa30f09c42ffca79baf485df6848598c63301a0c402f6fd472f15c90e,0.0
2030,0xa30d8157911ef23c46c0eb71889efe6a648a41f7,1513062982,0xca240e52ff252374a458d49b21c00276aae7bb7e,0x053ba9ef4f73f7fe407f1c1afcf549cf7ea431a8a74abdc71e8dcaf00fab71a7,9.19
2031,0xa30d8157911ef23c46c0eb71889efe6a648a41f7,1513063194,0xe6caa35f02d38c418401aab77b9de4a0e29bc44a,0x7b6bc6fcd72bb2e120f68ea850f072153c044f9fa1db104473735b7dfdd460e5,19.0
2032,0xa30d8157911ef23c46c0eb71889efe6a648a41f7,1513063544,0x316bdd0b4c17919e35fab0aa6eceddafb867e87e,0xf095ad8451feb8ffc5c61a1c3c7c88a8ab8a94b64f2939068ed657d3f6c9f8f8,5.0
2033,0xa30d8157911ef23c46c0eb71889efe6a648a41f7,1513064027,0xd26114cd6ee289accf82350c8d8487fedb8a0c07,0x6bf50205b742932b708a5610654f50bedd5b694d9b89b41e4d43ddc931058974,0.0
2034,0x17bc58b788808dab201a9a90817ff3c168bf3d61,1513064451,0xa30d8157911ef23c46c0eb71889efe6a648a41f7,0x7f3830699006516bb1376d09cdc9ca3708da383bc3ff4f34e69968da2eae64b2,49.9633327784
2035,0xa30d8157911ef23c46c0eb71889efe6a648a41f7,1513064993,0x5ca9a71b1d01849c0a95490cc00559717fcf0d1d,0x390fa0a64aef1c9b1ae70add3e0b22600232d7bd14b1c28b6bcd46eb06527d78,0.0
2036,0xa30d8157911ef23c46c0eb71889efe6a648a41f7,1513065517,0x86fa049857e0209aa7d9e616f7eb3b3b78ecfdb0,0xfc633b60723f19f0a109a8b0c3f711c469b994ededd0e3e4cb4f1d43fdb1ea3a,0.0
2037,0xa30d8157911ef23c46c0eb71889efe6a648a41f7,1513065581,0x86fa049857e0209aa7d9e616f7eb3b3b78ecfdb0,0x545e682a08a752b651a48792e6caba197e713fc5528e2bbe4c2681044e3c04c7,0.0
2038,0xa30d8157911ef23c46c0eb71889efe6a648a41f7,1513066092,0x86fa049857e0209aa7d9e616f7eb3b3b78ecfdb0,0x971028e5f359dad45ed1aa1d89040a9fa9e8eceed319648a864ebb40c2aa7ec0,0.0
2039,0xa30d8157911ef23c46c0eb71889efe6a648a41f7,1513066121,0x4290563c2d7c255b5eec87f2d3bd10389f991d68,0x589450a1f6056666ddf37b2ee58d4654f445ea1be5551c44bfeed829237e5923,0.0
2040,0xa30d8157911ef23c46c0eb71889efe6a648a41f7,1513066161,0x86fa049857e0209aa7d9e616f7eb3b3b78ecfdb0,0xb88f75b596691d79d9cee0f1a8e7f857030bcdbb29954aa67d5d8388c525d69a,0.0
2041,0xa30d8157911ef23c46c0eb71889efe6a648a41f7,1513066190,0x86fa049857e0209aa7d9e616f7eb3b3b78ecfdb0,0x7f60ffccdb66622240e65486821a2c24ce530fefbe7ab576c92d333380b25f39,0.0
2042,0xa30d8157911ef23c46c0eb71889efe6a648a41f7,1513066710,0x0f5d2fb29fb7d3cfee444a200298f468908cc942,0x8d77d79506d6ce67a8ae8a9b535d6bfe4220cfcc9df9b66850eec5e390f7f2c2,0.0
2043,0x17bc58b788808dab201a9a90817ff3c168bf3d61,1513066765,0xa30d8157911ef23c46c0eb71889efe6a648a41f7,0x5faabbe9185b1f22d01c055c93af31bcf6074046ed8686d1a05dbbc4e51acc88,215.5155328216301
2044,0xa30d8157911ef23c46c0eb71889efe6a648a41f7,1513067727,0x86fa049857e0209aa7d9e616f7eb3b3b78ecfdb0,0x61019ea400798183ccbd369dd287d6356c0f8c55b5a9b105b6e7e51184791602,0.0
2045,0xa30d8157911ef23c46c0eb71889efe6a648a41f7,1513067764,0x86fa049857e0209aa7d9e616f7eb3b3b78ecfdb0,0x586648986626b4795b191d2c7477f6e8e4d1526b7364870c13acb76d7546851d,0.0
2046,0xa30d8157911ef23c46c0eb71889efe6a648a41f7,1513068279,0x0f5d2fb29fb7d3cfee444a200298f468908cc942,0xdd24bb2a3b562ea23cc65ebb36ed1cec09a74eff3ef27744aec985c58d5a3c88,0.0
2047,0xa30d8157911ef23c46c0eb71889efe6a648a41f7,1513068299,0xb63b606ac810a52cca15e44bb630fd42d8d1d83d,0xa72bcd623a84850da1c04ceefbe13b3ef00919e9852c167f9806348bfe89c4bc,0.0
2048,0xa30d8157911ef23c46c0eb71889efe6a648a41f7,1513068369,0xf7920b0768ecb20a123fac32311d07d193381d6f,0xe02600b3af9c3169c24f7281dc4e91f45fa86fb1fb123daf9434dea00df9c79e,0.0
2049,0xa30d8157911ef23c46c0eb71889efe6a648a41f7,1513068545,0xd26114cd6ee289accf82350c8d8487fedb8a0c07,0x89443fb353f77ce25c8cdbab6a980107e66e032208d591ec1cfb26c417db5792,0.0
2050,0xa30d8157911ef23c46c0eb71889efe6a648a41f7,1513068607,0xcb97e65f07da24d46bcdd078ebebd7c6e6e3d750,0x976d31dfefd001b7222266838a2fae9b4a0c0c881e200f4fafa1b97ca41c991a,0.0
2051,0xa30d8157911ef23c46c0eb71889efe6a648a41f7,1513069281,0x6c26692fb492751289c853a0195062ccc3733c8f,0x93aa7ab77090bd6a8a8274c5c683668c3d6875b440dae726a8d66a886bd1f6fb,2.0
2052,0xa30d8157911ef23c46c0eb71889efe6a648a41f7,1513069472,0x86fa049857e0209aa7d9e616f7eb3b3b78ecfdb0,0xc05f4c848309fe4af568b909db2bcc9155d2fe08eb680429f16f0cd7ca2e30da,0.0
2053,0xa30d8157911ef23c46c0eb71889efe6a648a41f7,1513069504,0x86fa049857e0209aa7d9e616f7eb3b3b78ecfdb0,0x9950a1fa25af065e8443d98a75e6211ddb2ec2b23b402f997ff9e95d4a6855b3,0.0
2054,0xa30d8157911ef23c46c0eb71889efe6a648a41f7,1513069674,0xecfea4b01d68d7cb2ceebc312be0cb2a4f827ad1,0x571cf13fb94acb76f2bfae454616544f672b3e73825ea436de6d5881e01a8421,1.37
2055,0xa30d8157911ef23c46c0eb71889efe6a648a41f7,1513070262,0x1e2b51a5c4cd2d3d2ae81a0f84ce193680534a7d,0xa379906832acd7950a904d68becd495c7a49bedfcb7602cae9e804ca3e62b706,2.99
2056,0xa30d8157911ef23c46c0eb71889efe6a648a41f7,1513070311,0x86fa049857e0209aa7d9e616f7eb3b3b78ecfdb0,0x1b4cb73babafde80e0a89de2ce7da508d190edf0798ffbcea6a10682c6dcaa6a,0.0
2057,0xa30d8157911ef23c46c0eb71889efe6a648a41f7,1513070542,0x4ccb4cd5e788a2fee58adeabdb4a040a858a7daa,0xabd5a1a2c2e0b2d73aa51d78b34eb41399683627709da523600adc10bb127014,5.5
2058,0xa30d8157911ef23c46c0eb71889efe6a648a41f7,1513070582,0x86fa049857e0209aa7d9e616f7eb3b3b78ecfdb0,0x9f3b02afac2eb5d04e5c7097efe5ab551ce4f8d41112a4cb17d062df8ef616a9,0.0
2059,0xa30d8157911ef23c46c0eb71889efe6a648a41f7,1513070709,0x3cf97aafecbc27fc1f303c9ef5d5007ebb043302,0xe482f5ffe2ccd1d383481c727e1ab5fac3b5239323bd15876fb7eb158a8f9774,0.1825
2060,0xa30d8157911ef23c46c0eb71889efe6a648a41f7,1513070952,0x0f5d2fb29fb7d3cfee444a200298f468908cc942,0x6e014b2538ba825aa1bf52408ec3474ade55aed596c18ffa672604cf89358c0b,0.0
2061,0xa30d8157911ef23c46c0eb71889efe6a648a41f7,1513071153,0xaf30d2a7e90d7dc361c8c4585e9bb7d2f6f15bc7,0x84f64619ac4d0aa8ce63bddab7f4dd9a0cbe6211fdc9ccd16aad5cae8bdfd23b,0.0
2062,0xa30d8157911ef23c46c0eb71889efe6a648a41f7,1513071192,0xe41d2489571d322189246dafa5ebde1f4699f498,0x802a53e9a4ae7eefcd2b8753727f0c51dc6280c0b5f50eddcb4fc8959e705cd4,0.0
2063,0xa30d8157911ef23c46c0eb71889efe6a648a41f7,1513071360,0x86fa049857e0209aa7d9e616f7eb3b3b78ecfdb0,0x7b7bd19c9bafefcd3384438defcfdb5726798ba01e9d3b8a1d2255904d47c9d8,0.0
2064,0x4be2166a8dbe25e79a9b30b4ce26858e10d21e92,1513071406,0x80fb784b7ed66730e8b1dbd9820afd29931aab03,0x4247f764f6ad0425fe6f75c550a4df023159b778ac066de60789cbdcbf6b4d65,0.0
2065,0xa30d8157911ef23c46c0eb71889efe6a648a41f7,1513071496,0x86fa049857e0209aa7d9e616f7eb3b3b78ecfdb0,0x36db46a0a720781921395b7107eef5ee29f9463907c96a9e5005ce0444ee3038,0.0
2066,0xa30d8157911ef23c46c0eb71889efe6a648a41f7,1513071539,0xa74476443119a942de498590fe1f2454d7d4ac0d,0xf648e80a5ae9e295b9a6f5e7f89b163c5652147338f49973589c463dece3a32e,0.0
2067,0xa30d8157911ef23c46c0eb71889efe6a648a41f7,1513072008,0xd850942ef8811f2a866692a623011bde52a462c1,0xa9bb90fc151521b30b44668dfe98fc594e0c1561aed62ab621102f8128aceefa,0.0
2068,0xa30d8157911ef23c46c0eb71889efe6a648a41f7,1513072544,0xf8bd5c205ab9ec6b34d8dc74a68e17e93cbfb8ae,0xcb33cfe940ce2a2df43f6e3f6a6447443307fcf05a92dfc92480869ed4345319,5.0
2069,0xa30d8157911ef23c46c0eb71889efe6a648a41f7,1513072570,0x86fa049857e0209aa7d9e616f7eb3b3b78ecfdb0,0xe21f428ef034f2c7513e1345296edda87ce4d2a72ee5a8a9e847cd860a49c824,0.0
2070,0xa30d8157911ef23c46c0eb71889efe6a648a41f7,1513072603,0x4290563c2d7c255b5eec87f2d3bd10389f991d68,0x875cdcc619a5157a2e76f66aa906d2febfd0dcb59992363ad9382748c700f394,0.0
2071,0xa30d8157911ef23c46c0eb71889efe6a648a41f7,1513072603,0x0f5d2fb29fb7d3cfee444a200298f468908cc942,0x786a5b52f950e70dcf5b0104e1b7f1b73885ea27be97915f5c64c55c73b6b3ee,0.0
2072,0xa30d8157911ef23c46c0eb71889efe6a648a41f7,1513072622,0x86fa049857e0209aa7d9e616f7eb3b3b78ecfdb0,0x19c5b78d0219196858258750fc14c73c3127b1c27d364fcb27ab7c7a502f2c6b,0.0
2073,0x4be2166a8dbe25e79a9b30b4ce26858e10d21e92,1513073355,0xd7631787b4dcc87b1254cfd1e5ce48e96823dee8,0x9fb5890f0ee5c66ee7922a4726b84595ec0252835420ce69da605785dc83bbb6,0.0
2074,0xa30d8157911ef23c46c0eb71889efe6a648a41f7,1513073404,0xaf30d2a7e90d7dc361c8c4585e9bb7d2f6f15bc7,0xb012706ca51dde98fcf22651cdd62b8b7376ec725cab626827b52a79ce9997db,0.0
2075,0x4be2166a8dbe25e79a9b30b4ce26858e10d21e92,1513073448,0x8d12a197cb00d4747a1fe03395095ce2a5cc6819,0x108aee37d02a805a934496c27b560aa568c9488df17388ccea7276842153a514,0.0
2076,0xa30d8157911ef23c46c0eb71889efe6a648a41f7,1513073564,0x86fa049857e0209aa7d9e616f7eb3b3b78ecfdb0,0xfe43b21a5e2e91586d65b3946782f4b168e4e5a7cbc405a907d08645f8e950bb,0.0
2077,0xa30d8157911ef23c46c0eb71889efe6a648a41f7,1513073631,0x86fa049857e0209aa7d9e616f7eb3b3b78ecfdb0,0x6edf65ca9753a114c3ac25c85e72c394386b3925ce5f78a212e52b8bf889b361,0.0
2078,0xa30d8157911ef23c46c0eb71889efe6a648a41f7,1513073818,0x86fa049857e0209aa7d9e616f7eb3b3b78ecfdb0,0xbb99f87e1e013b3977becd72a9eb798c46790569c4b52377167fb69603cfa414,0.0
2079,0xa30d8157911ef23c46c0eb71889efe6a648a41f7,1513073823,0x86fa049857e0209aa7d9e616f7eb3b3b78ecfdb0,0x278beabd414422b67785cb8237adea6b13aa5bff8d7b1b19d7921c5500063b8c,0.0
2080,0xa30d8157911ef23c46c0eb71889efe6a648a41f7,1513073838,0x86fa049857e0209aa7d9e616f7eb3b3b78ecfdb0,0xa4b54b6330f35c349646a9748f1dc3f6fc7a3e459ae82827b2d38b99aa792d3e,0.0
2081,0xa30d8157911ef23c46c0eb71889efe6a648a41f7,1513074018,0x86fa049857e0209aa7d9e616f7eb3b3b78ecfdb0,0xfabc9b76f0168c8d0c9ccb3dd30328254bbb233702121debf9dadbe77fb1e54b,0.0
2082,0xa30d8157911ef23c46c0eb71889efe6a648a41f7,1513074133,0xd850942ef8811f2a866692a623011bde52a462c1,0xe55fc817f72e7cf45b50639a476d9d5926f28fc68bb956f789cdf5696c00bafa,0.0
2083,0xa30d8157911ef23c46c0eb71889efe6a648a41f7,1513074341,0xc168b465ee622f8664745c58940d7c8b6a2b495c,0xa331f38e0e434b2782d832c0f3e8316ea7babfe39f01b63660f819625f3b1dde,0.2402
2084,0xa30d8157911ef23c46c0eb71889efe6a648a41f7,1513074455,0x86fa049857e0209aa7d9e616f7eb3b3b78ecfdb0,0x671ef181bc4af81f9558dd29ce94e547656cf5bb45d23c07fcd7eacfd8e6a84a,0.0
2085,0xa30d8157911ef23c46c0eb71889efe6a648a41f7,1513074750,0xc0f4cdcfcef6b703411ec21813334c7652044681,0x647d55b5a92a5d551ba593421f6e28753486938a770cb34e2163ce570b1ae383,4.2207737000000005
2086,0xa30d8157911ef23c46c0eb71889efe6a648a41f7,1513075193,0x88a67bd81870a8c7f02090e7a1378d0bd24060e8,0xabc36c64e654a428e1b822de849ff9fd54520cb5c376573257bf61acdc285c68,10.0
2087,0xa30d8157911ef23c46c0eb71889efe6a648a41f7,1513075308,0x86fa049857e0209aa7d9e616f7eb3b3b78ecfdb0,0x7a6a3fb7a054145a00a0cf83dc4deaaff824d431714504f86e0af23a1b3892e2,0.0
2088,0x4be2166a8dbe25e79a9b30b4ce26858e10d21e92,1513075367,0x8d12a197cb00d4747a1fe03395095ce2a5cc6819,0x502a9795c9f2544ab878f084e3d4de57ff44bdd81c318248e3b3852dd4677c2e,0.0
2089,0xa30d8157911ef23c46c0eb71889efe6a648a41f7,1513075410,0x86fa049857e0209aa7d9e616f7eb3b3b78ecfdb0,0x74039c5f181bb721e8f1ad42f53da56b58dd067d8a79d8c7ec5ee0c28971d7fc,0.0
2090,0xa30d8157911ef23c46c0eb71889efe6a648a41f7,1513075449,0x0fb0c15c956365d0b5df5c069be92e937bb1df19,0xdac1e47139431321bbda3e6f175f8a08502c5693a95f554f2665c9537c564a1a,1.5
2091,0x4be2166a8dbe25e79a9b30b4ce26858e10d21e92,1513075600,0x8d12a197cb00d4747a1fe03395095ce2a5cc6819,0xd78e4fc9ea7c3d448bc8eaef7a6a9c65318d74b153428002a77d48b699af39ae,0.0
2092,0x8d12a197cb00d4747a1fe03395095ce2a5cc6819,1513075600,0x4be2166a8dbe25e79a9b30b4ce26858e10d21e92,0xd78e4fc9ea7c3d448bc8eaef7a6a9c65318d74b153428002a77d48b699af39ae,0.17600000000000002
2093,0xa30d8157911ef23c46c0eb71889efe6a648a41f7,1513075604,0x744d70fdbe2ba4cf95131626614a1763df805b9e,0x3bf0e4add841ed727d2c06b0400d6fb44c49b0804706abc5971178b8d4eb4133,0.0
2094,0xa30d8157911ef23c46c0eb71889efe6a648a41f7,1513075682,0x86fa049857e0209aa7d9e616f7eb3b3b78ecfdb0,0xc4be0ce3a3b63a6c07fb83a28b2adbf525208b4d3b1ee789e735594565ca9cef,0.0
2095,0xa30d8157911ef23c46c0eb71889efe6a648a41f7,1513075842,0x86fa049857e0209aa7d9e616f7eb3b3b78ecfdb0,0xeea3643ced6b59c4c61af3422b78a5a0e85f244da4bf161b4b7720d84c0882d7,0.0
2096,0xa30d8157911ef23c46c0eb71889efe6a648a41f7,1513075933,0xfb47c03ec09f80b7fad9ec2b41dcd642c70bd51c,0x7c77b7570db1f606d2c6a5aac16f686e0c615b7443915c97856a227c7c36ea5b,3.0
2097,0x4be2166a8dbe25e79a9b30b4ce26858e10d21e92,1513075995,0x0d88ed6e74bbfd96b831231638b66c05571e824f,0x7c613ae8e81238cdd753476fa62c78b3028a73a6fbe15560a147e257b950db0a,0.0
2098,0x4be2166a8dbe25e79a9b30b4ce26858e10d21e92,1513076100,0x8d12a197cb00d4747a1fe03395095ce2a5cc6819,0x3cc53250210c4cc653fe06b38d2ad98ff953ba9a5cd4e0b4b6754fa7a0644cda,0.0
2099,0xa30d8157911ef23c46c0eb71889efe6a648a41f7,1513076385,0x0f5d2fb29fb7d3cfee444a200298f468908cc942,0x477bc71b23b0bdea6cd4a87188475df16c5e22ca8701757a492737ff5a12be4e,0.0
2100,0xa30d8157911ef23c46c0eb71889efe6a648a41f7,1513076673,0x0f5d2fb29fb7d3cfee444a200298f468908cc942,0x3b67e4fff13bf7be3eb3eb3a079165bc86f7b80c0703337223880a58e39a8a00,0.0
2101,0xa30d8157911ef23c46c0eb71889efe6a648a41f7,1513076759,0x0f5d2fb29fb7d3cfee444a200298f468908cc942,0x17098605ead534bb7dd99a6841adda853c941dbdde894942bacafe9907d706e5,0.0
2102,0xa30d8157911ef23c46c0eb71889efe6a648a41f7,1513077075,0x0f5d2fb29fb7d3cfee444a200298f468908cc942,0x90752b9977c3fb25c257a8de64185613d5e63ae96a495faaaefa89f82a248029,0.0
2103,0xa30d8157911ef23c46c0eb71889efe6a648a41f7,1513077401,0x0f5d2fb29fb7d3cfee444a200298f468908cc942,0x9518de9daf5742d8c5ac7a51855646c05df755d23a3f91e09a9e34747fb58ec8,0.0
2104,0xa30d8157911ef23c46c0eb71889efe6a648a41f7,1513077401,0xbc859c3543cd1ce4dba3094f92049bae3075edbd,0x9c13cb4fb29dbefbbe4926715d2f4dbacfd8f310a3216d52f739ed335937b78d,0.758
2105,0xa30d8157911ef23c46c0eb71889efe6a648a41f7,1513077500,0x0f5d2fb29fb7d3cfee444a200298f468908cc942,0x56591e8be6c43e7e4cad2b2622ff9d62f6c750bdc4c81a837fb7f1965de9fde0,0.0
2106,0xa30d8157911ef23c46c0eb71889efe6a648a41f7,1513077760,0x86fa049857e0209aa7d9e616f7eb3b3b78ecfdb0,0xc59b6428829d33f0b04e1f9f5d86756d65b85cd7b0626ecad7914ab30f0de260,0.0
2107,0xa30d8157911ef23c46c0eb71889efe6a648a41f7,1513077874,0x0f5d2fb29fb7d3cfee444a200298f468908cc942,0xf731fb8975fa1ab97a82a60dd81ee7272cb2c5228f77ce15cfae70ad5050c19d,0.0
2108,0xa30d8157911ef23c46c0eb71889efe6a648a41f7,1513077887,0x0f5d2fb29fb7d3cfee444a200298f468908cc942,0x43008b437e7176e4a5c94b355fbcf5dbfe47c7ab3653a50c949f24b13d5bb238,0.0
2109,0xa30d8157911ef23c46c0eb71889efe6a648a41f7,1513078076,0x347a67ab5b7539e091a837cc968479fda55cbfbb,0x660db4647272785a0ae600cc5ec6615bdb43bce66e8d8a13d5ecf98700cc9e8c,3.8760000000000003
2110,0xa30d8157911ef23c46c0eb71889efe6a648a41f7,1513078108,0x0f5d2fb29fb7d3cfee444a200298f468908cc942,0xcdd0622ca517b6baa9e27cd3b1571b50a502bb9559ea43bfdc2215f976a8f088,0.0
2111,0xa30d8157911ef23c46c0eb71889efe6a648a41f7,1513078195,0x0f5d2fb29fb7d3cfee444a200298f468908cc942,0xdfd59520d06d70c5a7150c89f159903d91cfacf854323cd310e402a15083e51a,0.0
2112,0xa30d8157911ef23c46c0eb71889efe6a648a41f7,1513078283,0x86fa049857e0209aa7d9e616f7eb3b3b78ecfdb0,0x0ca1eefc0ce22ad181146ca7dac646e8d067b2e60952f845f7c4650bcfdc5c90,0.0
2113,0xa30d8157911ef23c46c0eb71889efe6a648a41f7,1513078655,0x0f5d2fb29fb7d3cfee444a200298f468908cc942,0x35beb3f937db17b6d86713da32e8045b4bd95098a77808cac60d46b89056e08a,0.0
2114,0xa30d8157911ef23c46c0eb71889efe6a648a41f7,1513078704,0x86fa049857e0209aa7d9e616f7eb3b3b78ecfdb0,0x6c611c108879cf2a8cf995547a10d72f546fe842cb7dc97a8bf055d8d0167b43,0.0
2115,0xa30d8157911ef23c46c0eb71889efe6a648a41f7,1513078758,0x86fa049857e0209aa7d9e616f7eb3b3b78ecfdb0,0xb71ac13240338c1c33d246d5933a6fdafe5a4a647690b7141656b68edad4688f,0.0
2116,0xa30d8157911ef23c46c0eb71889efe6a648a41f7,1513078829,0xc15ebb92f03a304f1eba73689b6aeecb0bf5f132,0x3a36eaf697e17e4a3b4153573b19443a90441b13065454de85b6f650ffd7a339,1.0
2117,0xa30d8157911ef23c46c0eb71889efe6a648a41f7,1513078829,0x0f5d2fb29fb7d3cfee444a200298f468908cc942,0xc753954847f6fe72a576eda75312227b2f694aa3ec5fb0736e6af0c5d65865f4,0.0
2118,0xa30d8157911ef23c46c0eb71889efe6a648a41f7,1513079380,0x86fa049857e0209aa7d9e616f7eb3b3b78ecfdb0,0x40a0397f17724c3647ed005610af8ed13b7d5a9c9ac1c76b31adb42a97060ff0,0.0
2119,0xa30d8157911ef23c46c0eb71889efe6a648a41f7,1513079402,0xb63b606ac810a52cca15e44bb630fd42d8d1d83d,0x732be162d85333995524b595217f68c5d6c7f9e5a882cc7340dbe0e0ae1ab509,0.0
2120,0xa30d8157911ef23c46c0eb71889efe6a648a41f7,1513079515,0x0f5d2fb29fb7d3cfee444a200298f468908cc942,0x8b68c140d1e67387867db5b282d3248cb50609502623580b02fe742b6fb3e317,0.0
2121,0xa30d8157911ef23c46c0eb71889efe6a648a41f7,1513079609,0x86fa049857e0209aa7d9e616f7eb3b3b78ecfdb0,0x118d82ec95b18b98a456e93f7ace5079b0120b7efcf2630e7806af3a2cb77c85,0.0
2122,0xa30d8157911ef23c46c0eb71889efe6a648a41f7,1513079786,0x0f5d2fb29fb7d3cfee444a200298f468908cc942,0x81fe027e2feaa3e450151f3a8584c0a1cdee3bfd54d73cf042c409f3d3c239bb,0.0
2123,0xa30d8157911ef23c46c0eb71889efe6a648a41f7,1513080054,0x0f5d2fb29fb7d3cfee444a200298f468908cc942,0x38160eb8f221ca35678ceb248d9f5ce221aafaeeac1809aeaed031ca860a5de1,0.0
2124,0xa30d8157911ef23c46c0eb71889efe6a648a41f7,1513080230,0x6145ca79f735a88f8711077a19140b3d2bb09779,0x4a4081cfba3900970965d40b71f797bdc1e43255557ccd0c2586029dae824f0c,5.06
2125,0xa30d8157911ef23c46c0eb71889efe6a648a41f7,1513080265,0x0f5d2fb29fb7d3cfee444a200298f468908cc942,0xe3baea3554159383d98892e3ae958c3538b1399977886d8309f3c0fb49e51e1e,0.0
2126,0xa30d8157911ef23c46c0eb71889efe6a648a41f7,1513080310,0x83d1abcf3d5d2cf324320419fad004851f673e29,0xdee7c1515eab04d8934012275103d388113fefae57f0a84f21bd0eda731caa01,7.23
2127,0xa30d8157911ef23c46c0eb71889efe6a648a41f7,1513080641,0x86fa049857e0209aa7d9e616f7eb3b3b78ecfdb0,0xe08cdd4bb3df2db4bffacbc4ad08b84bace7ea861cf548f9cde53271629f3741,0.0
2128,0xa30d8157911ef23c46c0eb71889efe6a648a41f7,1513080977,0x4290563c2d7c255b5eec87f2d3bd10389f991d68,0x9f78070ceebbb57a49212d345716db17cabde1de1b4c1f62c9e0e2e90cb06ff7,0.0
2129,0xa30d8157911ef23c46c0eb71889efe6a648a41f7,1513081071,0x2d5cc06f3c72151cfb614832a2fabdeee67b40ba,0xfae9ccf83de8a7603ee05eb0165ae39303bd5509436bfa1320ffce2494259083,0.67
2130,0xa30d8157911ef23c46c0eb71889efe6a648a41f7,1513081148,0x0f5d2fb29fb7d3cfee444a200298f468908cc942,0xe0482f7ce8e2af759045fa3882f92da21a88d1766afab66b17e3e18c7f16defd,0.0
2131,0xa30d8157911ef23c46c0eb71889efe6a648a41f7,1513081185,0x86fa049857e0209aa7d9e616f7eb3b3b78ecfdb0,0xf01b0661d8b959ab0a9340cfc00f25ba1e256b8ea032da72a6a304196cfef976,0.0
2132,0xa30d8157911ef23c46c0eb71889efe6a648a41f7,1513081292,0x0f5d2fb29fb7d3cfee444a200298f468908cc942,0xa3f66919a0eb440bd996f5237660d5997dad00eb461f61878f03b7fefeed2aef,0.0
2133,0xa30d8157911ef23c46c0eb71889efe6a648a41f7,1513081333,0x0f5d2fb29fb7d3cfee444a200298f468908cc942,0x353188551662f9290ff8a50f1538b1db886ac8c1ae2552ca45014f1455edf4c9,0.0
2134,0xa30d8157911ef23c46c0eb71889efe6a648a41f7,1513081406,0xb63b606ac810a52cca15e44bb630fd42d8d1d83d,0x042157413aedc76e105e267cf27af38dc822026104392cb0a476892f059ccd78,0.0
2135,0xa30d8157911ef23c46c0eb71889efe6a648a41f7,1513081452,0x0f5d2fb29fb7d3cfee444a200298f468908cc942,0x93f8b5b2555c7b005c4116693141878f8c28ca105281ba5632e59093370452cb,0.0
2136,0xa30d8157911ef23c46c0eb71889efe6a648a41f7,1513081538,0x86fa049857e0209aa7d9e616f7eb3b3b78ecfdb0,0xc3bbbb04958125becb774864569d733433e522d998f15cc693c9cdf399fcceb7,0.0
2137,0xa30d8157911ef23c46c0eb71889efe6a648a41f7,1513081607,0x0f5d2fb29fb7d3cfee444a200298f468908cc942,0xa4216422ce91bc6084297a133f41c8e370416956321fa3f7756800f648bcc7cd,0.0
2138,0xa30d8157911ef23c46c0eb71889efe6a648a41f7,1513081647,0x86fa049857e0209aa7d9e616f7eb3b3b78ecfdb0,0xe081cbc5f761697266aa3bfd9680bceed6d2cd8857e1485cb6cfc343062eaed0,0.0
2139,0xa30d8157911ef23c46c0eb71889efe6a648a41f7,1513081711,0x2c447b643c9c60bf35731065e54054d1352fde48,0x31b55f8aabd25d95b6d25f1364e7dc46d1078a6f1fda619cec4d0df607047d7e,1.69
2140,0xa30d8157911ef23c46c0eb71889efe6a648a41f7,1513081785,0x86fa049857e0209aa7d9e616f7eb3b3b78ecfdb0,0x7ada7c3f8bd6888b786bcf6f55d38e9cc28bcc4fb68f61352f89a006836dbe77,0.0
2141,0xa30d8157911ef23c46c0eb71889efe6a648a41f7,1513081835,0x86fa049857e0209aa7d9e616f7eb3b3b78ecfdb0,0xc068b8188da89a579404d912ee5953c3cc77cbab1a853a5a6c3b34588cc8ff4d,0.0
2142,0xa30d8157911ef23c46c0eb71889efe6a648a41f7,1513081856,0x0f5d2fb29fb7d3cfee444a200298f468908cc942,0xe72e19a6c19ecc95159c7c68eab64798b359257933dca0aba97163a40e41b92a,0.0
2143,0xa30d8157911ef23c46c0eb71889efe6a648a41f7,1513082121,0x4290563c2d7c255b5eec87f2d3bd10389f991d68,0xd9cb916559cbe6e65f521ecdc4fe6ae9ee5db9f48dd895d70f83c863e22b3dad,0.0
2144,0xa30d8157911ef23c46c0eb71889efe6a648a41f7,1513082394,0x86fa049857e0209aa7d9e616f7eb3b3b78ecfdb0,0xa10686c8206216d90e381fcbba5bd820dac2d04e7023c9a6cc38e521d67bb1eb,0.0
2145,0xa30d8157911ef23c46c0eb71889efe6a648a41f7,1513082453,0xed6bf2029fb08490c26082fb5277a28676b20100,0x2532223846a72ee6715b21a4a161cf94bc536ba0408ba3c846b5ffa6d2bf5416,12.0
2146,0xa30d8157911ef23c46c0eb71889efe6a648a41f7,1513082473,0x86fa049857e0209aa7d9e616f7eb3b3b78ecfdb0,0x038498aad45e4a8e7035a1bafe98ff0a72843d40091fedb1915e2269ec60b22c,0.0
2147,0xa30d8157911ef23c46c0eb71889efe6a648a41f7,1513082801,0x86fa049857e0209aa7d9e616f7eb3b3b78ecfdb0,0xbd22375ee6559479905b2f8acadb08ee618bc32553c4b22943330b5486ee06c9,0.0
2148,0xa30d8157911ef23c46c0eb71889efe6a648a41f7,1513082815,0x8effd494eb698cc399af6231fccd39e08fd20b15,0xf3286869578db1abdb7226bbc0accede0fd76238f8dc9429ff80dd617200ae34,0.0
2149,0xa30d8157911ef23c46c0eb71889efe6a648a41f7,1513082940,0x86fa049857e0209aa7d9e616f7eb3b3b78ecfdb0,0x74f14e080b45fed5dbaf25380c4db18e7fe6df9df573591dab18236b18a92547,0.0
2150,0xa30d8157911ef23c46c0eb71889efe6a648a41f7,1513083018,0x86fa049857e0209aa7d9e616f7eb3b3b78ecfdb0,0xae6ce9a6cfdcc229e3dc104ff1169aed2202972d729ebef9923303127e42803e,0.0
2151,0xa30d8157911ef23c46c0eb71889efe6a648a41f7,1513083102,0xe3ec606baa863961a5478a91b799a5ea15ed087d,0x15cd8e60c37f9d34b97f6e0d1e8332ace34617d184f046f48ad77d6a25ffa20b,4.0
2152,0xa30d8157911ef23c46c0eb71889efe6a648a41f7,1513083390,0xb5335120355636c7bb10f9f242f72213331fed03,0xae2d19415442a2292029c85737db4e828d529a165243ec4d32f9989872f87c7d,12.0
2153,0xa30d8157911ef23c46c0eb71889efe6a648a41f7,1513083454,0x86fa049857e0209aa7d9e616f7eb3b3b78ecfdb0,0xac1be4e918ba97d5e3a6c7862adc5867407f36750149909a10da682621a8cb57,0.0
2154,0xa30d8157911ef23c46c0eb71889efe6a648a41f7,1513083524,0x86fa049857e0209aa7d9e616f7eb3b3b78ecfdb0,0x63728261bef0d6b18998731b0d084d286cab81669d39e6b252c66ab04564cd02,0.0
2155,0xa30d8157911ef23c46c0eb71889efe6a648a41f7,1513083642,0xe0b7927c4af23765cb51314a0e0521a9645f0e2a,0xa7f065406ac3eb4c73259c2d01136b6bbff526201017413a7829a5cda2c98ac7,0.0
2156,0xa30d8157911ef23c46c0eb71889efe6a648a41f7,1513083826,0x4cf9faf73714b65b98557c822b6b514dfda0e339,0x02f80504521fa9a74f1e947f4b999461f91f6cd52883e43bbd7a81f81c094560,5.0
2157,0xa30d8157911ef23c46c0eb71889efe6a648a41f7,1513084082,0xce20dae86437b15e589a16a45ba86baa927e0eff,0x0f5f3d0ff7feba990a23e2b405ed3ef18bb62b675410334a10dd88a25b620f0e,11.0
2158,0xa30d8157911ef23c46c0eb71889efe6a648a41f7,1513084109,0x1dbb2620e1340f0c7139f300c1c69dc60e8200c2,0x5a4c7868b3eb08d0fe1b75334b7833b41a71714abc60a34e739c8a22abd98292,11.63
2159,0xa30d8157911ef23c46c0eb71889efe6a648a41f7,1513084188,0x744d70fdbe2ba4cf95131626614a1763df805b9e,0xf757018f010dbfeda5caa12a7a1c8ab94201ccbdad0162ffcc481233bdc438c8,0.0
2160,0xa30d8157911ef23c46c0eb71889efe6a648a41f7,1513084256,0x86fa049857e0209aa7d9e616f7eb3b3b78ecfdb0,0x884a810de70d027992784731e3926534dc84858b75a2925ea23c2317f0049aaa,0.0
2161,0xa30d8157911ef23c46c0eb71889efe6a648a41f7,1513084339,0x3c472540c79b9dddd84334143a999418fb8c6141,0x7ccb1c9052268db8c7c0047b8e71df290a52b2108a512ec01700cad1e497449d,7.41665
2162,0xa30d8157911ef23c46c0eb71889efe6a648a41f7,1513084509,0xb63b606ac810a52cca15e44bb630fd42d8d1d83d,0x08ae59d4e9055e87952720d4708bf9f5bd82330ba36aedbde37a5eee39099833,0.0
2163,0xa30d8157911ef23c46c0eb71889efe6a648a41f7,1513084619,0xb5335120355636c7bb10f9f242f72213331fed03,0x1a49e83df06179464c90a474c23efe8830c388c785fcb2afed038c6173b998ff,20.0
2164,0xa30d8157911ef23c46c0eb71889efe6a648a41f7,1513084699,0x4290563c2d7c255b5eec87f2d3bd10389f991d68,0x827dc6aa2cbd8d58ad63f2bd8e4d2ffc6f179330fbdcfc349f9427673987b2c2,0.0
2165,0xa30d8157911ef23c46c0eb71889efe6a648a41f7,1513084733,0xc15ebb92f03a304f1eba73689b6aeecb0bf5f132,0x6b1d66b602e1df37f5ef90d5787a009d00fdd97f9d594671c1236178ad22ca57,3.0741093
2166,0xa30d8157911ef23c46c0eb71889efe6a648a41f7,1513084771,0xe0b7927c4af23765cb51314a0e0521a9645f0e2a,0x7f8c8c1a4aae21c384b06467dc2146810733aa01060bb0e80e1a9cd7001220cc,0.0
2167,0xa30d8157911ef23c46c0eb71889efe6a648a41f7,1513084802,0x86fa049857e0209aa7d9e616f7eb3b3b78ecfdb0,0x738f8af22ade3082645a54dbaa86a9f81f6e4ca7395c6048d7da793f580bec09,0.0
2168,0xa30d8157911ef23c46c0eb71889efe6a648a41f7,1513084848,0x744d70fdbe2ba4cf95131626614a1763df805b9e,0x7b23920a4955caedcbba6ddfd0a20798fb2a6ec369eef083761763cb3fbb21b5,0.0
2169,0xa30d8157911ef23c46c0eb71889efe6a648a41f7,1513085222,0xc87b344239109cde0a96766aef040bd23a3309f5,0x9e1ddcead48ab65e1f16a82b7a480a40a3b4a0c1eb14d9c694cf33c877562401,4.6
2170,0xa30d8157911ef23c46c0eb71889efe6a648a41f7,1513085392,0xeb527267bdc712e935f9bdb01ac5355e731bb357,0x73e22b41a132ef4d76ced226d24ddf86eaeab8c8a5a68d8032457c342fdfd18e,1.57
2171,0xa30d8157911ef23c46c0eb71889efe6a648a41f7,1513085426,0x93d02476551ee547df5335a5e838d30cc5200400,0xf10833be57588937ea157878a84ed5852069ca7d41ea46228c705b7ba67528b4,2.9
2172,0xa30d8157911ef23c46c0eb71889efe6a648a41f7,1513085468,0x6f93f65c43dff24ef9cae3f27cdf5f7a63b036d2,0x6e74354f8d8670a01eace870c032b7a1a4410cf055f09b213d6d903292554d29,13.4098
2173,0xa30d8157911ef23c46c0eb71889efe6a648a41f7,1513085498,0x86fa049857e0209aa7d9e616f7eb3b3b78ecfdb0,0x589cacc796311e5494df915192f484fc1013e197a055dd70c3c69f0c389a821f,0.0
2174,0xa30d8157911ef23c46c0eb71889efe6a648a41f7,1513085617,0x0f5d2fb29fb7d3cfee444a200298f468908cc942,0x443979a620e9905557c49528f238992b5247b888f368ce569f5b082d394372b5,0.0
2175,0xa30d8157911ef23c46c0eb71889efe6a648a41f7,1513085691,0x86fa049857e0209aa7d9e616f7eb3b3b78ecfdb0,0x965902c346c63ec44afa625ffce6ec42b94eef4eb54eab0009fb4222a3242abf,0.0
2176,0xa30d8157911ef23c46c0eb71889efe6a648a41f7,1513085739,0xc02c0307ab11559ca0cdcba1245439f95feafc14,0x18b9a78caa424ab7d338ee5f1979847825ba328b0b1248cfddea93652d7a3146,6.01
2177,0xa30d8157911ef23c46c0eb71889efe6a648a41f7,1513085805,0x86fa049857e0209aa7d9e616f7eb3b3b78ecfdb0,0x53d3ba4e02f2e8c92b7875c2b26566e7a9df8e79a4d62cf47c241f6fbd997d88,0.0
2178,0xa30d8157911ef23c46c0eb71889efe6a648a41f7,1513085928,0x744d70fdbe2ba4cf95131626614a1763df805b9e,0xb74c2cb7acad02598850a7f5ac871649c44545a83ddb7b0c97a792750fa24577,0.0
2179,0xa30d8157911ef23c46c0eb71889efe6a648a41f7,1513086200,0x4ef617a23474d52b5b4d242c0b1070429e191c06,0xed39b28c07e7d42c50ad68072b2bd8e6537b48c29b70cffd7e91ac43a3dd4ea8,0.5
2180,0xa30d8157911ef23c46c0eb71889efe6a648a41f7,1513086215,0x86fa049857e0209aa7d9e616f7eb3b3b78ecfdb0,0x85133a37942dc37eab4d1068874c00fec70a0ceda0818b7eb8dbde6ca3c2dc77,0.0
2181,0xa30d8157911ef23c46c0eb71889efe6a648a41f7,1513086247,0x86fa049857e0209aa7d9e616f7eb3b3b78ecfdb0,0xd79052f7ff613d934783fe5ae0aace19851c8f50b920942f69d8d99d33298014,0.0
2182,0xa30d8157911ef23c46c0eb71889efe6a648a41f7,1513086342,0xe5329471f778d0c5d225c6f72492768b2cbdfda5,0x7eb9f5fdda06590972a8c4f650f05113c680dc14a2df8fb22d42c1390c2a7184,0.4
2183,0xa30d8157911ef23c46c0eb71889efe6a648a41f7,1513086437,0x86fa049857e0209aa7d9e616f7eb3b3b78ecfdb0,0xff6175c5fabd6adda45dc1fa261f8d98a7ebfa5196b104a814d5bdfa21deb7d7,0.0
2184,0xa30d8157911ef23c46c0eb71889efe6a648a41f7,1513087058,0xc7bb47613cc98add833eb2de562c9a3d8e4e8afe,0x27b0c14b69ec8e555e72bdefbb4106485a3f69dea1dfac22ed55baf7c650fc59,2.4
2185,0xa30d8157911ef23c46c0eb71889efe6a648a41f7,1513087241,0xb63b606ac810a52cca15e44bb630fd42d8d1d83d,0xf296bf6cb82a1f948a99102b5271d8d79b0e366bbba8bdd4761704a214cf83eb,0.0
2186,0xa30d8157911ef23c46c0eb71889efe6a648a41f7,1513087251,0x86fa049857e0209aa7d9e616f7eb3b3b78ecfdb0,0xfc0fd06be6cbcbd8ea0b8f2ca56137a54e49f9a75d0384d8fd631cc59ed17575,0.0
2187,0xa30d8157911ef23c46c0eb71889efe6a648a41f7,1513087615,0x86fa049857e0209aa7d9e616f7eb3b3b78ecfdb0,0x081074ad38619a881c2c305cb5841bfc83950019ea314188280c249a5fd13c34,0.0
2188,0xa30d8157911ef23c46c0eb71889efe6a648a41f7,1513087753,0x86fa049857e0209aa7d9e616f7eb3b3b78ecfdb0,0xeec5f27f188aaf4c8a84dfc488c35acd7f3965fc2330bcc686608eece58b0c54,0.0
2189,0xa30d8157911ef23c46c0eb71889efe6a648a41f7,1513087907,0x0f5d2fb29fb7d3cfee444a200298f468908cc942,0xd28444e7584426fad7b272b175584073333b45d3fb32ebf040f640b7b5bc0e15,0.0
2190,0xa30d8157911ef23c46c0eb71889efe6a648a41f7,1513087920,0xc87b344239109cde0a96766aef040bd23a3309f5,0x4f2b1d93844e42901a5978a9756b3261a06ea5fe27e94c50ebfcdb07023e6719,4.01
2191,0xa30d8157911ef23c46c0eb71889efe6a648a41f7,1513087996,0x86fa049857e0209aa7d9e616f7eb3b3b78ecfdb0,0x73ac8a40226ad32299478c607463fe60097321cb51009152ad3036048bab0de8,0.0
2192,0xa30d8157911ef23c46c0eb71889efe6a648a41f7,1513088116,0x2740967adc9c30ab4331f3da5939b8b764e536a8,0xc03dcb03e5b42207ae0c35a2ce991753b80b28c51b0b201ee7ecd7fbd4f28a00,5.15
2193,0xa30d8157911ef23c46c0eb71889efe6a648a41f7,1513088162,0xb63b606ac810a52cca15e44bb630fd42d8d1d83d,0x5ad3d54168975587dded5e86a718e9d67a7bf722276371356a4c1c1dfcff1f01,0.0
2194,0xa30d8157911ef23c46c0eb71889efe6a648a41f7,1513088537,0x86fa049857e0209aa7d9e616f7eb3b3b78ecfdb0,0xa3a6d0f0bf60b0d6698897ff676b49af8f73fb5ff81069284bd57e2ca7ce5876,0.0
2195,0xa30d8157911ef23c46c0eb71889efe6a648a41f7,1513088577,0x86fa049857e0209aa7d9e616f7eb3b3b78ecfdb0,0x0f0f4e12e1bde59ccbf188fe96c1a30219db5b6c4cd886dd98d491bf140b607f,0.0
2196,0xa30d8157911ef23c46c0eb71889efe6a648a41f7,1513088678,0xd26114cd6ee289accf82350c8d8487fedb8a0c07,0xb8174d3f71e6d5b0fa41bb1381a6757868bbbe4f6c7dcd798058d48fc6217040,0.0
2197,0xa30d8157911ef23c46c0eb71889efe6a648a41f7,1513088851,0x86fa049857e0209aa7d9e616f7eb3b3b78ecfdb0,0x0bca357927b58b6a7321543c4fbe9426251a72f5d3eb80528d0b0f454075103a,0.0
2198,0xa30d8157911ef23c46c0eb71889efe6a648a41f7,1513089170,0x86fa049857e0209aa7d9e616f7eb3b3b78ecfdb0,0x01b095c7dc694d0d355b4eb50a18e691d85ffddb129147c93dbfd421beaa7370,0.0
2199,0xa30d8157911ef23c46c0eb71889efe6a648a41f7,1513089283,0x229d6e6ee63fd9126ae44ad990f6c18cfb7ca93a,0xad3156fe625a333e06c5bcf74c5fad15e4eaa9d40e6582794fd0ce0358dc0c4e,100.0
2200,0xa30d8157911ef23c46c0eb71889efe6a648a41f7,1513089330,0x744d70fdbe2ba4cf95131626614a1763df805b9e,0xb6c5b0de4204c7b4c5ed61098cf3cd0f98668726f54071b49bdfb56a4abb6294,0.0
2201,0xa30d8157911ef23c46c0eb71889efe6a648a41f7,1513089428,0xe2853e574b034111b259b23c7f2228f6ef51e6c3,0xe30b29faaf4ec0d4cf33d6d172598a90b04b55170ec2500326be52bdd028a152,9.99
2202,0xa30d8157911ef23c46c0eb71889efe6a648a41f7,1513089485,0x86fa049857e0209aa7d9e616f7eb3b3b78ecfdb0,0xec218aceb17e6e16967835ddff8e4e20d65812bc0686da9dc9469f1d2e55ab36,0.0
2203,0xa30d8157911ef23c46c0eb71889efe6a648a41f7,1513089569,0x744d70fdbe2ba4cf95131626614a1763df805b9e,0xa4054c7b89106f0aa92b723106160e8ec3f1c063315af98de93fe0b9d1a6fdb9,0.0
2204,0x4be2166a8dbe25e79a9b30b4ce26858e10d21e92,1513089569,0x8d12a197cb00d4747a1fe03395095ce2a5cc6819,0x48efcb8446da0de9fea3a35e7a7207d2bda8d52bd504c14b610e69ca3deca1e7,0.0
2205,0x4be2166a8dbe25e79a9b30b4ce26858e10d21e92,1513089630,0x8d12a197cb00d4747a1fe03395095ce2a5cc6819,0x964822f66ee24f9808c6b663113469eef4e24e8860e82e9d78d452c15a738adf,0.0
2206,0xa30d8157911ef23c46c0eb71889efe6a648a41f7,1513089736,0xe69f17e26c3b8341c5d0b03b0888a49c86365815,0xe69e5405037e67ea0b7137c2e6f3a756008c9a6e4ee295d5fe3230190e7e0c31,12.2
2207,0x4be2166a8dbe25e79a9b30b4ce26858e10d21e92,1513089764,0x8d12a197cb00d4747a1fe03395095ce2a5cc6819,0x457eba3caaa33749dfc0ed4ca83686d4e6a963f79331ae5a23eeb93aa8436ec5,0.0
2208,0x4be2166a8dbe25e79a9b30b4ce26858e10d21e92,1513089764,0x8d12a197cb00d4747a1fe03395095ce2a5cc6819,0xe5a5542ede179c1fe1f8625c268dc7fb5073c38205a5a8eeffa791c092ff2249,0.0
2209,0xa30d8157911ef23c46c0eb71889efe6a648a41f7,1513089790,0xbdb7c9e18ca5db890c05a7d84170ca091c684ee7,0xc069dd84e718a2bf0cc087a56b40269fbac1f58db78a9b586eae18d1ade3603d,2.0780000000000003
2210,0x4be2166a8dbe25e79a9b30b4ce26858e10d21e92,1513089892,0x8d12a197cb00d4747a1fe03395095ce2a5cc6819,0xead65aec06811753d2a9d0828614daf27e32fbf6905239f9dc127123d6ca1008,0.0
2211,0xa30d8157911ef23c46c0eb71889efe6a648a41f7,1513089892,0x86fa049857e0209aa7d9e616f7eb3b3b78ecfdb0,0xfe1860b75a9c86572a067049b9ce9bd6a1c12de142d5c8eb35a82b56d56a94c8,0.0
2212,0xa30d8157911ef23c46c0eb71889efe6a648a41f7,1513090015,0x614d02d0d04c3e6b9daff977c022f70957237be7,0x51ad24407b810cd7513c1a88844df812fcdb51b5779dded224e20ee8ab06a4ba,3.98
2213,0x4be2166a8dbe25e79a9b30b4ce26858e10d21e92,1513090015,0x8d12a197cb00d4747a1fe03395095ce2a5cc6819,0x4f828eef8102fb903476dccd6b75d1d36901ae8771533f4802eed7130963e863,0.0
2214,0xa30d8157911ef23c46c0eb71889efe6a648a41f7,1513090112,0xbdb7c9e18ca5db890c05a7d84170ca091c684ee7,0x56101d65aa4bf4a77fd5685c8df29fcd0d6527be32a3f52e19cea013565ab910,0.95
2215,0xa30d8157911ef23c46c0eb71889efe6a648a41f7,1513090225,0x86fa049857e0209aa7d9e616f7eb3b3b78ecfdb0,0x3fe5a9af62828a59d35c1e2533730f4474f743493116a4b1d84a0b9ea36333fe,0.0
2216,0xa30d8157911ef23c46c0eb71889efe6a648a41f7,1513090418,0x86fa049857e0209aa7d9e616f7eb3b3b78ecfdb0,0x8cc1c233bedca8986c391b9c1276a9bce64cfafa3ea30b954a979a1749b43066,0.0
2217,0xa30d8157911ef23c46c0eb71889efe6a648a41f7,1513090627,0xd850942ef8811f2a866692a623011bde52a462c1,0x3a2b125ab33c206dd8a4d7db1671b3625102da98b1a9156a3f1fdfd74fa4977b,0.0
2218,0xa30d8157911ef23c46c0eb71889efe6a648a41f7,1513090820,0xe0b7927c4af23765cb51314a0e0521a9645f0e2a,0xef59a0d08d0602eb6f869887d57220e8d95d2822b3e288308a57f4b6dd3cfdee,0.0
2219,0xa30d8157911ef23c46c0eb71889efe6a648a41f7,1513090836,0x86fa049857e0209aa7d9e616f7eb3b3b78ecfdb0,0x4bf73089246c0bdaf94229e34ad962d8f6738c587ced06b8ae299f6aab2a6e47,0.0
2220,0xa30d8157911ef23c46c0eb71889efe6a648a41f7,1513090886,0x86fa049857e0209aa7d9e616f7eb3b3b78ecfdb0,0x92f9e657977b4ed665ebc3f43051aa1f308c330d4d319489c9aca958cf93bdcc,0.0
2221,0x4be2166a8dbe25e79a9b30b4ce26858e10d21e92,1513090891,0x8d12a197cb00d4747a1fe03395095ce2a5cc6819,0x6fc9509a9f0d6c8832c4af2386c64d34cb622153608079111328fa6ac6b7ab87,0.0
2222,0xa30d8157911ef23c46c0eb71889efe6a648a41f7,1513090899,0x86fa049857e0209aa7d9e616f7eb3b3b78ecfdb0,0xe7e919d48acf68677388586847a4519d01766afcb4a909dee289f7d8f7230c6d,0.0
2223,0x4be2166a8dbe25e79a9b30b4ce26858e10d21e92,1513090951,0x8d12a197cb00d4747a1fe03395095ce2a5cc6819,0xbf343a58245ef669a58f7d7e81abfdbcfb918c7ca4ada14ae151cfce70882cb7,0.0
2224,0xa30d8157911ef23c46c0eb71889efe6a648a41f7,1513091212,0x86fa049857e0209aa7d9e616f7eb3b3b78ecfdb0,0x26036c90b2d8ceba6cddaed4d39a5fad761c43143bd70d4e58784faf6df2942a,0.0
2225,0x8d12a197cb00d4747a1fe03395095ce2a5cc6819,1513091284,0x4be2166a8dbe25e79a9b30b4ce26858e10d21e92,0xbe9ed1b7cb4d380857f4ab543e622428c3d9b24d205b3a0c6ad1a65e73b08b8b,4.353943459452889
2226,0x4be2166a8dbe25e79a9b30b4ce26858e10d21e92,1513091284,0x8d12a197cb00d4747a1fe03395095ce2a5cc6819,0xbe9ed1b7cb4d380857f4ab543e622428c3d9b24d205b3a0c6ad1a65e73b08b8b,0.0
2227,0xa30d8157911ef23c46c0eb71889efe6a648a41f7,1513091471,0x41ba2e6528eb71c31e94656760d7b04d9496fa4f,0xb73228181746b8b2b9dfc438f5173f7078697f5f3d944abbe73777ceaf1584c2,5.0
2228,0xa30d8157911ef23c46c0eb71889efe6a648a41f7,1513091496,0x86fa049857e0209aa7d9e616f7eb3b3b78ecfdb0,0xcea0f8782a61f1d028178b5c419a34356325c38b9db430ba776d5db766974ae3,0.0
2229,0xa30d8157911ef23c46c0eb71889efe6a648a41f7,1513091496,0x86fa049857e0209aa7d9e616f7eb3b3b78ecfdb0,0xd70a541b6af890dedfed863730afe8c76f7e9d22abf7df9720c7e13d47f74709,0.0
2230,0xa30d8157911ef23c46c0eb71889efe6a648a41f7,1513091634,0x86fa049857e0209aa7d9e616f7eb3b3b78ecfdb0,0x4997427e2eadb6023011164ffd91176037402cb514d4c932b80f382f88a90749,0.0
2231,0xa30d8157911ef23c46c0eb71889efe6a648a41f7,1513091634,0x86fa049857e0209aa7d9e616f7eb3b3b78ecfdb0,0xb4dec7326de2d27d0af085ad306acb524c2fc8d508db3c6d8f191f35a18a9429,0.0
2232,0xa30d8157911ef23c46c0eb71889efe6a648a41f7,1513091634,0xf7920b0768ecb20a123fac32311d07d193381d6f,0x44ec4efaf8847ca06fb831e6b8b50b240aa5c8a5c2bfeb8b60e025c514b695fc,0.0
2233,0xa30d8157911ef23c46c0eb71889efe6a648a41f7,1513091777,0x744d70fdbe2ba4cf95131626614a1763df805b9e,0xceccb068205fe4a96b882903985d4465b84e440b7bcc09300b506b0d178909c7,0.0
2234,0xa30d8157911ef23c46c0eb71889efe6a648a41f7,1513091840,0xd850942ef8811f2a866692a623011bde52a462c1,0xfe9ea0629af81358d76b105e04475a038274328aa21f2c87b13e2c81403f443a,0.0
2235,0xa30d8157911ef23c46c0eb71889efe6a648a41f7,1513092059,0x86fa049857e0209aa7d9e616f7eb3b3b78ecfdb0,0xd7416df9ffa0405b0db05803634d07087dd60d26a7fd7016774ae54911798170,0.0
2236,0xa30d8157911ef23c46c0eb71889efe6a648a41f7,1513092059,0xaf30d2a7e90d7dc361c8c4585e9bb7d2f6f15bc7,0xd2627ab3bed161a0ffbece0bea2a97b04dcb8742c71efe4872659b56d9fc7954,0.0
2237,0xa30d8157911ef23c46c0eb71889efe6a648a41f7,1513092172,0x86fa049857e0209aa7d9e616f7eb3b3b78ecfdb0,0xf1bee4f76a2bd3fadf122eec2e5f177869cc090203905f6f07c912739e9abd38,0.0
2238,0xa30d8157911ef23c46c0eb71889efe6a648a41f7,1513092361,0x254c361cd02970527fbfb31ce11d2886a8e2e29a,0x7f2aa0925c05bc14d77e20e302a53ca0e60b31e0cb729f26689e8c62f1b9508b,42.85
2239,0xa30d8157911ef23c46c0eb71889efe6a648a41f7,1513092474,0x86fa049857e0209aa7d9e616f7eb3b3b78ecfdb0,0x68df8df14ae03c4f6c09ee92ceb6360ee2e68e249e1ed54138bd88b3a187a35c,0.0
2240,0xa30d8157911ef23c46c0eb71889efe6a648a41f7,1513092487,0xb5335120355636c7bb10f9f242f72213331fed03,0x70007eee2368ee3331f7d7930458d93c92a444d2dd246a462e44320e8efcd673,18.0
2241,0xa30d8157911ef23c46c0eb71889efe6a648a41f7,1513092528,0x86fa049857e0209aa7d9e616f7eb3b3b78ecfdb0,0x50c7b0c40d02e423c9e46fd03714d6f8cf6607a7fa462e00a82df206cfebcd1b,0.0
2242,0xa30d8157911ef23c46c0eb71889efe6a648a41f7,1513092551,0x86fa049857e0209aa7d9e616f7eb3b3b78ecfdb0,0xe00dfe8ba3b3e8751621434e7872186273d61a15ed41453d940075b64a2b04ac,0.0
2243,0xa30d8157911ef23c46c0eb71889efe6a648a41f7,1513092589,0xb63b606ac810a52cca15e44bb630fd42d8d1d83d,0x43e6f812d7e51d6a00327f6848f69e3ba3dc1b439339556a5da5ee58e91bf86d,0.0
2244,0x4be2166a8dbe25e79a9b30b4ce26858e10d21e92,1513092718,0x8d12a197cb00d4747a1fe03395095ce2a5cc6819,0xcb84dd1cb0a7c31f591e5c4894a3a46c064da56ebbf857b9a6544b5802825ca1,0.0
2245,0x4be2166a8dbe25e79a9b30b4ce26858e10d21e92,1513092793,0x8d12a197cb00d4747a1fe03395095ce2a5cc6819,0x5f20a3220e2b2eafe503d6e064c1eeace70d7b5a524bdcbcf060b6b5db5ac652,0.0
2246,0xa30d8157911ef23c46c0eb71889efe6a648a41f7,1513092849,0x71645a76b027dab7cb62321596f8dc5153b20564,0x78849aeed71d195f03abde0149b72304649cbe9299874afea76565ec91ce19ca,25.0
2247,0xa30d8157911ef23c46c0eb71889efe6a648a41f7,1513092887,0x86fa049857e0209aa7d9e616f7eb3b3b78ecfdb0,0x236c2c4227212f4f0a87618b79aa4bb31cf4f720be9d2eebf93c2bd367978b04,0.0
2248,0xa30d8157911ef23c46c0eb71889efe6a648a41f7,1513092887,0x6d6cc949f7135c2e90c04a24d048e579293804e9,0x0580b5963962b7e40da8e7db1452c9ed2499a7c1df38cb946fea63bbc302008b,5.07
2249,0xa30d8157911ef23c46c0eb71889efe6a648a41f7,1513092930,0x86fa049857e0209aa7d9e616f7eb3b3b78ecfdb0,0xac7c3d13c11779aea04c034d5d8d8f40723d95ed8af9be24a8cd38eaf2c1ada4,0.0
2250,0x4be2166a8dbe25e79a9b30b4ce26858e10d21e92,1513092933,0x8d12a197cb00d4747a1fe03395095ce2a5cc6819,0x6ba8f2483c722f996ecdd9ed6136289ea3d38511ebb00d396a8355b043f6dc6e,0.0
2251,0xa30d8157911ef23c46c0eb71889efe6a648a41f7,1513092997,0x86fa049857e0209aa7d9e616f7eb3b3b78ecfdb0,0x5ad42477a92c8dfe69c3656bc7b21adba3dbc84aa6e69263dcd21f5b7d2abe5f,0.0
2252,0x8d12a197cb00d4747a1fe03395095ce2a5cc6819,1513093226,0x4be2166a8dbe25e79a9b30b4ce26858e10d21e92,0xc5897b081f049579d076ca939fe222c6471e5d5c9373aaa0511c765c07f9a719,5.9517351616772975
2253,0x4be2166a8dbe25e79a9b30b4ce26858e10d21e92,1513093226,0x8d12a197cb00d4747a1fe03395095ce2a5cc6819,0xc5897b081f049579d076ca939fe222c6471e5d5c9373aaa0511c765c07f9a719,0.0
2254,0xa30d8157911ef23c46c0eb71889efe6a648a41f7,1513093333,0x09030fffaac5a5ed7c3891df2d51f6b770c22c9a,0x083703b5db3bae67ba263a4864a2665ef200c8cab49569d1a7507469d2f9995c,6.0
2255,0xa30d8157911ef23c46c0eb71889efe6a648a41f7,1513093398,0x86fa049857e0209aa7d9e616f7eb3b3b78ecfdb0,0xd990736c92cb223d489d56b59bb68e7de35e74fec15b60716c5121826b278710,0.0
2256,0x4be2166a8dbe25e79a9b30b4ce26858e10d21e92,1513093415,0x8d12a197cb00d4747a1fe03395095ce2a5cc6819,0x9c8e9191005f83abdffb472dfff4c177d983df0ea3e3b58eb6db5b380129636b,0.0
2257,0x4be2166a8dbe25e79a9b30b4ce26858e10d21e92,1513093415,0xac3211a5025414af2866ff09c23fc18bc97e79b1,0x582626917aa10a073cd4e98f7be306cbff1308e5a7b3891896240aa48b139f20,0.0
2258,0x4be2166a8dbe25e79a9b30b4ce26858e10d21e92,1513093542,0x8d12a197cb00d4747a1fe03395095ce2a5cc6819,0x3c80cc3717023f7b9de2cbbf548387a1a74252aefe2683fc71d97756a6e36367,0.0
2259,0xa30d8157911ef23c46c0eb71889efe6a648a41f7,1513093656,0x86fa049857e0209aa7d9e616f7eb3b3b78ecfdb0,0x1fbcf29fc5211981000d857d9877ddf64db813a67c66942708ca380da11bf9f7,0.0
2260,0x4be2166a8dbe25e79a9b30b4ce26858e10d21e92,1513093664,0xb0e34cced0c4ca8b513917f9b847a41cff477b67,0x720178e22eaaf9a7f6c8c7faa3663604313f8fff080857d335e71d6a4e1ac78d,4.32
2261,0xa30d8157911ef23c46c0eb71889efe6a648a41f7,1513093674,0xd850942ef8811f2a866692a623011bde52a462c1,0x2c45ada763f684ab40b1b201d932d574887203208cd842d2dfd7c8649d23c212,0.0
2262,0xa30d8157911ef23c46c0eb71889efe6a648a41f7,1513093768,0x22a927f24d56600397a3dcb0c92c6f24795aa9c4,0xef4e764b5c90cc24ecdd816bd29d8fa389f9e70b319381f7d2af07445d481eb5,4.145
2263,0xa30d8157911ef23c46c0eb71889efe6a648a41f7,1513093869,0x86fa049857e0209aa7d9e616f7eb3b3b78ecfdb0,0x3a9cdca9b24adb2eeb9d7181c000c531c86900cc4d1a8dc983caf6d87568c8db,0.0
2264,0xa30d8157911ef23c46c0eb71889efe6a648a41f7,1513093895,0x86fa049857e0209aa7d9e616f7eb3b3b78ecfdb0,0x4b4f67cf558d9ea909ebab769300007ae83305daa8c29bc234ea0ee22319c2a9,0.0
2265,0xa30d8157911ef23c46c0eb71889efe6a648a41f7,1513094001,0x82ec089afe0ef0a024daf59287819c9ce4e75387,0xc0f96a26ff76bd0b810224846e8cc45247a2d6d6fb1caa0ebf6ca2b06e5ed41d,0.8
2266,0xa30d8157911ef23c46c0eb71889efe6a648a41f7,1513094035,0x86fa049857e0209aa7d9e616f7eb3b3b78ecfdb0,0x372eea3217a44439f494a4c2f6ac616fa79a66199ef16fb480e59ef14c0c0ca9,0.0
2267,0xa30d8157911ef23c46c0eb71889efe6a648a41f7,1513094044,0x86fa049857e0209aa7d9e616f7eb3b3b78ecfdb0,0x12dd740069e43611a22675412be877327a21848184efca074e33fc439ab78218,0.0
2268,0xa30d8157911ef23c46c0eb71889efe6a648a41f7,1513094059,0xe0b7927c4af23765cb51314a0e0521a9645f0e2a,0x09dd4ee80d64971623328939ff456e1b47152d81f5b5679650cdb79d029b3d1d,0.0
2269,0xa30d8157911ef23c46c0eb71889efe6a648a41f7,1513094169,0x86fa049857e0209aa7d9e616f7eb3b3b78ecfdb0,0xb74f8050e28ad1138bde447aff207f2114f6fc19a37448b9a24f301bd0038bb0,0.0
2270,0xa30d8157911ef23c46c0eb71889efe6a648a41f7,1513094182,0x86fa049857e0209aa7d9e616f7eb3b3b78ecfdb0,0xbd296a9a399be1423e27bc47577194b18a5f4e0db4284e1f106cc9e62c4ee500,0.0
2271,0x4be2166a8dbe25e79a9b30b4ce26858e10d21e92,1513094182,0xafba1b04ec9dcbdeaa8601d8ae8f44edc77da224,0x4c581e018284c1a6b20cc9972fad980c2a0da2152ddf8d0f4103243d61503bfd,5.93
2272,0xa30d8157911ef23c46c0eb71889efe6a648a41f7,1513094243,0x86fa049857e0209aa7d9e616f7eb3b3b78ecfdb0,0xc51a9b33f2f20931ad41e9fcf5e2df416a4f9357f12b6d7d7db57ac665b1b39c,0.0
2273,0xa30d8157911ef23c46c0eb71889efe6a648a41f7,1513094260,0x86fa049857e0209aa7d9e616f7eb3b3b78ecfdb0,0x8b496c4ed3875d1ebb22128fc10e503b46eb21dd49256b3e14c01967039e4da4,0.0
2274,0xa30d8157911ef23c46c0eb71889efe6a648a41f7,1513094330,0x86fa049857e0209aa7d9e616f7eb3b3b78ecfdb0,0x4aaeed1ec26005bb1ec7bc0a7208bac842244b06e79f40525302220116252e2b,0.0
2275,0xa30d8157911ef23c46c0eb71889efe6a648a41f7,1513094402,0xc5db52d965fed90b0392aa1b3c22fecc51f879cb,0xdc8ef1bfd89ab9bb7bb1520582c64d8bee92317764f28e14776f908cf74c1558,1.421
2276,0xa30d8157911ef23c46c0eb71889efe6a648a41f7,1513094430,0x86fa049857e0209aa7d9e616f7eb3b3b78ecfdb0,0x75b4a492aa50354ee60a3dc85c98c0584cc0f4dfde87b220a17661887f85289b,0.0
2277,0x4be2166a8dbe25e79a9b30b4ce26858e10d21e92,1513094445,0x818fc6c2ec5986bc6e2cbf00939d90556ab12ce5,0xec2543f8a4b5e228dc4c1bfff826d2dc6eb15252616eac2746531ef65fb5f995,0.0
2278,0x4be2166a8dbe25e79a9b30b4ce26858e10d21e92,1513094461,0x8d12a197cb00d4747a1fe03395095ce2a5cc6819,0x9155d48254038c6bd697189d6eb95eb99213076f19886e99d5932a22b86848bb,0.0
2279,0xa30d8157911ef23c46c0eb71889efe6a648a41f7,1513094483,0x86fa049857e0209aa7d9e616f7eb3b3b78ecfdb0,0x24dfea7f1a9b6ee85c45a531c13884858f291ba28eff21ed4dac6f40e9a2278e,0.0
2280,0xa30d8157911ef23c46c0eb71889efe6a648a41f7,1513094530,0x86fa049857e0209aa7d9e616f7eb3b3b78ecfdb0,0xbc2af5e476500457ab3959cd77496e8167d1d73471c80443aac4969333dd910d,0.0
2281,0x4be2166a8dbe25e79a9b30b4ce26858e10d21e92,1513094601,0x8d12a197cb00d4747a1fe03395095ce2a5cc6819,0x224fd65c2ccebb36ebd7b61bdf5d8d26c130839337a981a3b07a8e9f367b63a5,0.0
2282,0xa30d8157911ef23c46c0eb71889efe6a648a41f7,1513094617,0x1764356c23891a212bec7a317c313ad6f704a09d,0x496c64ff538d26609011811bf17ebb412819c28a913ce08742b394bff75ee064,11.99
2283,0xa30d8157911ef23c46c0eb71889efe6a648a41f7,1513094730,0xcb2c0dfa90fdccf9fca2cd90f9e919d76eb5064f,0x85eee006c9195dfe4f87999e0351122d6a94d53c47dd60775ae2f2a1d6e20050,3.01
2284,0xa30d8157911ef23c46c0eb71889efe6a648a41f7,1513094773,0x86fa049857e0209aa7d9e616f7eb3b3b78ecfdb0,0x33afeea35b6a43a1e3eb5210dfac22be0f951dd550fd8d4cfbaa9439d459f488,0.0
2285,0xa30d8157911ef23c46c0eb71889efe6a648a41f7,1513094801,0x0f5d2fb29fb7d3cfee444a200298f468908cc942,0xe38b7fe8f87d6dce640a0f8aa9e1a60b18a846ce46ccf7556633a88193f7a497,0.0
2286,0x4be2166a8dbe25e79a9b30b4ce26858e10d21e92,1513094801,0x8d12a197cb00d4747a1fe03395095ce2a5cc6819,0x3e3ecf1c493c21a8623d80d56915da6941a9f9aafa3f997d807e287621d88fd1,0.0
2287,0x4be2166a8dbe25e79a9b30b4ce26858e10d21e92,1513094827,0x08f5a9235b08173b7569f83645d2c7fb55e8ccd8,0xc33d6dee231426945a3063ecf4359f0f49209a13f9526d4e939e278607b58363,0.0
2288,0xa30d8157911ef23c46c0eb71889efe6a648a41f7,1513094953,0xe50e5d3ae875b0263b33cb74ae1c4f372d1c1d63,0xfb5aaa09744bd291a3f81f7ce6ffc083098a361d4a9d2adcf44f6908acd4029b,60.4
2289,0x4be2166a8dbe25e79a9b30b4ce26858e10d21e92,1513095290,0x51db5ad35c671a87207d88fc11d593ac0c8415bd,0x8ee5284dbb2a1a7c6f18d26489638b86ee5aca28fc3bb9ca5d8c755ae8540447,0.0
2290,0xa30d8157911ef23c46c0eb71889efe6a648a41f7,1513095491,0x2a83243d3e8ec4483050ed817aa555b1e3d3d6ad,0xc5129e408104054a25518cf245026db66d05bd866d54448abe2ff522987732ad,0.2
2291,0xa30d8157911ef23c46c0eb71889efe6a648a41f7,1513095514,0xcb97e65f07da24d46bcdd078ebebd7c6e6e3d750,0x97973e7791a52685172f52cc443ab1826ce4f41c5a76780bb7f1fe7588e72320,0.0
2292,0xa30d8157911ef23c46c0eb71889efe6a648a41f7,1513095843,0x86fa049857e0209aa7d9e616f7eb3b3b78ecfdb0,0xa721570130282fd8aecc92bd925c91107896bf0dc43457bd9f1615e8b8a4db8c,0.0
2293,0x4be2166a8dbe25e79a9b30b4ce26858e10d21e92,1513096105,0x51db5ad35c671a87207d88fc11d593ac0c8415bd,0x45897de72e871594e33e386b21ed1ad2b626be9aa780613b85e2b813394dda24,0.0
2294,0xa30d8157911ef23c46c0eb71889efe6a648a41f7,1513096122,0x86fa049857e0209aa7d9e616f7eb3b3b78ecfdb0,0x2849ac865bc2767648cc81aead6b36ac00aa01117d659fc616f1a012d07f9186,0.0
2295,0xa30d8157911ef23c46c0eb71889efe6a648a41f7,1513096154,0x86fa049857e0209aa7d9e616f7eb3b3b78ecfdb0,0x57191d61399f1c89a10a47c172b044f9db2ac8f1d1ba2ae7267e8ea6a0c57fdd,0.0
2296,0xa30d8157911ef23c46c0eb71889efe6a648a41f7,1513096325,0x2ddd2b23114e56c04dcf32f9b9f5bd83691b28dc,0xd15c7920f29dfb1f4a21e5583cc60dd60e5d2824928e6b0d734dd771605f259c,0.9
2297,0xa30d8157911ef23c46c0eb71889efe6a648a41f7,1513096384,0xa645264c5603e96c3b0b078cdab68733794b0a71,0x52d7affc8c111f14e37ece9b890f0568b875a5ee829bdbe37f1acb8043362328,0.0
2298,0xa30d8157911ef23c46c0eb71889efe6a648a41f7,1513096565,0xe0b7927c4af23765cb51314a0e0521a9645f0e2a,0xb467fa05ed14ec8655b4d070af8de6a07ebee4fc81bc7aa4fa51e2012d2c4a61,0.0
2299,0xa30d8157911ef23c46c0eb71889efe6a648a41f7,1513096623,0x86fa049857e0209aa7d9e616f7eb3b3b78ecfdb0,0x42d0d6ce2fb61a7e2e65b0c573496769aa04d456d59a9388e6fd341ba980b5ec,0.0
2300,0xa30d8157911ef23c46c0eb71889efe6a648a41f7,1513096711,0x86fa049857e0209aa7d9e616f7eb3b3b78ecfdb0,0xe917dabbfeec6e37d01c402c91a5dd212a4ff793ee21415ef8978075e417a23f,0.0
2301,0xa30d8157911ef23c46c0eb71889efe6a648a41f7,1513096772,0xb63b606ac810a52cca15e44bb630fd42d8d1d83d,0x301775bee1eaf6893bcc1d77317ff28656c701b097019674a7a5619e2c433cae,0.0
2302,0xa30d8157911ef23c46c0eb71889efe6a648a41f7,1513096827,0xb63b606ac810a52cca15e44bb630fd42d8d1d83d,0xe0317d9a8ec7d445bec8b5aaa9b47d8bf1fc719918e1586258751283493d8976,0.0
2303,0xa30d8157911ef23c46c0eb71889efe6a648a41f7,1513096906,0x86fa049857e0209aa7d9e616f7eb3b3b78ecfdb0,0x487970cd94afcfd402b2c2122050a983a8b878f70fd3401b91bbea6c97dc94e1,0.0
2304,0xa30d8157911ef23c46c0eb71889efe6a648a41f7,1513096921,0x86fa049857e0209aa7d9e616f7eb3b3b78ecfdb0,0x5c5a003387ab84bbbc161a51088e9856cb55bf1f0583fc6ebaae6f434a8c4a58,0.0
2305,0xa30d8157911ef23c46c0eb71889efe6a648a41f7,1513096972,0xb63b606ac810a52cca15e44bb630fd42d8d1d83d,0xb97d62c9e96d94349559b606a9f65ce99a647c5a6171924094cf9a58bfd77abe,0.0
2306,0xa30d8157911ef23c46c0eb71889efe6a648a41f7,1513097085,0xb63b606ac810a52cca15e44bb630fd42d8d1d83d,0x820a2ce4ed52efb41095a5aac125b91545cc92153be02f4ad2fc980d34fc8311,0.0
2307,0x4be2166a8dbe25e79a9b30b4ce26858e10d21e92,1513097856,0x8d12a197cb00d4747a1fe03395095ce2a5cc6819,0x56e7ecbcb4b49d787ba0f556c8159292eccb4ae624243fd96cd2524334a0df3f,0.0
2308,0x4be2166a8dbe25e79a9b30b4ce26858e10d21e92,1513097881,0x8d12a197cb00d4747a1fe03395095ce2a5cc6819,0x3b33262d19b550c19d56f7e9159a893cf809db9bc2736876426801bcebab5f93,0.0
2309,0x4be2166a8dbe25e79a9b30b4ce26858e10d21e92,1513097998,0x8d12a197cb00d4747a1fe03395095ce2a5cc6819,0x7a2c54d4c2bd7eb3b8d5106a328857da260ea03ab23756e69e47016f0595a6bb,0.0
2310,0xa30d8157911ef23c46c0eb71889efe6a648a41f7,1513097998,0xb63b606ac810a52cca15e44bb630fd42d8d1d83d,0xbf80d1924ceb7979ec0c5026e0cd40f465dae74babef98bafad7378ad0ad817a,0.0
2311,0xa30d8157911ef23c46c0eb71889efe6a648a41f7,1513098014,0x86fa049857e0209aa7d9e616f7eb3b3b78ecfdb0,0x5c3a8008ae4f36c0bf60163151722aa7a79af13f7eb84b47518baf91ce05e207,0.0
2312,0xa30d8157911ef23c46c0eb71889efe6a648a41f7,1513098081,0xb63b606ac810a52cca15e44bb630fd42d8d1d83d,0xdb4345e165d18bdc6ee83754284e12f0b1330725f2018d9fc5c3b605c9575fe5,0.0
2313,0xa30d8157911ef23c46c0eb71889efe6a648a41f7,1513098176,0xf66488b4d6f97b56baa58cfcf412b3c870d2a4e4,0x844db6a2fc06ba4e59ed4e5b6b709af4c762e2ba28aac119d5ac5e6819553c3a,10.0
2314,0x4be2166a8dbe25e79a9b30b4ce26858e10d21e92,1513098213,0x8d12a197cb00d4747a1fe03395095ce2a5cc6819,0xe280bc6907e65a68364d229ec7f7832fb939d2548247db4254b4b60073ee03e8,0.0
2315,0xa30d8157911ef23c46c0eb71889efe6a648a41f7,1513098402,0xb63b606ac810a52cca15e44bb630fd42d8d1d83d,0xad89454677e2bf79b9ed48207a9ebf4c4e712b2a518e5e7dd0bc44b764bb51d7,0.0
2316,0xa30d8157911ef23c46c0eb71889efe6a648a41f7,1513098432,0x0f5d2fb29fb7d3cfee444a200298f468908cc942,0x64549151bd424cdadb7247f1f120babe141c4af16c6b6dbfc45ba9e679969b62,0.0
2317,0x4be2166a8dbe25e79a9b30b4ce26858e10d21e92,1513098548,0x8d12a197cb00d4747a1fe03395095ce2a5cc6819,0x04b35d9aa90a8c655bb10277b00f09140082765de0c2f16a264552838e5cc72e,0.0
2318,0xa30d8157911ef23c46c0eb71889efe6a648a41f7,1513098713,0x86fa049857e0209aa7d9e616f7eb3b3b78ecfdb0,0x7cb4887782c39f9886869225d48f6d914b69b41532de62300705c3a83ac3e0e1,0.0
2319,0xa30d8157911ef23c46c0eb71889efe6a648a41f7,1513098980,0x86fa049857e0209aa7d9e616f7eb3b3b78ecfdb0,0xe430716fb8c9205f26fd3ad55f81fdb225c793fc8e7ba73071391c7daf0ddaeb,0.0
2320,0xa30d8157911ef23c46c0eb71889efe6a648a41f7,1513099826,0xb63b606ac810a52cca15e44bb630fd42d8d1d83d,0xf936be253650eb9ab0efc9ad651e6984544d5c064c3f98feb5dce3d1a5c17974,0.0
2321,0xa30d8157911ef23c46c0eb71889efe6a648a41f7,1513100631,0x86fa049857e0209aa7d9e616f7eb3b3b78ecfdb0,0xbadb3fc823e3d55b655796e6c21adf0d2c3e9d231e7272ae8b8d20688f42ab71,0.0
2322,0xa30d8157911ef23c46c0eb71889efe6a648a41f7,1513100871,0xe0b7927c4af23765cb51314a0e0521a9645f0e2a,0xbe6e96d6ed35a339dcb270e3f23695194114bfdbfcdb11b7a5413a1e7f59db7c,0.0
2323,0xa30d8157911ef23c46c0eb71889efe6a648a41f7,1513101100,0x86fa049857e0209aa7d9e616f7eb3b3b78ecfdb0,0xdc4dce73f92126ab787e840b29f6c244b2df5a4ba736a4fb15e1f8838c47c2e0,0.0
2324,0xa30d8157911ef23c46c0eb71889efe6a648a41f7,1513101422,0x86fa049857e0209aa7d9e616f7eb3b3b78ecfdb0,0x00acfd0fcff3841dc08baaff6098042ce9b33465e7ad04fa0840b1e0e6f154db,0.0
2325,0xa30d8157911ef23c46c0eb71889efe6a648a41f7,1513101479,0x86fa049857e0209aa7d9e616f7eb3b3b78ecfdb0,0xdc389f2d75f93ed88387b7896394edebfadb5b9a4da9098183bb0b483393e874,0.0
2326,0xa30d8157911ef23c46c0eb71889efe6a648a41f7,1513101809,0xd26114cd6ee289accf82350c8d8487fedb8a0c07,0xce36b99a26c2eb2f4c377ea440efc25f44246f9fe6216fa6c1cd0209618a7c38,0.0
2327,0xa30d8157911ef23c46c0eb71889efe6a648a41f7,1513102670,0x86fa049857e0209aa7d9e616f7eb3b3b78ecfdb0,0x25bea354b41942ea74f022da40801441d2fcfbb5e79d44a9d9cd1a6b6dd934e2,0.0
2328,0xa30d8157911ef23c46c0eb71889efe6a648a41f7,1513103175,0xcb97e65f07da24d46bcdd078ebebd7c6e6e3d750,0xa14be167aead0606d9730770385b96df106200b82a4c6090947ae758e376c4db,0.0
2329,0xa30d8157911ef23c46c0eb71889efe6a648a41f7,1513105020,0xd26114cd6ee289accf82350c8d8487fedb8a0c07,0x067285bb97e124441884ca0a050e06f838faec9273dbb7fb29e82778c30ddafa,0.0
2330,0xa30d8157911ef23c46c0eb71889efe6a648a41f7,1513105481,0xb63b606ac810a52cca15e44bb630fd42d8d1d83d,0x32c2fa94fb1c115d77f78f1651e266b5c3493d41d6a06df4379526d69254ca23,0.0
2331,0xa30d8157911ef23c46c0eb71889efe6a648a41f7,1513105840,0xb63b606ac810a52cca15e44bb630fd42d8d1d83d,0x619cfcc1a72b9d4851b7b28faa103e11064da41cdd62a8998e9cb769592e7c4d,0.0
2332,0xa30d8157911ef23c46c0eb71889efe6a648a41f7,1513108202,0x86fa049857e0209aa7d9e616f7eb3b3b78ecfdb0,0xec3ab83a82d708e96f9df04e6504ec43d0f45f89838cfcfee4d9d58303a8d40f,0.0
2333,0xa30d8157911ef23c46c0eb71889efe6a648a41f7,1513108673,0xd850942ef8811f2a866692a623011bde52a462c1,0x51dfab006e126fa0bd3a0762bdd80d15bdf23f4b897b19383f68cae9e6abae02,0.0
2334,0xa30d8157911ef23c46c0eb71889efe6a648a41f7,1513109140,0x86fa049857e0209aa7d9e616f7eb3b3b78ecfdb0,0xd5790c4fa069d220f55d7c870f83076a5071efcce7dbab9255791e72fb32707e,0.0
2335,0xa30d8157911ef23c46c0eb71889efe6a648a41f7,1513109575,0xaf30d2a7e90d7dc361c8c4585e9bb7d2f6f15bc7,0x0b968dc2697a7cffd0e95036b5674672a75e0390be26a383b397f0198a0746e3,0.0
2336,0xa30d8157911ef23c46c0eb71889efe6a648a41f7,1513111294,0x0f5d2fb29fb7d3cfee444a200298f468908cc942,0x4f37be0a609a44ab4bb47290785e9904032c3274cf096ae324eacd3b594566a3,0.0
2337,0xa30d8157911ef23c46c0eb71889efe6a648a41f7,1513111933,0x0f5d2fb29fb7d3cfee444a200298f468908cc942,0x1003eaf42b5de232f99fa6a1bfa3da577603960a84316eb38abf8e8ae42d32bc,0.0
2338,0xa30d8157911ef23c46c0eb71889efe6a648a41f7,1513113120,0x86fa049857e0209aa7d9e616f7eb3b3b78ecfdb0,0x1431dbe2b45e7ed477336ef2f2d83b5f10b44594fbe97256bd8860103b52524f,0.0
2339,0xa30d8157911ef23c46c0eb71889efe6a648a41f7,1513114057,0x00e3fc4dd5dbbf706af05eb5f9fd7716cf608572,0xb7758aec488c7dfcd944b014e3586f30e5222d51ff16561262301c990a283793,0.03
2340,0xa30d8157911ef23c46c0eb71889efe6a648a41f7,1513114899,0x86fa049857e0209aa7d9e616f7eb3b3b78ecfdb0,0x79c930483816bc7076052f12580e824167b751e39b430155e8994b9632f5fcd0,0.0
2341,0xa30d8157911ef23c46c0eb71889efe6a648a41f7,1513115064,0x86fa049857e0209aa7d9e616f7eb3b3b78ecfdb0,0xd409a1968a8326f6b613a50801d3d6237a68ed2b117b968f17372f951e4dfd46,0.0
2342,0xa30d8157911ef23c46c0eb71889efe6a648a41f7,1513115375,0x2b79f22ac4bb647039de3b9bb106d587e270d31d,0x900744cc5e349a7c34c814111bbfa8a59bf322e00e6cc23ce85e5ce018b49863,1.0
2343,0xa30d8157911ef23c46c0eb71889efe6a648a41f7,1513115854,0x86fa049857e0209aa7d9e616f7eb3b3b78ecfdb0,0xb5cd7ec2d7d15fb1e42723b4e3dc9d619c97125c3cdf43a58aa5624966008b9b,0.0
2344,0xa30d8157911ef23c46c0eb71889efe6a648a41f7,1513117335,0x86fa049857e0209aa7d9e616f7eb3b3b78ecfdb0,0x152660e8a630fbbdb44f4a4b80480db9c7b13a2e92342bdac981d902355d912f,0.0
2345,0xa30d8157911ef23c46c0eb71889efe6a648a41f7,1513118352,0xd26114cd6ee289accf82350c8d8487fedb8a0c07,0x45835ca05c7b8a62652a2a5336bd46a640dcfecc17790f735a19139e3a011647,0.0
2346,0xa30d8157911ef23c46c0eb71889efe6a648a41f7,1513118824,0x0f5d2fb29fb7d3cfee444a200298f468908cc942,0x3400ead78799e026691ec7775ae37d05669fcb4f438d1cfb6a5f0870c7246a07,0.0
2347,0xa30d8157911ef23c46c0eb71889efe6a648a41f7,1513119819,0x86fa049857e0209aa7d9e616f7eb3b3b78ecfdb0,0xa471cba80a181549fc82e761a6e75be68d8e1ab2932453ef9ab9cb44fbdbae96,0.0
2348,0xa30d8157911ef23c46c0eb71889efe6a648a41f7,1513120073,0x86fa049857e0209aa7d9e616f7eb3b3b78ecfdb0,0x189f45debfe38e2fc33a2ee9190bfcf5883329cdcfff843ac5f7c91bcec7113f,0.0
2349,0xa30d8157911ef23c46c0eb71889efe6a648a41f7,1513121115,0x86fa049857e0209aa7d9e616f7eb3b3b78ecfdb0,0x714c7240b44a385bd9563064c938cd001b5888b35d2415f27b063305ee6ab39a,0.0
2350,0xa30d8157911ef23c46c0eb71889efe6a648a41f7,1513121306,0x86fa049857e0209aa7d9e616f7eb3b3b78ecfdb0,0xc612c2b0a734cbd67294afa749566917d751ed6b721568608a427641a532fe76,0.0
2351,0xa30d8157911ef23c46c0eb71889efe6a648a41f7,1513121572,0x86fa049857e0209aa7d9e616f7eb3b3b78ecfdb0,0x2c3a44bf25673a7de909d72865f139ddc033ff01a5268671ff4e7b7c5aa95776,0.0
2352,0xa30d8157911ef23c46c0eb71889efe6a648a41f7,1513121712,0x86fa049857e0209aa7d9e616f7eb3b3b78ecfdb0,0x776ac516b7138d6493608fc60f0379eaf0dacf6e6d4d6c4c08e71841f8d3a21b,0.0
2353,0xa30d8157911ef23c46c0eb71889efe6a648a41f7,1513121822,0x86fa049857e0209aa7d9e616f7eb3b3b78ecfdb0,0xf41fb0ba1e466843119b332ec09c6a23c3270d114803b8366a7bd2058231a92e,0.0
2354,0xa30d8157911ef23c46c0eb71889efe6a648a41f7,1513121835,0x86fa049857e0209aa7d9e616f7eb3b3b78ecfdb0,0xa8dddac2226977e54b644371defaf57377d11cc192a79f708e9eea24833dd3a1,0.0
2355,0xa30d8157911ef23c46c0eb71889efe6a648a41f7,1513122093,0x86fa049857e0209aa7d9e616f7eb3b3b78ecfdb0,0x319416aeca3ce93dc0550dcef7a769aff2f79e93d03c68cc56d851239759dc65,0.0
2356,0xa30d8157911ef23c46c0eb71889efe6a648a41f7,1513122181,0x86fa049857e0209aa7d9e616f7eb3b3b78ecfdb0,0x4ae23b78e7ebfa32bf413eec7de99852fa60d5af96e531b4beb41d0139219a73,0.0
2357,0xa30d8157911ef23c46c0eb71889efe6a648a41f7,1513122420,0x86fa049857e0209aa7d9e616f7eb3b3b78ecfdb0,0xdfc43f69e8c244ebb7194aeb940d230a0ae1dee2d0d4e4c5fb9e9c1508347f4b,0.0
2358,0xa30d8157911ef23c46c0eb71889efe6a648a41f7,1513122478,0x86fa049857e0209aa7d9e616f7eb3b3b78ecfdb0,0x80183091433374f183af0abaab22d83d46cc41824e5b413473367fe1901444d1,0.0
2359,0xa30d8157911ef23c46c0eb71889efe6a648a41f7,1513122547,0x86fa049857e0209aa7d9e616f7eb3b3b78ecfdb0,0xd66be1eb8e48c9236faec1670e8c237581d6cab812f65de15152ce1288a2f818,0.0
2360,0xa30d8157911ef23c46c0eb71889efe6a648a41f7,1513122650,0x86fa049857e0209aa7d9e616f7eb3b3b78ecfdb0,0xd253136d225d411876483eb0951bd5903e14d0717f9d4e1962e7fa572bc2f0fd,0.0
2361,0xa30d8157911ef23c46c0eb71889efe6a648a41f7,1513122777,0x86fa049857e0209aa7d9e616f7eb3b3b78ecfdb0,0x540d5fc59bd83a37718327d4651c4fe566d5ce3a6e2448d26febb82c628e0da1,0.0
2362,0xa30d8157911ef23c46c0eb71889efe6a648a41f7,1513122966,0x86fa049857e0209aa7d9e616f7eb3b3b78ecfdb0,0x25b48a5113c4c1de86e727105d1275b3b2e1321e0097bf6bb854e7afbe31a482,0.0
2363,0xa30d8157911ef23c46c0eb71889efe6a648a41f7,1513123029,0x86fa049857e0209aa7d9e616f7eb3b3b78ecfdb0,0x84ba3b6d0a59226f1a35317da30b6a7a96d3513335147e073a2f32d4ec27879c,0.0
2364,0xa30d8157911ef23c46c0eb71889efe6a648a41f7,1513123592,0x86fa049857e0209aa7d9e616f7eb3b3b78ecfdb0,0x7df0bbeb22b97c9f9cea947f83794d1f55abdafb58afe9322135ffbef8f5841d,0.0
2365,0xa30d8157911ef23c46c0eb71889efe6a648a41f7,1513123628,0xb6beeac557c5eed1a09dd381b43ba0641fdbcea1,0xc39e542ab8b955127b0e5c6a4d3c6f40efcbd51433aff2dffa423edae2f67bba,25.9151
2366,0xa30d8157911ef23c46c0eb71889efe6a648a41f7,1513123723,0x86fa049857e0209aa7d9e616f7eb3b3b78ecfdb0,0xfd4b001c3de013a1b1aeb2eeb1758576d26feff14cb533ec6a55c8f4c1fa8cb3,0.0
2367,0xa30d8157911ef23c46c0eb71889efe6a648a41f7,1513123795,0x86fa049857e0209aa7d9e616f7eb3b3b78ecfdb0,0x02f1899013baa49d16726928ae212d5f0c67e342b6dc203c36c7346ff5b87177,0.0
2368,0xa30d8157911ef23c46c0eb71889efe6a648a41f7,1513123884,0x86fa049857e0209aa7d9e616f7eb3b3b78ecfdb0,0xc3face048422cebbe59bd5e5ae7269e6cb6d39abaca5687b12863e054f0fe7ce,0.0
2369,0xa30d8157911ef23c46c0eb71889efe6a648a41f7,1513124253,0x86fa049857e0209aa7d9e616f7eb3b3b78ecfdb0,0x3e08cbbc7341f9f279b4f1de517de9ed67a22a21ed7c07c99f899c5aa41319d7,0.0
2370,0xa30d8157911ef23c46c0eb71889efe6a648a41f7,1513124268,0x86fa049857e0209aa7d9e616f7eb3b3b78ecfdb0,0x5f8db12c8f75d2a8ab3b8d8f7828f82cd7a7992fbba1e74dac3c26fa050d023b,0.0
2371,0xa30d8157911ef23c46c0eb71889efe6a648a41f7,1513124499,0x133595850416140ea176ecc94d7e5f427fbb8a01,0xa835d71479042a149ad8182a748250b2163c463cb879ebfe911a4f7b7a7fe2c6,3.8
2372,0xa30d8157911ef23c46c0eb71889efe6a648a41f7,1513124751,0x1e3a6c35359d210f7542831f4b94808c9b5bee37,0x02781f7d58150275dc7b6a765155b95f6bfd3bf7bceaf02340f20547cb146a4e,3.03
2373,0xa30d8157911ef23c46c0eb71889efe6a648a41f7,1513124808,0x86fa049857e0209aa7d9e616f7eb3b3b78ecfdb0,0x41e3c7d44451c703e2eba0e5392a083342af6831177698f81ffc2a3c2df6a680,0.0
2374,0xa30d8157911ef23c46c0eb71889efe6a648a41f7,1513125783,0x86fa049857e0209aa7d9e616f7eb3b3b78ecfdb0,0xc895a0d69d75914384b4c6b16abb79e795f2a3761bfc4aa226045a935f1157c9,0.0
2375,0xa30d8157911ef23c46c0eb71889efe6a648a41f7,1513125801,0x86fa049857e0209aa7d9e616f7eb3b3b78ecfdb0,0x2161117167bcbf6546997d1c762a9165aed587d8393c7f0c3a0b17a558921d43,0.0
2376,0xa30d8157911ef23c46c0eb71889efe6a648a41f7,1513125876,0x86fa049857e0209aa7d9e616f7eb3b3b78ecfdb0,0x1faab60944f88646d3a5aa9cafb1cd050cd475340e5b9241b5df0ef0bbedbf9d,0.0
2377,0xa30d8157911ef23c46c0eb71889efe6a648a41f7,1513125966,0x86fa049857e0209aa7d9e616f7eb3b3b78ecfdb0,0xa107e919f087e035a5c94e97deebc39fbb25f8a5324441dfdc7ab936041782c1,0.0
2378,0xa30d8157911ef23c46c0eb71889efe6a648a41f7,1513126611,0x86fa049857e0209aa7d9e616f7eb3b3b78ecfdb0,0xa70c47d5cad25b3f30d9a03d8b0e42af4d165f0d09437e0285da305001d6bbd3,0.0
2379,0xa30d8157911ef23c46c0eb71889efe6a648a41f7,1513126691,0x86fa049857e0209aa7d9e616f7eb3b3b78ecfdb0,0x5b102a78e67c0868fbcf0ed7834bf8e650d9e7d12fc3165246ed9d8b7dbaa8f6,0.0
2380,0xa30d8157911ef23c46c0eb71889efe6a648a41f7,1513126729,0x86fa049857e0209aa7d9e616f7eb3b3b78ecfdb0,0x2dbda406491c4d03ffe040485b22b9b96d96e6a5f9d9864a812f0ad544a2e042,0.0
2381,0xa30d8157911ef23c46c0eb71889efe6a648a41f7,1513126843,0x86fa049857e0209aa7d9e616f7eb3b3b78ecfdb0,0x64dc21ff1bd756cf4b95321c71322517c12591f08179c40e1ec222dd42f50ad8,0.0
2382,0xa30d8157911ef23c46c0eb71889efe6a648a41f7,1513126975,0x86fa049857e0209aa7d9e616f7eb3b3b78ecfdb0,0xaf91ebbce6f09206ecadbbcdd29692ea774023902ef9c8bcef5b3894b26a1b48,0.0
2383,0xa30d8157911ef23c46c0eb71889efe6a648a41f7,1513127018,0x86fa049857e0209aa7d9e616f7eb3b3b78ecfdb0,0xd89bf27f860791db689f81afed9ec9179742bfb287e9f67d94a8d93141ef521d,0.0
2384,0xa30d8157911ef23c46c0eb71889efe6a648a41f7,1513127219,0x86fa049857e0209aa7d9e616f7eb3b3b78ecfdb0,0x965ccc1610f8c5b39cabcbd510a4fefaf20f9666290d5c173a5039b12945a2fe,0.0
2385,0xa30d8157911ef23c46c0eb71889efe6a648a41f7,1513127236,0x86fa049857e0209aa7d9e616f7eb3b3b78ecfdb0,0x9f89bfe206f938b212413c7453a160489f371da90ef70eaf6c98882d5e1b5fee,0.0
2386,0xa30d8157911ef23c46c0eb71889efe6a648a41f7,1513127493,0x86fa049857e0209aa7d9e616f7eb3b3b78ecfdb0,0x604167f0c9b7848044d8f171b8e500667e9f352ad52f39b394da4ef9255f95b9,0.0
2387,0xa30d8157911ef23c46c0eb71889efe6a648a41f7,1513127538,0x86fa049857e0209aa7d9e616f7eb3b3b78ecfdb0,0x75f551ae1681b7778521e9b4bc9fe35844296bea852725ddc9e82097e9b78279,0.0
2388,0xa30d8157911ef23c46c0eb71889efe6a648a41f7,1513127585,0x86fa049857e0209aa7d9e616f7eb3b3b78ecfdb0,0x2fcc0cb4f6eda3629761e0497e114075f6a810f3fbdf506504e1e1bc7c6230b0,0.0
2389,0xa30d8157911ef23c46c0eb71889efe6a648a41f7,1513127604,0x86fa049857e0209aa7d9e616f7eb3b3b78ecfdb0,0x6467886ae8b621c8a863ed3ff1c1b4fac06aefb0195f9adc2b897867c5cf73af,0.0
2390,0xa30d8157911ef23c46c0eb71889efe6a648a41f7,1513127623,0x86fa049857e0209aa7d9e616f7eb3b3b78ecfdb0,0xe6f47a9a46f91896238b381773dd013f8a395ab9baf2c78c46db88848d26a0b8,0.0
2391,0xa30d8157911ef23c46c0eb71889efe6a648a41f7,1513127633,0x86fa049857e0209aa7d9e616f7eb3b3b78ecfdb0,0xc915f46bbd0e208fe85c46db96a598d756d160007f13069cf2c1c9880170bbbd,0.0
2392,0xa30d8157911ef23c46c0eb71889efe6a648a41f7,1513127726,0xe0b7927c4af23765cb51314a0e0521a9645f0e2a,0x97791a27aa754f0d020cccb43eba0ec3f0bda1e33527d9f2761cea14650bf9d9,0.0
2393,0xa30d8157911ef23c46c0eb71889efe6a648a41f7,1513127944,0x824d5e5f7c527b10cb37209f922314c3cc64dec2,0xe832cc9735f343361254f2cfa061aa1daac33acdfcb0450a14cd105b2dc0b68d,7.0
2394,0xa30d8157911ef23c46c0eb71889efe6a648a41f7,1513128034,0xb63b606ac810a52cca15e44bb630fd42d8d1d83d,0x2c1650231f4dbc3a5d642840d26f2e913d1d296d44171073afffe61d995495f1,0.0
2395,0xa30d8157911ef23c46c0eb71889efe6a648a41f7,1513128108,0x2b7f2d98ec595deac1705222504761906b61114d,0xcba17087f6dcf0467f4e94936ccd3db41ff854c853ed123e13d29e1127c142cc,1.5
2396,0xa30d8157911ef23c46c0eb71889efe6a648a41f7,1513128159,0x86fa049857e0209aa7d9e616f7eb3b3b78ecfdb0,0x11106ba9058520e5be69e83bdd388eaa5c960b9caaaaec415f683d62d9c1af20,0.0
2397,0xa30d8157911ef23c46c0eb71889efe6a648a41f7,1513128707,0xb63b606ac810a52cca15e44bb630fd42d8d1d83d,0x2899085e24035d2b06ed22ff8e2ec6157e4a1f6c706df9a568f09eb7ca7eb7d1,0.0
2398,0xa30d8157911ef23c46c0eb71889efe6a648a41f7,1513128707,0x86fa049857e0209aa7d9e616f7eb3b3b78ecfdb0,0x493e67d921ff6b16a306c77af0671c8f9db53db91b41a1a07929fc198c611218,0.0
2399,0xa30d8157911ef23c46c0eb71889efe6a648a41f7,1513128707,0x86fa049857e0209aa7d9e616f7eb3b3b78ecfdb0,0x7fcce93b826948786e395a15b9e5e7e8e90be1a0433ab6d636cb26bb82e31d8d,0.0
2400,0xa30d8157911ef23c46c0eb71889efe6a648a41f7,1513128707,0x86fa049857e0209aa7d9e616f7eb3b3b78ecfdb0,0x6439dd1cf48bb022053aa6f1654b5edb8998002b4b5605d8076096b2a8922537,0.0
2401,0xa30d8157911ef23c46c0eb71889efe6a648a41f7,1513129109,0x86fa049857e0209aa7d9e616f7eb3b3b78ecfdb0,0x9450a8c0b9dfe16942afbe7b677a34dee2b9e5799313663777a783cf32ff877d,0.0
2402,0xa30d8157911ef23c46c0eb71889efe6a648a41f7,1513129331,0x86fa049857e0209aa7d9e616f7eb3b3b78ecfdb0,0x1dfec8b2d53b157e10e8994c10a2ea3a32ebeb17a73c47ef3b2c1b7335bdb07d,0.0
2403,0xa30d8157911ef23c46c0eb71889efe6a648a41f7,1513129610,0x86fa049857e0209aa7d9e616f7eb3b3b78ecfdb0,0x97e8f81f41ac9cfff2d86c94cb2da6b01d26ec712f739176417a65a15abaadc7,0.0
2404,0xa30d8157911ef23c46c0eb71889efe6a648a41f7,1513130086,0x86fa049857e0209aa7d9e616f7eb3b3b78ecfdb0,0x60f5a43583b5da24255f71084010f989b038b8eb3c313fe7a1b12e10d29d5172,0.0
2405,0xa30d8157911ef23c46c0eb71889efe6a648a41f7,1513130198,0x86fa049857e0209aa7d9e616f7eb3b3b78ecfdb0,0xafc1b384d0c96c09f8d4322324e97663ff14e977527e0953b379d604731ff990,0.0
2406,0xa30d8157911ef23c46c0eb71889efe6a648a41f7,1513130524,0x86fa049857e0209aa7d9e616f7eb3b3b78ecfdb0,0xeab7a60473ae6cec7397a013b817289e990ba0d23ccad4bb714d78b6879aed4d,0.0
2407,0xa30d8157911ef23c46c0eb71889efe6a648a41f7,1513130676,0x9f6bee6899ccd70cf776107ca787cd88dcca0b37,0x491315e7a5ccdc027cd939e9fce6419e63829981b815db78dde5d85dc4cd5a66,5.0
2408,0xa30d8157911ef23c46c0eb71889efe6a648a41f7,1513130708,0x86fa049857e0209aa7d9e616f7eb3b3b78ecfdb0,0xcd3ef7f6794c1efd2c6946607a17e2143670c840892b0db57a81ba8ad19a144b,0.0
2409,0xa30d8157911ef23c46c0eb71889efe6a648a41f7,1513130840,0x3c5117479de92abcc2ee0110f8fd94aee048014e,0x1322449f846f8a4596fda53c68384073a8965ef3141eb74939d77f474850ba56,0.1
2410,0xa30d8157911ef23c46c0eb71889efe6a648a41f7,1513130989,0xe5e3cf8062d2dacc870cc6dce81c669558a309ab,0x895ce15fd251b103251c495411972ab6c96a2283b1e97f3d23fc1ae39e63df6a,0.973
2411,0xa30d8157911ef23c46c0eb71889efe6a648a41f7,1513131177,0x2e6185745a9be92967df7472ee8a0a680606b2ce,0x4e03a0f64a1b2cb860660d33f0c45196f4a46d04b8597b039e2774b6df75b003,17.5
2412,0xa30d8157911ef23c46c0eb71889efe6a648a41f7,1513131188,0xec3f115343c822b7b7e50de36feb5e88dea3dff2,0x0b86a43a7744a52ae8ecaed9211cad5953935394455ad2c38ae394330c1aa832,2.4
2413,0xa30d8157911ef23c46c0eb71889efe6a648a41f7,1513131261,0xb63b606ac810a52cca15e44bb630fd42d8d1d83d,0x8e2f3e9263a48bdf68890ec62f52a264709c0344d62ed2f57f92b3774e00842e,0.0
2414,0xa30d8157911ef23c46c0eb71889efe6a648a41f7,1513131308,0x86fa049857e0209aa7d9e616f7eb3b3b78ecfdb0,0xe3b1bfd61831c51b831e2e4664f592f7cbebe9f39a2c1282c2c95e041348ddcf,0.0
2415,0xa30d8157911ef23c46c0eb71889efe6a648a41f7,1513131414,0x86fa049857e0209aa7d9e616f7eb3b3b78ecfdb0,0xb1505a800dc5178f385ef3f3fc16b9056a751e052e571c1691a3168a8b359c7a,0.0
2416,0xa30d8157911ef23c46c0eb71889efe6a648a41f7,1513131531,0x86fa049857e0209aa7d9e616f7eb3b3b78ecfdb0,0x1f91e2a404b53629a27292b96a14939f7979ab3714df7d0adc1509c43f16b70a,0.0
2417,0xa30d8157911ef23c46c0eb71889efe6a648a41f7,1513131706,0x4290563c2d7c255b5eec87f2d3bd10389f991d68,0x8bcfbad784170a7db606c2ba22d0a06cf420b1f65e270f63434416960a7b0492,0.0
2418,0xa30d8157911ef23c46c0eb71889efe6a648a41f7,1513131823,0x2fcf88395794ef01f6fb8e0fe1aa756d21a43c6a,0x7a891a2e29d3c7187544275b980114c7d960b96317bd51f138f042bed30a5bb1,11.0
2419,0xa30d8157911ef23c46c0eb71889efe6a648a41f7,1513131894,0x86fa049857e0209aa7d9e616f7eb3b3b78ecfdb0,0x37ef71338833cf3ddb5393caf64c7c2a117b104865f116c8755fbcb2bca66800,0.0
2420,0xa30d8157911ef23c46c0eb71889efe6a648a41f7,1513132313,0x86fa049857e0209aa7d9e616f7eb3b3b78ecfdb0,0x8e3e866b631b5e1d85cc4bd34c1c94aa37ea2f317cce7a339e836b889eb09090,0.0
2421,0xa30d8157911ef23c46c0eb71889efe6a648a41f7,1513132456,0x0f5d2fb29fb7d3cfee444a200298f468908cc942,0x01b677b1c40b4a6dc412474e422ee2d915778b29a88484b717e8d11c53045795,0.0
2422,0xa30d8157911ef23c46c0eb71889efe6a648a41f7,1513132456,0x0f5d2fb29fb7d3cfee444a200298f468908cc942,0x64cee7cfb0a162cd0b6f7aab4d992da36f07faf0eb31fdb6a91fbc8bb7835fbe,0.0
2423,0xa30d8157911ef23c46c0eb71889efe6a648a41f7,1513132532,0x0ec0cba353e7616d4094da169ccd8e3eb1e4bbde,0x11a59d748c0078924a302c45a113d3cee1dcaa59a182113e0dc1262c7e5def06,77.86
2424,0xa30d8157911ef23c46c0eb71889efe6a648a41f7,1513132803,0x0f5d2fb29fb7d3cfee444a200298f468908cc942,0x8e6b827778f751bee8303ff655df6ffe8876fd4881a8ced4b095a3fbc514f502,0.0
2425,0xa30d8157911ef23c46c0eb71889efe6a648a41f7,1513132867,0xe0b7927c4af23765cb51314a0e0521a9645f0e2a,0x6b98cefa611228a54bfb2daf9fbbddaa4f044077f6c5063ec9525f90da2447b9,0.0
2426,0xa30d8157911ef23c46c0eb71889efe6a648a41f7,1513133059,0xa645264c5603e96c3b0b078cdab68733794b0a71,0xdcbafa8e047864b1a6dbb28ecbdbca7df53c44ac457c887a0b189af1fc2fdca6,0.0
2427,0xa30d8157911ef23c46c0eb71889efe6a648a41f7,1513133129,0x364499826ade4a7a4ce79472249806db7f0cf06b,0xa42a42a3eb948c8f04312d2d685fea589f02ad22414f4e61c66d89f5d8227822,2.78
2428,0xa30d8157911ef23c46c0eb71889efe6a648a41f7,1513133163,0x86fa049857e0209aa7d9e616f7eb3b3b78ecfdb0,0x02849449ae0c1703ca6dc98c744d9b06cabd7c0e9089ea9e138db982f085d80a,0.0
2429,0xa30d8157911ef23c46c0eb71889efe6a648a41f7,1513133207,0x86fa049857e0209aa7d9e616f7eb3b3b78ecfdb0,0xed0056dd16045ea5bd4de73d33d1b4edadb027964b8fb108cf83ed8065893f1f,0.0
2430,0xa30d8157911ef23c46c0eb71889efe6a648a41f7,1513133336,0x86fa049857e0209aa7d9e616f7eb3b3b78ecfdb0,0x21709b886bafc0515b7688eb9284bf17f27c3844d640cd1137afe80f55aab0d3,0.0
2431,0xa30d8157911ef23c46c0eb71889efe6a648a41f7,1513133376,0x6b4f9752230c41ea7d91db6d00d6c15964015a34,0xab41019c130324cdd32553ae14679f071e5238bb8753f02d90067f31ec9f47ae,0.01
2432,0xa30d8157911ef23c46c0eb71889efe6a648a41f7,1513133427,0x86fa049857e0209aa7d9e616f7eb3b3b78ecfdb0,0x08bbaa9de898ce544f03a9bdc785f04d99eef766c66ddd3cc9ffb1f9c902c99d,0.0
2433,0xa30d8157911ef23c46c0eb71889efe6a648a41f7,1513133471,0x86fa049857e0209aa7d9e616f7eb3b3b78ecfdb0,0x89067597346953952af465af3f905141e952bcd899d4a27899a4c80825593a6b,0.0
2434,0xa30d8157911ef23c46c0eb71889efe6a648a41f7,1513133471,0x0f5d2fb29fb7d3cfee444a200298f468908cc942,0x6b7265bd20e3da0b7fa5fdb225dcc7d33ce0f92ef4cf7e308c8a81d8f2dff1f5,0.0
2435,0xa30d8157911ef23c46c0eb71889efe6a648a41f7,1513133513,0x86fa049857e0209aa7d9e616f7eb3b3b78ecfdb0,0x2d8190be8077e86a2231624dcd78bac9eb9dc7668ed8cc43ed93c8e615222eed,0.0
2436,0xa30d8157911ef23c46c0eb71889efe6a648a41f7,1513133588,0xd26114cd6ee289accf82350c8d8487fedb8a0c07,0x681a73195f9724f2b7e7f56bd06a78ccd22d2eaf8b750f3491f4faf5d12efb28,0.0
2437,0xa30d8157911ef23c46c0eb71889efe6a648a41f7,1513133633,0x24e059664e545a3dfe07379a8cb1810bb664917a,0xf0aec9a1606e0c21fa46049f0721006586cf2ec831d043c53b7406479cead60c,4.54
2438,0xa30d8157911ef23c46c0eb71889efe6a648a41f7,1513133919,0x86fa049857e0209aa7d9e616f7eb3b3b78ecfdb0,0x5b2fa1e5f30f7648be43f56b12ee912830af0cb2f4a80d3135acf756d39b3ca2,0.0
2439,0xa30d8157911ef23c46c0eb71889efe6a648a41f7,1513134121,0x744d70fdbe2ba4cf95131626614a1763df805b9e,0xa38bcc83cebe62ebd84b817141bbb42085a773d53a46f60d377cb9f1bc09bae9,0.0
2440,0xa30d8157911ef23c46c0eb71889efe6a648a41f7,1513134132,0x86fa049857e0209aa7d9e616f7eb3b3b78ecfdb0,0x31b7f1372d987633b3c089a48f778e8731186d11890eae7f438c4af8d0ab3de0,0.0
2441,0xa30d8157911ef23c46c0eb71889efe6a648a41f7,1513134170,0x86fa049857e0209aa7d9e616f7eb3b3b78ecfdb0,0x548324c6a0dc3a62966830176cced9839995961eb3eadad71988d266da199fa6,0.0
2442,0xa30d8157911ef23c46c0eb71889efe6a648a41f7,1513134203,0x86fa049857e0209aa7d9e616f7eb3b3b78ecfdb0,0x47dc20ceb977b11818a9067ab595f3204a60508f493eee590cf1f8ffe8df9153,0.0
2443,0xa30d8157911ef23c46c0eb71889efe6a648a41f7,1513134203,0xb63b606ac810a52cca15e44bb630fd42d8d1d83d,0x868160c7acbf534ddc41a32c909dd842fcbf714dcaae11d85dc34286648d64da,0.0
2444,0xa30d8157911ef23c46c0eb71889efe6a648a41f7,1513134380,0x9d235bb361802be09ae86d768e2b8200a22c3bb7,0x525e9602e06b4b4249e38a60444ccbd39b4eb7b71af1943a5236bc590598c3d8,2.0
2445,0xa30d8157911ef23c46c0eb71889efe6a648a41f7,1513134390,0x86fa049857e0209aa7d9e616f7eb3b3b78ecfdb0,0x17f7e5ffbcf307768e465a77d7454d64fed775d5a7c515c879ae7ae54debc8c2,0.0
2446,0xa30d8157911ef23c46c0eb71889efe6a648a41f7,1513134411,0x86fa049857e0209aa7d9e616f7eb3b3b78ecfdb0,0x6b5ebab6965bbd2342b20b9c0d298489864747abb29c95fd910b0d16878279d3,0.0
2447,0xa30d8157911ef23c46c0eb71889efe6a648a41f7,1513134444,0x39db477a75ccf2fbfd1f213b7aef4177dc124ac0,0x96507eb2cc3d548a24b52a547d056508c4eb9e5cdcf10ba131ef73dedb1c5eaf,1.76
2448,0xa30d8157911ef23c46c0eb71889efe6a648a41f7,1513134457,0x86fa049857e0209aa7d9e616f7eb3b3b78ecfdb0,0x5469cf79b276c4cbff68672ffecaaf5033d73b6963fef83863820db08fe48186,0.0
2449,0xa30d8157911ef23c46c0eb71889efe6a648a41f7,1513134694,0xb63b606ac810a52cca15e44bb630fd42d8d1d83d,0x37c5f3785e93ef2e619497ec63b4cd98663ad0ea4109fceb5d08e1682fd05471,0.0
2450,0xa30d8157911ef23c46c0eb71889efe6a648a41f7,1513134936,0x952869e79289f85263522f4cfcd2667bfe6e11d5,0xe3e5abcdb49691055ff05f910d1c301669496d639c6a55898078268b979aa08d,38.99
2451,0xa30d8157911ef23c46c0eb71889efe6a648a41f7,1513135038,0x86fa049857e0209aa7d9e616f7eb3b3b78ecfdb0,0x263ee4aa12753d374a3cf5b14760fa32d3461974c6470a5b17ecbedddbddda36,0.0
2452,0xa30d8157911ef23c46c0eb71889efe6a648a41f7,1513135144,0xbf0589cb438b70e84acdd10300099a0807ae5a7f,0xedd2b85923b371da9fef4bfe98a0fa2fc271f2297fa69138cd8582c832fffb20,0.48311213
2453,0xa30d8157911ef23c46c0eb71889efe6a648a41f7,1513135359,0x6b4f9752230c41ea7d91db6d00d6c15964015a34,0x3e278115ced59b3f2dc2cab0405b66393d24a3f816b9ca4547babc5c3a72578e,12.0
2454,0xa30d8157911ef23c46c0eb71889efe6a648a41f7,1513135359,0x86fa049857e0209aa7d9e616f7eb3b3b78ecfdb0,0x5cc44e36818627344cc606673d183c5889c5ca81c78bbc73bdf910a139b53f6d,0.0
2455,0xa30d8157911ef23c46c0eb71889efe6a648a41f7,1513135392,0x744d70fdbe2ba4cf95131626614a1763df805b9e,0x90a97e6e77bb3d9d78871f211703548eea63ae0b1399e893262cc233ae0e01c6,0.0
2456,0xa30d8157911ef23c46c0eb71889efe6a648a41f7,1513135414,0x86fa049857e0209aa7d9e616f7eb3b3b78ecfdb0,0x1d837f6f2542dfc8803f766ff8375e5e32b56ef653f0ce8c212a1a8189e1e210,0.0
2457,0xa30d8157911ef23c46c0eb71889efe6a648a41f7,1513135461,0xb63b606ac810a52cca15e44bb630fd42d8d1d83d,0xe9c1ca3b462a5cba54f946f9eb1861d5e5d1bd2e1e63bd8f3a3473d96cbc2892,0.0
2458,0xa30d8157911ef23c46c0eb71889efe6a648a41f7,1513135490,0x744d70fdbe2ba4cf95131626614a1763df805b9e,0xee6dc7544e8fc5f184190b8f744e4701ae3929d5963c4f3732de57eafacaca8b,0.0
2459,0xa30d8157911ef23c46c0eb71889efe6a648a41f7,1513135531,0x86fa049857e0209aa7d9e616f7eb3b3b78ecfdb0,0x98f46581b4c5f9dedee517038325cb818a43ebf1f6538e045faac8202fff14fe,0.0
2460,0xa30d8157911ef23c46c0eb71889efe6a648a41f7,1513135600,0xb63b606ac810a52cca15e44bb630fd42d8d1d83d,0x1b0e0a6e32dc50b291fe111b8a8ada46a8e28b71e4633b8b5e8e552108ed3d0e,0.0
2461,0xa30d8157911ef23c46c0eb71889efe6a648a41f7,1513135844,0x86fa049857e0209aa7d9e616f7eb3b3b78ecfdb0,0x127ad67c49e18c6d54931d2947754651fbe774d40fcb51ecaa333fe1da2ed015,0.0
2462,0xa30d8157911ef23c46c0eb71889efe6a648a41f7,1513135919,0x0f5d2fb29fb7d3cfee444a200298f468908cc942,0x36ca051dc3cdd715285ac66e131b2081ba1cfbca28cf8f469adc43a5eabd3a40,0.0
2463,0xa30d8157911ef23c46c0eb71889efe6a648a41f7,1513136306,0x2ccac0f3ea2cb783912f730699fd07e1433d43b7,0x421763732809e9c0cf118f345ff86b21cb7f27a5d494ef50c85fab1a1385317c,60.0
2464,0xa30d8157911ef23c46c0eb71889efe6a648a41f7,1513136550,0x86fa049857e0209aa7d9e616f7eb3b3b78ecfdb0,0xca525154d3a2eca36b8a11e73509671484995db671cc6fe9e7170956d3350c03,0.0
2465,0xa30d8157911ef23c46c0eb71889efe6a648a41f7,1513136656,0x86fa049857e0209aa7d9e616f7eb3b3b78ecfdb0,0xc237bd363a13a26fbe9c502e5fdf75a532f44798b5fe6b6a76423f3d7e925611,0.0
2466,0xa30d8157911ef23c46c0eb71889efe6a648a41f7,1513136847,0x86fa049857e0209aa7d9e616f7eb3b3b78ecfdb0,0x404a2c59a4aed64c1ee8167dc714f976062f5d99ca8c16ff518d284434aaeb51,0.0
2467,0xa30d8157911ef23c46c0eb71889efe6a648a41f7,1513136875,0xb63b606ac810a52cca15e44bb630fd42d8d1d83d,0x51c8a6f8c1e865aa91caa05e22ae3a1bf5ed9f9b8341e4fed782b2f740d67a69,0.0
2468,0xa30d8157911ef23c46c0eb71889efe6a648a41f7,1513136959,0x86fa049857e0209aa7d9e616f7eb3b3b78ecfdb0,0xccc300723fe2e3ce93f6406474670414511a3585ad72967cee4bba8cde8afc2d,0.0
2469,0xa30d8157911ef23c46c0eb71889efe6a648a41f7,1513137035,0xb63b606ac810a52cca15e44bb630fd42d8d1d83d,0x5b381c7a0b99d70da3f88670b4e248fbe0f09cb7192eca53d6ea2af238376bd6,0.0
2470,0xa30d8157911ef23c46c0eb71889efe6a648a41f7,1513137089,0x0f5d2fb29fb7d3cfee444a200298f468908cc942,0xcdd30e9db11c3c874d975a1f827011f30ca9d61d03247d45d6c28e75053d4cab,0.0
2471,0xa30d8157911ef23c46c0eb71889efe6a648a41f7,1513137123,0xb63b606ac810a52cca15e44bb630fd42d8d1d83d,0x83dfa0330bc110896591f0aa053e0e8644f78d538143617fcc2bd12f0fabd851,0.0
2472,0xa30d8157911ef23c46c0eb71889efe6a648a41f7,1513137144,0x0f5d2fb29fb7d3cfee444a200298f468908cc942,0x74ceda53f062a73a4b967dd0d62645d78e6785577fd0a6d2b23768a9d3eb42a3,0.0
2473,0xa30d8157911ef23c46c0eb71889efe6a648a41f7,1513137191,0xb63b606ac810a52cca15e44bb630fd42d8d1d83d,0x8ca18becbcc1af739e26525c529315e8d4f969cbbe6e320fe892ce1f4ebefa0f,0.0
2474,0xa30d8157911ef23c46c0eb71889efe6a648a41f7,1513137324,0x86fa049857e0209aa7d9e616f7eb3b3b78ecfdb0,0xea987919588d2b5a6116c704036341471fbefe6b40a5d2ab5adb051da01a7aaf,0.0
2475,0xa30d8157911ef23c46c0eb71889efe6a648a41f7,1513137418,0x86fa049857e0209aa7d9e616f7eb3b3b78ecfdb0,0x0fdf4e98344581dcd06ef5a1d0533cfec97cc954898d7870f91ac97aa26fbc71,0.0
2476,0xa30d8157911ef23c46c0eb71889efe6a648a41f7,1513137453,0x0f5d2fb29fb7d3cfee444a200298f468908cc942,0x6f9242b822879eeed953b12b7fffe692771b420526435bb26ca01fa5bd710fe9,0.0
2477,0xa30d8157911ef23c46c0eb71889efe6a648a41f7,1513137531,0xda02a74ac248c7854307dc41e195e4830e99bde2,0x663e4f85ce9352304163d30dcd090152b3d971cf287ae7081c2f42c5cf88a9e2,0.08
2478,0xa30d8157911ef23c46c0eb71889efe6a648a41f7,1513137830,0x86fa049857e0209aa7d9e616f7eb3b3b78ecfdb0,0xedd72ee664a7d2d33c195a9c60d0ae1f5c06f73337590960d3b8cb946e4ebd89,0.0
2479,0xa30d8157911ef23c46c0eb71889efe6a648a41f7,1513137963,0x9465fd2a6b98b12e5bdfd0e1fe6868e94a57e715,0x00345b3bb7d7b5e4f9839a7edd9125fbb7b61787fd1d7b209288d4ed99add59d,1.84
2480,0xa30d8157911ef23c46c0eb71889efe6a648a41f7,1513137973,0x0f5d2fb29fb7d3cfee444a200298f468908cc942,0xe621b5811a6bbcd5b2ed7179730244beae3605ab73efebea169e0dbadcb3f3ea,0.0
2481,0xa30d8157911ef23c46c0eb71889efe6a648a41f7,1513137973,0x86fa049857e0209aa7d9e616f7eb3b3b78ecfdb0,0x426507c5bc5a58e2b6231ab5f507c94483a1ef621d8722faea7355cfc7f28181,0.0
2482,0xa30d8157911ef23c46c0eb71889efe6a648a41f7,1513138285,0x55d349d18369f885d1005d4e853b8fec03de4011,0x424e89fdc1c50714d9aabfedeb88b606b981b3261406e5939fa1e13939d6821b,0.05
2483,0xa30d8157911ef23c46c0eb71889efe6a648a41f7,1513138326,0x0f5d2fb29fb7d3cfee444a200298f468908cc942,0x23f0e7cfd1c3028fb46f7824ed79cda9f8fb6363a06759b2bdf686ff000c6b33,0.0
2484,0xa30d8157911ef23c46c0eb71889efe6a648a41f7,1513138575,0x0f5d2fb29fb7d3cfee444a200298f468908cc942,0x838a2101df5c6cd40bac6df56da0c22bdeeda542225487bd13e39a5821d6a40e,0.0
2485,0xa30d8157911ef23c46c0eb71889efe6a648a41f7,1513139025,0xe0b7927c4af23765cb51314a0e0521a9645f0e2a,0x62a498b8800409e7d8067211dc018a00429fa145d8600ad4dcb648542df4019c,0.0
2486,0xa30d8157911ef23c46c0eb71889efe6a648a41f7,1513139091,0x86fa049857e0209aa7d9e616f7eb3b3b78ecfdb0,0x0b8b5f983ed65de48e8b0306aca02325f3f2776158252ee53c8f6f9648781dbf,0.0
2487,0xa30d8157911ef23c46c0eb71889efe6a648a41f7,1513139279,0xacbd76b2b8a3c29ca93eacc3b44032b466f156ce,0xb3b91ba868ad2fbc66f08babac00b161c73bb093cb218716ea91dadb0724d4cc,4.8022
2488,0xa30d8157911ef23c46c0eb71889efe6a648a41f7,1513139321,0xcb97e65f07da24d46bcdd078ebebd7c6e6e3d750,0x0bfb65d657437b5a0c8c3ca2ca26121b8c3c75a4fdff40321fb44b1cfb4eed41,0.0
2489,0xa30d8157911ef23c46c0eb71889efe6a648a41f7,1513139381,0x0f5d2fb29fb7d3cfee444a200298f468908cc942,0xa45594a897b2b0d149350916125b67cafd31c6579eb53e7405441688baf68707,0.0
2490,0xa30d8157911ef23c46c0eb71889efe6a648a41f7,1513139527,0x0f5d2fb29fb7d3cfee444a200298f468908cc942,0xabb79a01ec421e15a260205d1409359e6e8626b0bf5ef7091107abe3672939eb,0.0
2491,0xa30d8157911ef23c46c0eb71889efe6a648a41f7,1513139651,0xb63b606ac810a52cca15e44bb630fd42d8d1d83d,0x19f42401d46e4d671c54982e72fea458cf33f2e323eeb5aae3c58970bc687494,0.0
2492,0xa30d8157911ef23c46c0eb71889efe6a648a41f7,1513139699,0xb63b606ac810a52cca15e44bb630fd42d8d1d83d,0xad8d1e256368cf5cbecc3566f00ee3a84b771ad5eded395174c85b9d382147c8,0.0
2493,0xa30d8157911ef23c46c0eb71889efe6a648a41f7,1513140020,0x86fa049857e0209aa7d9e616f7eb3b3b78ecfdb0,0x8f41f1125735ab4372862564c0c0c9140e2f08b9d3818c97778e5983a1986cbe,0.0
2494,0xa30d8157911ef23c46c0eb71889efe6a648a41f7,1513140058,0x4a9033c9c0415fbe97041e18762c057ca1fb3194,0x9710ac4795ad8322cac53dc12c0c08fc4ebc8931a65dfbc35d1ae5fdc0c7330f,1.9773
2495,0xa30d8157911ef23c46c0eb71889efe6a648a41f7,1513140097,0x86fa049857e0209aa7d9e616f7eb3b3b78ecfdb0,0x9bf56e3fbb2cf7302eb071983476d261bfb8822db5f370d143637cf4a3ad5c74,0.0
2496,0xa30d8157911ef23c46c0eb71889efe6a648a41f7,1513140151,0xb63b606ac810a52cca15e44bb630fd42d8d1d83d,0x53e4dba8f3a7c2cc4a93134d5a9befd70cd6e592469a5ee242bb70c1a627319b,0.0
2497,0xa30d8157911ef23c46c0eb71889efe6a648a41f7,1513140266,0x86fa049857e0209aa7d9e616f7eb3b3b78ecfdb0,0x29fe82edf1d95292b5ab9badef269bd28d475078806ffd45789339b34e7cd2e2,0.0
2498,0xa30d8157911ef23c46c0eb71889efe6a648a41f7,1513140349,0x86fa049857e0209aa7d9e616f7eb3b3b78ecfdb0,0x2ee2330b280103965c453b5ea9d8490fac5b263435386023226874bc27dcb29d,0.0
2499,0xa30d8157911ef23c46c0eb71889efe6a648a41f7,1513140419,0x0f5d2fb29fb7d3cfee444a200298f468908cc942,0x6e3d030cb4b6835a4c6e304b9290064ff97a3312dcabb1fcccb0c5b0993ed266,0.0
2500,0xa30d8157911ef23c46c0eb71889efe6a648a41f7,1513140519,0x86fa049857e0209aa7d9e616f7eb3b3b78ecfdb0,0x7a23aaa5b83a7a74a13f24b7d28062c69538feb782242606cdc556ce6e904846,0.0
2501,0xa30d8157911ef23c46c0eb71889efe6a648a41f7,1513140532,0xd8deb1c63014cb272fad0673a03c1d0732c0ad6e,0x0be088f0693584d13074094cde65fb825ee83b9c3ab1b8c6c14bcb8dcac2d667,50.01
2502,0xa30d8157911ef23c46c0eb71889efe6a648a41f7,1513140890,0x86fa049857e0209aa7d9e616f7eb3b3b78ecfdb0,0xe19ac5665834eeeb7bb5121dc3ddd5f89fa0eaf1be8f854b6eb382fa14b76f3b,0.0
2503,0xa30d8157911ef23c46c0eb71889efe6a648a41f7,1513141020,0xb63b606ac810a52cca15e44bb630fd42d8d1d83d,0x85d1bc601761575bf1e10a7526be7a5cf0097aa07258aa01f74ae46c1af5c03e,0.0
2504,0xa30d8157911ef23c46c0eb71889efe6a648a41f7,1513141397,0x86fa049857e0209aa7d9e616f7eb3b3b78ecfdb0,0x42681a670f21576deca300fa47108e62e77d82e894d4c9a35c538ad0cd5e4b6d,0.0
2505,0xa30d8157911ef23c46c0eb71889efe6a648a41f7,1513141427,0x0f5d2fb29fb7d3cfee444a200298f468908cc942,0xfa4ac334fd988f39c01eb621694363e55a6bbb7288aa63965aabc3c606bd120c,0.0
2506,0xa30d8157911ef23c46c0eb71889efe6a648a41f7,1513141645,0x0f5d2fb29fb7d3cfee444a200298f468908cc942,0xbc0dfd076bbcc4da9becbfb26181d957c1df047854770722c5e6a2e3ce4213dc,0.0
2507,0xa30d8157911ef23c46c0eb71889efe6a648a41f7,1513141776,0x86fa049857e0209aa7d9e616f7eb3b3b78ecfdb0,0x7e9a9ca37eba4332c53237d50bdf9fd148311bcb4e387d5fea435534a94beb6f,0.0
2508,0xa30d8157911ef23c46c0eb71889efe6a648a41f7,1513141822,0x8effd494eb698cc399af6231fccd39e08fd20b15,0xc18b820a35d7ed58cdf07e0e0d8d1275067910a49f5dc67043dee6aac69965f0,0.0
2509,0xa30d8157911ef23c46c0eb71889efe6a648a41f7,1513142215,0xb63b606ac810a52cca15e44bb630fd42d8d1d83d,0x76363e174997afa7eb04659fcda2320ae914023a525c4f36cb40e297eb1d7ed5,0.0
2510,0xa30d8157911ef23c46c0eb71889efe6a648a41f7,1513142317,0x86fa049857e0209aa7d9e616f7eb3b3b78ecfdb0,0x035a967bb42565aa8c982497d8eac80a2a71d7a250eccd9926cde5d20e663c4b,0.0
2511,0xa30d8157911ef23c46c0eb71889efe6a648a41f7,1513142405,0x407e82b074d4f58c84066fb681e80e843fbf389d,0x6f13272b6ca86461df42889c3e37276f8564672b520fab9a0473c15a5726781d,0.2
2512,0xa30d8157911ef23c46c0eb71889efe6a648a41f7,1513142469,0x86fa049857e0209aa7d9e616f7eb3b3b78ecfdb0,0xc1160cbcd546b4ac6358b7df924cea877d8851d39efb779522524152532fe797,0.0
2513,0xa30d8157911ef23c46c0eb71889efe6a648a41f7,1513142506,0x744d70fdbe2ba4cf95131626614a1763df805b9e,0x67e8e02322e1ff5958176cfa89875aad3a95b82de02d0278e0c5368c5102abdb,0.0
2514,0xa30d8157911ef23c46c0eb71889efe6a648a41f7,1513142570,0xb63b606ac810a52cca15e44bb630fd42d8d1d83d,0x497bf796aade4446e2680996837169c2577b750409c1efcab2ee93e47fd86c3e,0.0
2515,0xa30d8157911ef23c46c0eb71889efe6a648a41f7,1513142934,0xb63b606ac810a52cca15e44bb630fd42d8d1d83d,0x4fcb2c246d33852f74040247c87701797db3a032cbda1b24b0bb6e504647c216,0.0
2516,0xa30d8157911ef23c46c0eb71889efe6a648a41f7,1513143183,0x0f5d2fb29fb7d3cfee444a200298f468908cc942,0xb5e1109cfe6c9f0ff79fec1f9c87e5182870dad2ddd6d6626c04556e36498675,0.0
2517,0xa30d8157911ef23c46c0eb71889efe6a648a41f7,1513143288,0x0f5d2fb29fb7d3cfee444a200298f468908cc942,0xaffb0ccc4c9d243599525697a0278739bd3340692701483e4c7ad69f8e3c3b15,0.0
2518,0xa30d8157911ef23c46c0eb71889efe6a648a41f7,1513143436,0x0f5d2fb29fb7d3cfee444a200298f468908cc942,0x8703ae288db679c7ce87663470a7aa6cfa1ac43d0cc44794ef1ec4c44946e92f,0.0
2519,0xa30d8157911ef23c46c0eb71889efe6a648a41f7,1513143487,0x0f5d2fb29fb7d3cfee444a200298f468908cc942,0x1f686d999d21fa8415f4b45b2d6f3d857a948e591ef4857a446dce58731be02b,0.0
2520,0xa30d8157911ef23c46c0eb71889efe6a648a41f7,1513143532,0x0f5d2fb29fb7d3cfee444a200298f468908cc942,0x1e73586c2f258a34f26959c06d9a6d5eb1a7d89e5447e247a8968721e7a17fc5,0.0
2521,0xa30d8157911ef23c46c0eb71889efe6a648a41f7,1513143597,0x0f5d2fb29fb7d3cfee444a200298f468908cc942,0x7ad7b80fe9a42a8a58e2049488b538c0d15b982da301781ed8a317f8605e9ce3,0.0
2522,0xa30d8157911ef23c46c0eb71889efe6a648a41f7,1513143641,0x0f5d2fb29fb7d3cfee444a200298f468908cc942,0x464009f6236b16d7902b4f71144cba0f5e0e4ea76ccb71171f5d9a5e4c61df27,0.0
2523,0xa30d8157911ef23c46c0eb71889efe6a648a41f7,1513143704,0x472ada4f9611f8cf2cef0657d8220d1161e6bee8,0xa05bfba2353320081863b6849b49136703e634691c2fd286f6e3fe5abfe97c17,6.0
2524,0xa30d8157911ef23c46c0eb71889efe6a648a41f7,1513143958,0x86fa049857e0209aa7d9e616f7eb3b3b78ecfdb0,0x35de076ab54012ee4b91bf96c2bb4341dd53532955bc565f91f88574d69adaa7,0.0
2525,0xa30d8157911ef23c46c0eb71889efe6a648a41f7,1513144018,0x86fa049857e0209aa7d9e616f7eb3b3b78ecfdb0,0x1ce01edfdfed18fe59b5efe3fee35833c638fce29c3c6d655a9f0c088cbaa958,0.0
2526,0xa30d8157911ef23c46c0eb71889efe6a648a41f7,1513144098,0x0f5d2fb29fb7d3cfee444a200298f468908cc942,0xabf16b3205eff0eeace44356669eb4c3a869430d99ebf6f2158b3dec39ed49d0,0.0
2527,0xa30d8157911ef23c46c0eb71889efe6a648a41f7,1513144129,0x049a98e4ca92578922c01815b28f85d74cb17cbb,0x3b3f9eec566a1c7c5ee602a934b943ba411a46945cef11fe091acb3a6ecb74aa,1.5
2528,0xa30d8157911ef23c46c0eb71889efe6a648a41f7,1513144395,0xb63b606ac810a52cca15e44bb630fd42d8d1d83d,0x14e9f90f7da419e826763a409107075133c521961183f347dce6befe7f6c926e,0.0
2529,0xa30d8157911ef23c46c0eb71889efe6a648a41f7,1513144421,0xb63b606ac810a52cca15e44bb630fd42d8d1d83d,0xa4a258350323aaaa2ad4b51952b0a8ec4d2411f1d32b3ed32c6250988a8a10f3,0.0
2530,0xa30d8157911ef23c46c0eb71889efe6a648a41f7,1513144515,0xd26114cd6ee289accf82350c8d8487fedb8a0c07,0xb9fc0c4ad0fbea9706ec98eeea197774fa6b217e39e2a65b7fd2387c760d3e3f,0.0
2531,0xa30d8157911ef23c46c0eb71889efe6a648a41f7,1513144861,0x86fa049857e0209aa7d9e616f7eb3b3b78ecfdb0,0x36198f4aafd1411a2143753dac55241b81bfabb0c7dbaa39a4624708df1c9167,0.0
2532,0xa30d8157911ef23c46c0eb71889efe6a648a41f7,1513145032,0x0f5d2fb29fb7d3cfee444a200298f468908cc942,0x1a9e83567ed0a0f68cb3700253d9c41252abe0f35baa02dbce1063873fa90e7d,0.0
2533,0xa30d8157911ef23c46c0eb71889efe6a648a41f7,1513145062,0x4913f2f855b1e528e6a0da52c076ddf6b0d73f76,0xda73ed78acb0f930d13a83dc423f8087fef0de5e6b8b23dcdeae279734b0f8c3,0.5752
2534,0xa30d8157911ef23c46c0eb71889efe6a648a41f7,1513145088,0x0f5d2fb29fb7d3cfee444a200298f468908cc942,0x6f31674920e857e8e73f190f106af84f837d4fba65fdb5742aa6fe3f758ebce4,0.0
2535,0xa30d8157911ef23c46c0eb71889efe6a648a41f7,1513145162,0xe0b7927c4af23765cb51314a0e0521a9645f0e2a,0x3f778a844de0e7202c5d9e4b8bb6b23f7d4b111e53ea23a2575fa1f1ffa25585,0.0
2536,0xa30d8157911ef23c46c0eb71889efe6a648a41f7,1513145166,0x0f5d2fb29fb7d3cfee444a200298f468908cc942,0x382a0f3159d44eb2ecd632682a229fa8658f637faddbd41587ab6f7f3de75fbd,0.0
2537,0xa30d8157911ef23c46c0eb71889efe6a648a41f7,1513145171,0x4290563c2d7c255b5eec87f2d3bd10389f991d68,0x561e3b79e0f6a1589c0c1fbcc01bcbafb6514a8888d4da15965408f0696c341c,0.0
2538,0xa30d8157911ef23c46c0eb71889efe6a648a41f7,1513145437,0x86fa049857e0209aa7d9e616f7eb3b3b78ecfdb0,0xb67eed86c5740d8c6211254806055d227073411ab8185861c94a180a89fe176a,0.0
2539,0xa30d8157911ef23c46c0eb71889efe6a648a41f7,1513145637,0x86fa049857e0209aa7d9e616f7eb3b3b78ecfdb0,0x51772a8fdaaf80a3240676eaa2771a30b1f11a4d47a82de326dcc7c847334604,0.0
2540,0xa30d8157911ef23c46c0eb71889efe6a648a41f7,1513145775,0x86fa049857e0209aa7d9e616f7eb3b3b78ecfdb0,0x41ea8f045a0fb082dc7bb6178fdbcb83dde335176850c94b4745c342373878f0,0.0
2541,0xa30d8157911ef23c46c0eb71889efe6a648a41f7,1513145845,0x86fa049857e0209aa7d9e616f7eb3b3b78ecfdb0,0x3a2f20dc98a1fc9dace17c4575e106a4bf8d16d678493b9ce8a5fb08716de010,0.0
2542,0xa30d8157911ef23c46c0eb71889efe6a648a41f7,1513145877,0x86fa049857e0209aa7d9e616f7eb3b3b78ecfdb0,0x1942b005ef0be611a0429602f9d2a01c4b86859cf11b163e47d2118d88250e0b,0.0
2543,0xa30d8157911ef23c46c0eb71889efe6a648a41f7,1513146185,0x86fa049857e0209aa7d9e616f7eb3b3b78ecfdb0,0x8ab3658ae3563320c028bbc01afd3f7d90baf8403f7766b56521a88307c5c228,0.0
2544,0xa30d8157911ef23c46c0eb71889efe6a648a41f7,1513146698,0x86fa049857e0209aa7d9e616f7eb3b3b78ecfdb0,0x5429a20f53e2bcdd6fa1fd3bf05685612a2550bf237185d4627382873b037585,0.0
2545,0xa30d8157911ef23c46c0eb71889efe6a648a41f7,1513146771,0x86fa049857e0209aa7d9e616f7eb3b3b78ecfdb0,0x8b4a10ca3890bad2037d99f3b7f172dd9049418937f2d88b5473e86f0b0f5cc2,0.0
2546,0xa30d8157911ef23c46c0eb71889efe6a648a41f7,1513146800,0x86fa049857e0209aa7d9e616f7eb3b3b78ecfdb0,0xd558a8317fffcfc7176169ac0f6e22c3e44ce42c3f9dd858be8319e70c614bec,0.0
2547,0xa30d8157911ef23c46c0eb71889efe6a648a41f7,1513146846,0x9d1ca470d17e851ef17afa3d1109c9ccadca15e0,0xffde92e06a45fec2321cd632d4f386ff77d9152cda65a253c8336547e14f3995,14.9
2548,0xa30d8157911ef23c46c0eb71889efe6a648a41f7,1513147000,0x017ec6208148aa1b61d02464607e831a9b604a26,0xccb694b00ff798998d735955648c0e9ce23a909c16e06caaa6294c3207adf82b,10.03
2549,0xa30d8157911ef23c46c0eb71889efe6a648a41f7,1513147012,0x47a24e8ce46bfe65deb8c5e3af70802377a3c0f6,0x7b3dd575e237e0f08618aa1086efcc62834afd8ea0b0d62237c47562ada5a168,0.6045
2550,0xa30d8157911ef23c46c0eb71889efe6a648a41f7,1513147029,0x76039e3f51ace2c076453182ba584a294d6e1d06,0x8cb33d41bead54be672ff930f3a51413f5b4334bd1f67357a03ad7727a893963,3.3
2551,0xa30d8157911ef23c46c0eb71889efe6a648a41f7,1513147110,0x86fa049857e0209aa7d9e616f7eb3b3b78ecfdb0,0x4815a4482e93d542521a9dfff54a8bec0e76e46c1cf09801bf9189c5ae034ba8,0.0
2552,0xa30d8157911ef23c46c0eb71889efe6a648a41f7,1513147209,0x86fa049857e0209aa7d9e616f7eb3b3b78ecfdb0,0x348e7560adda98a35faf0c05b9e84aaa3958b8f63a217f5872afdd7bc1fe7319,0.0
2553,0xa30d8157911ef23c46c0eb71889efe6a648a41f7,1513147324,0x86fa049857e0209aa7d9e616f7eb3b3b78ecfdb0,0x2ba98039a31b8d919268eca58673d50f975a78fedfdbf35473954eda5d0ccb17,0.0
2554,0xa30d8157911ef23c46c0eb71889efe6a648a41f7,1513147338,0x86fa049857e0209aa7d9e616f7eb3b3b78ecfdb0,0x7046d7840673038c6b4e716a6bcfdad9d9b2db126a007dbe0196d174b00b1bba,0.0
2555,0xa30d8157911ef23c46c0eb71889efe6a648a41f7,1513147372,0x86fa049857e0209aa7d9e616f7eb3b3b78ecfdb0,0xa172a6fa192310fada4ce53e52bf5fa4a4e194e100a234d6cc73f339c75dd8c1,0.0
2556,0xa30d8157911ef23c46c0eb71889efe6a648a41f7,1513147500,0x86fa049857e0209aa7d9e616f7eb3b3b78ecfdb0,0xd285f67bfa14942633b5c6ae91068e683563d9f27057c8417a81f49e3b3cef95,0.0
2557,0xa30d8157911ef23c46c0eb71889efe6a648a41f7,1513147512,0x86fa049857e0209aa7d9e616f7eb3b3b78ecfdb0,0xe71f18a7eaf60445ffb62a93e204a08ccbe718eadeae3f775cfe16f0c784070b,0.0
2558,0xa30d8157911ef23c46c0eb71889efe6a648a41f7,1513147539,0x7f3d678a5e80b2377a8ca62aeb2556208bc5f43a,0xef6204941bb08642a8d694240e6d094fce1f484737e15aeaf70de07ad4f08da6,0.2
2559,0xa30d8157911ef23c46c0eb71889efe6a648a41f7,1513147632,0x86fa049857e0209aa7d9e616f7eb3b3b78ecfdb0,0xfe10d4c47bdf94b6f06f40eab9a25be002354a3dddd9209622fc1e446335596f,0.0
2560,0xa30d8157911ef23c46c0eb71889efe6a648a41f7,1513147694,0x86fa049857e0209aa7d9e616f7eb3b3b78ecfdb0,0x8e6d9ae46c9aac7b06685c5af1cd742f5a74b9830fe4d22e1d6ea638a3bbf485,0.0
2561,0xa30d8157911ef23c46c0eb71889efe6a648a41f7,1513147703,0x86fa049857e0209aa7d9e616f7eb3b3b78ecfdb0,0xb92482f5b5c087d0ad735fb59bd632489b40fdbd6846e340c620ef3243b775c4,0.0
2562,0xa30d8157911ef23c46c0eb71889efe6a648a41f7,1513147736,0x86fa049857e0209aa7d9e616f7eb3b3b78ecfdb0,0xac1a57fc2cc817c00d35561acfffd9e9024549db9f0a039630bcc2add20d7218,0.0
2563,0xa30d8157911ef23c46c0eb71889efe6a648a41f7,1513147906,0x86fa049857e0209aa7d9e616f7eb3b3b78ecfdb0,0x0f850dcb7c74dc50723f5f4bdc9c29752de51c76f469d4c1deb1590da57abc04,0.0
2564,0xa30d8157911ef23c46c0eb71889efe6a648a41f7,1513148209,0xfdff9fc74ccbd4c9f3412c6a67335a290db426c9,0x4e80f6ac7fee5b3a94d861699749ee2c06a96a3b8f01ced047bb24f65615690e,18.0
2565,0xa30d8157911ef23c46c0eb71889efe6a648a41f7,1513148209,0x86fa049857e0209aa7d9e616f7eb3b3b78ecfdb0,0xd57468c8a09f2281fafe1c3c0d9db1d0334509e5b91d47cac717ad07607a652f,0.0
2566,0xa30d8157911ef23c46c0eb71889efe6a648a41f7,1513148351,0x86fa049857e0209aa7d9e616f7eb3b3b78ecfdb0,0xaa370dd6ff11d6682d220c3956e441b7b2efd253e37a04bd063203288ef1860d,0.0
2567,0xa30d8157911ef23c46c0eb71889efe6a648a41f7,1513148394,0x4290563c2d7c255b5eec87f2d3bd10389f991d68,0xe03f19de88994acd160304ab18301113169a631d1b99081acd1d8b8a0fcd2ff6,0.0
2568,0xa30d8157911ef23c46c0eb71889efe6a648a41f7,1513149240,0x86fa049857e0209aa7d9e616f7eb3b3b78ecfdb0,0xa42ae7ad319a0ce8028d3b597f727a39e053619c125f9a13858e455a6dff5a71,0.0
2569,0xa30d8157911ef23c46c0eb71889efe6a648a41f7,1513149398,0x86fa049857e0209aa7d9e616f7eb3b3b78ecfdb0,0x451c5ea292c2ed2b8904322c5276080740ef98649b8dfe0e99bfb9ff1708aee6,0.0
2570,0xa30d8157911ef23c46c0eb71889efe6a648a41f7,1513149417,0xc168b465ee622f8664745c58940d7c8b6a2b495c,0xe8cbfc998fda30263ff9382ce3ce04622bc2a06440ce626043d85a15b906eb6c,28.8713
2571,0xa30d8157911ef23c46c0eb71889efe6a648a41f7,1513149495,0x86fa049857e0209aa7d9e616f7eb3b3b78ecfdb0,0xd256b9985e6b2ffa45f7bdd6cedd1dc269921c7284c29bf43fbbf8a0061a25c1,0.0
2572,0xa30d8157911ef23c46c0eb71889efe6a648a41f7,1513149504,0x86fa049857e0209aa7d9e616f7eb3b3b78ecfdb0,0x59432b1b9c2b7dbc88191828c37b4b88fd9335164d56c9d7078ca5d91577d1e0,0.0
2573,0xa30d8157911ef23c46c0eb71889efe6a648a41f7,1513149504,0x4f14d62b9b1be175a047742d49d24f78ffb0fcbe,0x5a74cb11539aceda5f1dd53a483c4b95e86c1d6183ffcc5067de84372de6fbaf,2.0
2574,0xa30d8157911ef23c46c0eb71889efe6a648a41f7,1513149591,0x86fa049857e0209aa7d9e616f7eb3b3b78ecfdb0,0x45c70fcb56ea36082ccc64454cc6e351f3db0f3b256ed53bdfd1ec360f4b3570,0.0
2575,0xa30d8157911ef23c46c0eb71889efe6a648a41f7,1513149665,0x86fa049857e0209aa7d9e616f7eb3b3b78ecfdb0,0x9917d2eb55de72d01225ed1fe140c689a2bc40f1a88666f2c05afacbd05abdf0,0.0
2576,0xa30d8157911ef23c46c0eb71889efe6a648a41f7,1513149696,0x86fa049857e0209aa7d9e616f7eb3b3b78ecfdb0,0x8fae57f29e56c65149c19d24468048a5fbaa4e7a6fa2a114a7e2488426406a68,0.0
2577,0xa30d8157911ef23c46c0eb71889efe6a648a41f7,1513149704,0x86fa049857e0209aa7d9e616f7eb3b3b78ecfdb0,0xfbd6049a1da6c47c26ae7d9efd978e3c9e7039c1fb8fa9e54855b52695a6aefa,0.0
2578,0xa30d8157911ef23c46c0eb71889efe6a648a41f7,1513149898,0x86fa049857e0209aa7d9e616f7eb3b3b78ecfdb0,0x453d473c45ae9179c1e3efc7222269b4e33bebabc941c10b900be357f9707c2e,0.0
2579,0xa30d8157911ef23c46c0eb71889efe6a648a41f7,1513150200,0x86fa049857e0209aa7d9e616f7eb3b3b78ecfdb0,0xca426f409c41927a096e6c1b26ed089baf9c7c5d330b36d25de9a684b101b9fa,0.0
2580,0xa30d8157911ef23c46c0eb71889efe6a648a41f7,1513150206,0x86fa049857e0209aa7d9e616f7eb3b3b78ecfdb0,0x6674da9b628c343875e1cc301d3f07af061ef6f62a46bba75ad117c1692dfae8,0.0
2581,0xa30d8157911ef23c46c0eb71889efe6a648a41f7,1513150226,0x86fa049857e0209aa7d9e616f7eb3b3b78ecfdb0,0xb6614bc1592b59495932cfb2450e8ed557ce1cacc92691c821e962f49b00f12d,0.0
2582,0xa30d8157911ef23c46c0eb71889efe6a648a41f7,1513150259,0x86fa049857e0209aa7d9e616f7eb3b3b78ecfdb0,0x2c44f3c74ae1448df06bbf937d4e46fc9b81addd221bd945a2cff06dd942055d,0.0
2583,0xa30d8157911ef23c46c0eb71889efe6a648a41f7,1513150307,0x86fa049857e0209aa7d9e616f7eb3b3b78ecfdb0,0xacce085f6ba14f6d75adeb8f898afb6b29bf1694bd676a4df3c0ae80f3de2ec1,0.0
2584,0xa30d8157911ef23c46c0eb71889efe6a648a41f7,1513150339,0x86fa049857e0209aa7d9e616f7eb3b3b78ecfdb0,0xb20d32f6a123041b4f6a9117d9a0c93bad352ea9b4af79136600eaee9fd69f8a,0.0
2585,0xa30d8157911ef23c46c0eb71889efe6a648a41f7,1513150372,0x86fa049857e0209aa7d9e616f7eb3b3b78ecfdb0,0xdb544be4ffefb3db746c790c64fa10953a6bc012786a2a1e6d969da967cc7929,0.0
2586,0xa30d8157911ef23c46c0eb71889efe6a648a41f7,1513150387,0x86fa049857e0209aa7d9e616f7eb3b3b78ecfdb0,0xeeaf0402e96a779e8ef897454ade09affcc564747f959df182527ad86f175fbd,0.0
2587,0xa30d8157911ef23c46c0eb71889efe6a648a41f7,1513150554,0x86fa049857e0209aa7d9e616f7eb3b3b78ecfdb0,0xd59ed6f95fc7aeeb81d380fbd8b25c5de6fe05230ef3ac1bc8e04368dd9a67fd,0.0
2588,0xa30d8157911ef23c46c0eb71889efe6a648a41f7,1513150639,0x86fa049857e0209aa7d9e616f7eb3b3b78ecfdb0,0x455f247673a60f67453c1e3f205b9ac78bfc881298d5e1ea740772b37a66a685,0.0
2589,0xa30d8157911ef23c46c0eb71889efe6a648a41f7,1513150692,0x0f5d2fb29fb7d3cfee444a200298f468908cc942,0x8fbc786b59a35b631fcdcf8092133471edc2f0c925e67ca32d81ea0a486b2220,0.0
2590,0xa30d8157911ef23c46c0eb71889efe6a648a41f7,1513150762,0x86fa049857e0209aa7d9e616f7eb3b3b78ecfdb0,0x5f478dda0d7f5c6e9bc844cf6baee83d7251c4e397ce00f974d96ee8201e495a,0.0
2591,0xa30d8157911ef23c46c0eb71889efe6a648a41f7,1513150902,0x86fa049857e0209aa7d9e616f7eb3b3b78ecfdb0,0x3badc5a337e60395b2f2f1e2a6c6a1e764faa513bf0a1ff1e3137cbce37b36d9,0.0
2592,0xa30d8157911ef23c46c0eb71889efe6a648a41f7,1513150940,0x86fa049857e0209aa7d9e616f7eb3b3b78ecfdb0,0x58efb958135163958222545488ac7865b2449bc4881b625675b143950387c11b,0.0
2593,0xa30d8157911ef23c46c0eb71889efe6a648a41f7,1513151012,0x0f5d2fb29fb7d3cfee444a200298f468908cc942,0x0475cd44e86abf4243a855b0e3730ceb7b2533ebbd362623bc8b0dc1a3e94ad0,0.0
2594,0xa30d8157911ef23c46c0eb71889efe6a648a41f7,1513151044,0x86fa049857e0209aa7d9e616f7eb3b3b78ecfdb0,0x01358390be640a514baab62a11cb5f12186d08d2760aa5cce905205978d4f38e,0.0
2595,0xa30d8157911ef23c46c0eb71889efe6a648a41f7,1513151137,0x86fa049857e0209aa7d9e616f7eb3b3b78ecfdb0,0x1bed56d4b36a4ac8ac730a002ceffd2e7a1221f6e2a57fbc9ca4761ebe397f37,0.0
2596,0xa30d8157911ef23c46c0eb71889efe6a648a41f7,1513151169,0xd26114cd6ee289accf82350c8d8487fedb8a0c07,0xeee2d866d2aa41c7661321e529c89c34f9e4c5d8b9f3d33373e003745a44bab2,0.0
2597,0xa30d8157911ef23c46c0eb71889efe6a648a41f7,1513151204,0x86fa049857e0209aa7d9e616f7eb3b3b78ecfdb0,0x503185a86d82d144ced7f2b61ea10602a8b9737b3ed2b2d135544f4b8c66ac3f,0.0
2598,0xa30d8157911ef23c46c0eb71889efe6a648a41f7,1513151204,0x86fa049857e0209aa7d9e616f7eb3b3b78ecfdb0,0x2817cd876da7f054cb663d29874a5f7f521db4820549d5f7779aede1e17ec944,0.0
2599,0xa30d8157911ef23c46c0eb71889efe6a648a41f7,1513151247,0x86fa049857e0209aa7d9e616f7eb3b3b78ecfdb0,0xa004d414fe924e78ed021a06f9bf00c003824e20876d1e1ab7097d14a49c4ca0,0.0
2600,0xa30d8157911ef23c46c0eb71889efe6a648a41f7,1513151294,0x86fa049857e0209aa7d9e616f7eb3b3b78ecfdb0,0x1938f7446f412ebcb5ad620d6a040238fc3aea363684d98bb2647f84a9ace629,0.0
2601,0xa30d8157911ef23c46c0eb71889efe6a648a41f7,1513151495,0x86fa049857e0209aa7d9e616f7eb3b3b78ecfdb0,0x04a33e708481cb46c9e52e77d3ea57331f1f176f98d788c7b4320bea56133e2d,0.0
2602,0xa30d8157911ef23c46c0eb71889efe6a648a41f7,1513151744,0x86fa049857e0209aa7d9e616f7eb3b3b78ecfdb0,0x685041cea41538de40c3b8cd6e7d58bda230573b2b18798db212b23d53f0369a,0.0
2603,0xa30d8157911ef23c46c0eb71889efe6a648a41f7,1513151758,0x86fa049857e0209aa7d9e616f7eb3b3b78ecfdb0,0x0e158487c06bdb22fb84a3c7d1d0c003db570917bc1cbe3c42ce57f723a63618,0.0
2604,0xa30d8157911ef23c46c0eb71889efe6a648a41f7,1513151814,0xecfea4b01d68d7cb2ceebc312be0cb2a4f827ad1,0xa1b520770657cac1d438f3733b51ea22e16930d0a1c8516a837f7f7094a8c591,7.91
2605,0xa30d8157911ef23c46c0eb71889efe6a648a41f7,1513151848,0x86fa049857e0209aa7d9e616f7eb3b3b78ecfdb0,0x74230a05dee86ae709269b5b64eab891e6d11d6d22f5043145ade7ab5e61ead2,0.0
2606,0xa30d8157911ef23c46c0eb71889efe6a648a41f7,1513151926,0x86fa049857e0209aa7d9e616f7eb3b3b78ecfdb0,0xc3696547d65dd03bdc4abf0240e599b5aa5921a6947a9314d700a39143211c8b,0.0
2607,0xa30d8157911ef23c46c0eb71889efe6a648a41f7,1513152046,0xd850942ef8811f2a866692a623011bde52a462c1,0xb614b6fe4d97f2e414838720c69de43d2439b898ff580170604d68d1f8942fa7,0.0
2608,0xa30d8157911ef23c46c0eb71889efe6a648a41f7,1513152096,0x86fa049857e0209aa7d9e616f7eb3b3b78ecfdb0,0x9012409c15b6c1604773a3f51667323e0fc041a3984b5a41bb30f7b8b20b364f,0.0
2609,0xa30d8157911ef23c46c0eb71889efe6a648a41f7,1513152135,0x86fa049857e0209aa7d9e616f7eb3b3b78ecfdb0,0x5c13279aed5de9b336cb0a984892371026ccba6c414dfcb5e3f2e123966fc740,0.0
2610,0xa30d8157911ef23c46c0eb71889efe6a648a41f7,1513152152,0x86fa049857e0209aa7d9e616f7eb3b3b78ecfdb0,0x8132fb48c9bb9198edb08801c9e33d20190715aa27453d717d88d8d35eb9b410,0.0
2611,0xa30d8157911ef23c46c0eb71889efe6a648a41f7,1513152257,0x86fa049857e0209aa7d9e616f7eb3b3b78ecfdb0,0x7a8952ba3c0ac24c15622c07ec2b9785f7670def5478543d9745c52a9a2732fe,0.0
2612,0xa30d8157911ef23c46c0eb71889efe6a648a41f7,1513152288,0x86fa049857e0209aa7d9e616f7eb3b3b78ecfdb0,0xc2a5757d395728c300126b964994fc877052d526aacdc741ebddfe272a83272a,0.0
2613,0xa30d8157911ef23c46c0eb71889efe6a648a41f7,1513152308,0x86fa049857e0209aa7d9e616f7eb3b3b78ecfdb0,0x0d18032838cb5c0d6f21935e253b3e4b98f30b588e3970e072636d583f8792bd,0.0
2614,0xa30d8157911ef23c46c0eb71889efe6a648a41f7,1513152322,0x86fa049857e0209aa7d9e616f7eb3b3b78ecfdb0,0x011264611c7f907af5ec6c05404db71b47690dcd4d68c27b7ed07fdc175395c6,0.0
2615,0xa30d8157911ef23c46c0eb71889efe6a648a41f7,1513152364,0x0f5d2fb29fb7d3cfee444a200298f468908cc942,0x8927b3bcc1c9049afa40aa8c9e1952679db617d64700446b35d5c06ed254925e,0.0
2616,0xa30d8157911ef23c46c0eb71889efe6a648a41f7,1513152461,0x86fa049857e0209aa7d9e616f7eb3b3b78ecfdb0,0x8dec51465405053c5062350eb28b8c484168aec068b97208e644b9e7d204805d,0.0
2617,0xa30d8157911ef23c46c0eb71889efe6a648a41f7,1513152561,0x86fa049857e0209aa7d9e616f7eb3b3b78ecfdb0,0xc67728928803c61260965407d7f47369e5856ab0619c396426513d0e18152fff,0.0
2618,0xa30d8157911ef23c46c0eb71889efe6a648a41f7,1513152579,0x86fa049857e0209aa7d9e616f7eb3b3b78ecfdb0,0xdf76beaf72cd4aad411aa27c57ad8eeebfa7bfef1260e1f6d7ee9b41c28fecb3,0.0
2619,0xa30d8157911ef23c46c0eb71889efe6a648a41f7,1513152579,0x86fa049857e0209aa7d9e616f7eb3b3b78ecfdb0,0x68511cacae8852664027d1133e87924177a2267dd7109415c0eb48a863c9fff4,0.0
2620,0xa30d8157911ef23c46c0eb71889efe6a648a41f7,1513152650,0x86fa049857e0209aa7d9e616f7eb3b3b78ecfdb0,0x9e86fcf5d45cebc2a83c6a9dc5cc41af14c681eb64eb57a88b793c7c1d13a456,0.0
2621,0xa30d8157911ef23c46c0eb71889efe6a648a41f7,1513152691,0x86fa049857e0209aa7d9e616f7eb3b3b78ecfdb0,0xc08b2d0721715e08e5162e67bd50dd311f0699f21e807da588dcacd51a8f0f26,0.0
2622,0xa30d8157911ef23c46c0eb71889efe6a648a41f7,1513152917,0x86fa049857e0209aa7d9e616f7eb3b3b78ecfdb0,0x3680347467c356d7aee903111a722867033959c8bf5f072674a4501f4afd7f3b,0.0
2623,0xa30d8157911ef23c46c0eb71889efe6a648a41f7,1513152938,0x0f5d2fb29fb7d3cfee444a200298f468908cc942,0xd2e24b069296e36f8c7a36fad37def36d45e828779d00c54a1bd129771afa737,0.0
2624,0xa30d8157911ef23c46c0eb71889efe6a648a41f7,1513153019,0x0a93dbad11542c4421b46ef89945c76c369d305a,0x91bcb84e9864c814e61df882509229a5064e1c564305f4aca366849241cab681,12.3
2625,0xa30d8157911ef23c46c0eb71889efe6a648a41f7,1513153108,0x86fa049857e0209aa7d9e616f7eb3b3b78ecfdb0,0xd109216c0f6d1d6e987a7565e86cc19ddd7f0abe99322a1463615ec231def528,0.0
2626,0xa30d8157911ef23c46c0eb71889efe6a648a41f7,1513153136,0xe0b7927c4af23765cb51314a0e0521a9645f0e2a,0x833fc5411814d6a0d91b8347d8f49e52dfeb2f5c91180b58409fdf75ddfb2522,0.0
2627,0xa30d8157911ef23c46c0eb71889efe6a648a41f7,1513153182,0x86fa049857e0209aa7d9e616f7eb3b3b78ecfdb0,0xaa9c70529f1f6ad4f8c9712210e356be130ea5b85199e392ee8a11d96b210ed5,0.0
2628,0xa30d8157911ef23c46c0eb71889efe6a648a41f7,1513153211,0x86fa049857e0209aa7d9e616f7eb3b3b78ecfdb0,0x0baa637e4b1242e469e13e1d8e1f5e4a50597f7db0b95084398783a7d0f3ff0c,0.0
2629,0xa30d8157911ef23c46c0eb71889efe6a648a41f7,1513153211,0x6f79039a3babf32218dfa48a08c032e7bff38f58,0x3bb2ef5244ad16e25a35329098dcecba815b73637f8ae43e6717a2242c9aa51b,2.15187203
2630,0xa30d8157911ef23c46c0eb71889efe6a648a41f7,1513153299,0x49d85bad78b2aca5dff3686d92e380f91d2f58ab,0xd00018910d27d3ea04bf20f40016ab627559318e96a449237854ed26af341d15,9.01
2631,0xa30d8157911ef23c46c0eb71889efe6a648a41f7,1513153315,0x86fa049857e0209aa7d9e616f7eb3b3b78ecfdb0,0xdae911d4682ab3ddc15021e5cf140761bd308294dc3f8322e2eb35531ae56c13,0.0
2632,0xa30d8157911ef23c46c0eb71889efe6a648a41f7,1513153335,0x86fa049857e0209aa7d9e616f7eb3b3b78ecfdb0,0xaf8da14e169b6d8b129c2b985aea94b16cd58f160dcd15862bdb59ef6739fd6a,0.0
2633,0xa30d8157911ef23c46c0eb71889efe6a648a41f7,1513153335,0x86fa049857e0209aa7d9e616f7eb3b3b78ecfdb0,0x9db94278b4951736d98c05b61f25fa46bc680fc190f3f1ce7019b0318cee6b97,0.0
2634,0xa30d8157911ef23c46c0eb71889efe6a648a41f7,1513153375,0x86fa049857e0209aa7d9e616f7eb3b3b78ecfdb0,0x97b9af92ff9164dd3f1ad28ce3a453067eabf485c2636423e4485ed4c3463a23,0.0
2635,0xa30d8157911ef23c46c0eb71889efe6a648a41f7,1513153524,0x86fa049857e0209aa7d9e616f7eb3b3b78ecfdb0,0xdd2502d3f61978b4fbbe1c6f43cd43d6e76a90d89c3dedc5a1ca224599022b2b,0.0
2636,0xa30d8157911ef23c46c0eb71889efe6a648a41f7,1513153642,0x76e2797176ccc420e4d577517b6c5f94d6996281,0x075467e472d099b2ae0529253400c82f62e5ca747941186d655fac8468482c1e,1.0
2637,0xa30d8157911ef23c46c0eb71889efe6a648a41f7,1513153682,0x86fa049857e0209aa7d9e616f7eb3b3b78ecfdb0,0xadce89eb819f2b2b58629fc10d13d810e053addd55fae64afd50801658f56f3f,0.0
2638,0xa30d8157911ef23c46c0eb71889efe6a648a41f7,1513153727,0x86fa049857e0209aa7d9e616f7eb3b3b78ecfdb0,0x4dba16a723d87c550df0bf8f58f254653b861ecc61cc70f5de20f19c43db25c6,0.0
2639,0xa30d8157911ef23c46c0eb71889efe6a648a41f7,1513153819,0x86fa049857e0209aa7d9e616f7eb3b3b78ecfdb0,0x1776579770056f7834a5ac967080bc36d7e522bf2bb3cf6312528425dbc712a5,0.0
2640,0xa30d8157911ef23c46c0eb71889efe6a648a41f7,1513153894,0x86fa049857e0209aa7d9e616f7eb3b3b78ecfdb0,0x04939392a85eb68d33b23c5050db087ef552a90cf56098c47215dc09b1b2201f,0.0
2641,0xa30d8157911ef23c46c0eb71889efe6a648a41f7,1513153894,0x86fa049857e0209aa7d9e616f7eb3b3b78ecfdb0,0xa5b44f306d585aa84712445a330e00a5941a9d62f2d315b1a327f7e545fe0e27,0.0
2642,0xa30d8157911ef23c46c0eb71889efe6a648a41f7,1513153922,0x86fa049857e0209aa7d9e616f7eb3b3b78ecfdb0,0x639f9b2a8ae68f09513e4108ff0494518dc2981c311b3ac34c53d43e6d93a59d,0.0
2643,0xa30d8157911ef23c46c0eb71889efe6a648a41f7,1513153981,0xaebbcbb2742aa23f96fc7a9c5ae8a966c25c221c,0x59839c2a6a9ebd99a3440362ac992a8d263b6e4a720985e3e31b799ba0bcdba1,2.0
2644,0xa30d8157911ef23c46c0eb71889efe6a648a41f7,1513154176,0x0f5d2fb29fb7d3cfee444a200298f468908cc942,0x31e864a2700c4fba71f6fd3fdad5b097b5a2d2c32316af9460da730c6f3cab6f,0.0
2645,0xa30d8157911ef23c46c0eb71889efe6a648a41f7,1513154183,0x660ce9137bb7f2a9758c3fb0381d5b7ab6aa2119,0xda44eb1b6d8924f8ef0f717f5f02b505ca051f5ba56acbea3fddb727e14da650,5.01
2646,0xa30d8157911ef23c46c0eb71889efe6a648a41f7,1513154247,0x86fa049857e0209aa7d9e616f7eb3b3b78ecfdb0,0xe1cdf745418f2b15dd558be69b7c5d05e6b3725f7c88d52a79f0259e6817509d,0.0
2647,0xa30d8157911ef23c46c0eb71889efe6a648a41f7,1513154361,0x86fa049857e0209aa7d9e616f7eb3b3b78ecfdb0,0xb3b45ee164c3de5cbf370a57005b5bfb4dd360ad71c383e1dfb641a40918349f,0.0
2648,0xa30d8157911ef23c46c0eb71889efe6a648a41f7,1513154400,0x26ed4180e9c438c1f14762d4376e2889dcdcadfc,0xdab82f4d4c58e678adb1155fe112e0a08b5bd0424e09d6ff6de793526953c43c,0.001
2649,0xa30d8157911ef23c46c0eb71889efe6a648a41f7,1513154648,0x4290563c2d7c255b5eec87f2d3bd10389f991d68,0xb821ee55d94b4b44b98706b025fe9616afd6f7e9cbd0e48256abd1e39acbec05,0.0
2650,0xa30d8157911ef23c46c0eb71889efe6a648a41f7,1513154810,0x86fa049857e0209aa7d9e616f7eb3b3b78ecfdb0,0xaeb357510dcabf220b0601708eeed6e49b2a1ae1ea45419ba7deb3175a940133,0.0
2651,0xa30d8157911ef23c46c0eb71889efe6a648a41f7,1513154877,0x86fa049857e0209aa7d9e616f7eb3b3b78ecfdb0,0xe37b5a65984956dc8202e813c4be5e5956d8a783e5d4663517407eb9147f6bbf,0.0
2652,0xa30d8157911ef23c46c0eb71889efe6a648a41f7,1513154904,0x0f5d2fb29fb7d3cfee444a200298f468908cc942,0x6b0cf63428c0e08f264c51f74c552c62a00eef2917063a362a40d29d85cf225a,0.0
2653,0xa30d8157911ef23c46c0eb71889efe6a648a41f7,1513155347,0x146617218dbcd97354c01440fc858502c1093d71,0x4b8a8378c547405367edcca95e66cec8a56763d8b12000068ef4e06300e113c3,6.99
2654,0xa30d8157911ef23c46c0eb71889efe6a648a41f7,1513155431,0x86fa049857e0209aa7d9e616f7eb3b3b78ecfdb0,0x05900d3e456167c8db1bab1d0f3ac72f9c3397f76de7643fd3968ed0ec39c62c,0.0
2655,0xa30d8157911ef23c46c0eb71889efe6a648a41f7,1513155525,0xb63b606ac810a52cca15e44bb630fd42d8d1d83d,0xba96679bdcb95ea50dc830a81ae978be70341810ba297d53d6274fcf069fd1e9,0.0
2656,0xa30d8157911ef23c46c0eb71889efe6a648a41f7,1513155525,0x86fa049857e0209aa7d9e616f7eb3b3b78ecfdb0,0xfa44d38d363267db1aff74cbd7503828c2c5d7803758a6e3bef13f8353423638,0.0
2657,0xa30d8157911ef23c46c0eb71889efe6a648a41f7,1513155648,0x86fa049857e0209aa7d9e616f7eb3b3b78ecfdb0,0x56d606d13ae4deb4b2712923adca17f8b8295d0dcc5fc65d960890c1b43b65c8,0.0
2658,0xa30d8157911ef23c46c0eb71889efe6a648a41f7,1513155648,0xe0b7927c4af23765cb51314a0e0521a9645f0e2a,0xf993a56c4e3725ebda416492ac46edb02acdd66360d93a8c3b04444fc5a1cfda,0.0
2659,0xa30d8157911ef23c46c0eb71889efe6a648a41f7,1513155723,0x86fa049857e0209aa7d9e616f7eb3b3b78ecfdb0,0xfcd1776d8bd6989162a898c096ee3eb9b079bbf10c449ecdee4d7937c14556a0,0.0
2660,0xa30d8157911ef23c46c0eb71889efe6a648a41f7,1513155767,0x9947f48eb9c750e348088b17b0ec9b8ccfe7e7cf,0x585e19e60859aa7b1fd8a8bee536a14f341d8f610de5d3d372d75d26cd20cda6,2.968
2661,0xa30d8157911ef23c46c0eb71889efe6a648a41f7,1513155801,0x4290563c2d7c255b5eec87f2d3bd10389f991d68,0xd30ad661a013e7163a5d94f57444a9d167929224566b5e7a486c517817ed20b2,0.0
2662,0xa30d8157911ef23c46c0eb71889efe6a648a41f7,1513155894,0x86fa049857e0209aa7d9e616f7eb3b3b78ecfdb0,0x6478367fc50fc52413165a527489e3452f1df1fbe2b3bcf27c245a019247dcb9,0.0
2663,0xa30d8157911ef23c46c0eb71889efe6a648a41f7,1513155942,0x86fa049857e0209aa7d9e616f7eb3b3b78ecfdb0,0x8f53cbc369ba73e6642769c983bac5cb416684e3048e2cb5e5d45017c0f0d6f8,0.0
2664,0xa30d8157911ef23c46c0eb71889efe6a648a41f7,1513156164,0x86fa049857e0209aa7d9e616f7eb3b3b78ecfdb0,0xf37d03b68119fbe55bda94f7c5accf68e9ee763fc3bfd276f5c12435a4c1d6c2,0.0
2665,0xa30d8157911ef23c46c0eb71889efe6a648a41f7,1513156312,0xb63b606ac810a52cca15e44bb630fd42d8d1d83d,0xe2daf2fed796ca09e629dfb3dec559101dc007ada928348473196170fe69f4d0,0.0
2666,0xa30d8157911ef23c46c0eb71889efe6a648a41f7,1513156318,0x0f5d2fb29fb7d3cfee444a200298f468908cc942,0xea488fb1c203832ff4af330593ee59db6305f0954ef9d3fa54302e8bb029eba5,0.0
2667,0xa30d8157911ef23c46c0eb71889efe6a648a41f7,1513156448,0x86fa049857e0209aa7d9e616f7eb3b3b78ecfdb0,0x9db88208000b60f746abaccbc5f2f53b619209e17b1a1f30f7693ac615a480ef,0.0
2668,0xa30d8157911ef23c46c0eb71889efe6a648a41f7,1513156460,0x744d70fdbe2ba4cf95131626614a1763df805b9e,0x465560c8e32477b79816d854e20e45b101f9ac2ce8de8c5ff6d6006c89c97571,0.0
2669,0xa30d8157911ef23c46c0eb71889efe6a648a41f7,1513156593,0xb923f16ae3a6415f16633e6755548fe0f066f5b3,0xc0fc02a038133b6d36948d1321f7f97da435c478ed8ce7754a2afb868375a7f9,2.9768
2670,0xa30d8157911ef23c46c0eb71889efe6a648a41f7,1513156640,0x7931ff60ddd7c3a00a916046c0c09c028008c6ac,0xd6a94344b3c0dd4c1a598e15812048d1df3fd440ef998c6a71cb5a3c4ead15b8,55.01
2671,0xa30d8157911ef23c46c0eb71889efe6a648a41f7,1513156736,0x86fa049857e0209aa7d9e616f7eb3b3b78ecfdb0,0xabfac5e628ea3266db9a384a3a4668a1507feaab9394dc07ae11567f471ebd1b,0.0
2672,0xa30d8157911ef23c46c0eb71889efe6a648a41f7,1513156784,0x0f5d2fb29fb7d3cfee444a200298f468908cc942,0x20be879e61a0645b92f27b896abdeec93856e04ae9e88e38684f620a92f7cb97,0.0
2673,0xa30d8157911ef23c46c0eb71889efe6a648a41f7,1513157278,0xf7920b0768ecb20a123fac32311d07d193381d6f,0x31a736486d8d3716b99a9de28c3e7b299e191c0b400e43d0e2a5e0855932a45c,0.0
2674,0xa30d8157911ef23c46c0eb71889efe6a648a41f7,1513157321,0x86fa049857e0209aa7d9e616f7eb3b3b78ecfdb0,0x5c11e0c7a8a2815cd9485e86cbba1c1c926cd303d6f55653ec03fe1af399e17d,0.0
2675,0xa30d8157911ef23c46c0eb71889efe6a648a41f7,1513157375,0x4290563c2d7c255b5eec87f2d3bd10389f991d68,0x92b4aa66367d43acf25f0523261276a4a2982557a61b0ef3d3fecdd21821f8d9,0.0
2676,0xa30d8157911ef23c46c0eb71889efe6a648a41f7,1513157394,0x0f5d2fb29fb7d3cfee444a200298f468908cc942,0x690d38ee5474a62c4dec6682e037c0cf67d5b09f7ad8eb0b69a9b962a47351ab,0.0
2677,0xa30d8157911ef23c46c0eb71889efe6a648a41f7,1513157588,0xd26114cd6ee289accf82350c8d8487fedb8a0c07,0x483a40e53e84717c0b4ff0fe70bc7f00669b956c302bda4b6129c5eeebb8df93,0.0
2678,0xa30d8157911ef23c46c0eb71889efe6a648a41f7,1513157629,0x0f5d2fb29fb7d3cfee444a200298f468908cc942,0xb8e030c70a4b7863e3743fd655749b19d0e0da3f401c46571e75327955828ead,0.0
2679,0xa30d8157911ef23c46c0eb71889efe6a648a41f7,1513157650,0xd26114cd6ee289accf82350c8d8487fedb8a0c07,0xa3b3a5a817b1efa0fa93350cf8619fb2212f29c77f318e738f56c67ea5e8f20e,0.0
2680,0xa30d8157911ef23c46c0eb71889efe6a648a41f7,1513157668,0xf7920b0768ecb20a123fac32311d07d193381d6f,0x7973b7446d700f33437815101d5960ab7358d2f48f9a7976cda9cce5ba8ada47,0.0
2681,0xa30d8157911ef23c46c0eb71889efe6a648a41f7,1513157768,0xf7920b0768ecb20a123fac32311d07d193381d6f,0x286730c8c54236807f9acde5d7a97a49edd78e2b66bdc32dac0aafdb91da391f,0.0
2682,0xa30d8157911ef23c46c0eb71889efe6a648a41f7,1513157909,0x74fa6f8d19c42a4f65a5f3c5a34c289822ca82bf,0x81f4ce821eb55a706563bde96d5f4addbdc9bd040578e01f23c070f5fd3d3749,1.3286
2683,0xa30d8157911ef23c46c0eb71889efe6a648a41f7,1513158354,0xe50365f5d679cb98a1dd62d6f6e58e59321bcddf,0xdfa68a2f88c368aec1ea2c2f3b034602033f09c81516199d509bf8a6ba68d109,0.0
2684,0xa30d8157911ef23c46c0eb71889efe6a648a41f7,1513158465,0xf7920b0768ecb20a123fac32311d07d193381d6f,0x18e555a51fbabd0a34dd3d96978190edbcad26ed51e58288f68a0893232698d6,0.0
2685,0xa30d8157911ef23c46c0eb71889efe6a648a41f7,1513158660,0x4290563c2d7c255b5eec87f2d3bd10389f991d68,0xdcbba97bceec3199d7b65b2a75e29c59a2d0a072a7b6f8475a4383e4a0336d83,0.0
2686,0xa30d8157911ef23c46c0eb71889efe6a648a41f7,1513159169,0x1ad973c27cac69841d829d272b6a1e85877d8d2d,0x21edcf2bc71c79c64a70e78fd564baa0e454bea832a7ca4e3216c96cb1a86827,4.0
2687,0xa30d8157911ef23c46c0eb71889efe6a648a41f7,1513159233,0xb63b606ac810a52cca15e44bb630fd42d8d1d83d,0xbd99e84ddf76cbe9a801d894311c0955f5e585245a03c4fe539190be7c842e25,0.0
2688,0xa30d8157911ef23c46c0eb71889efe6a648a41f7,1513159266,0xf7920b0768ecb20a123fac32311d07d193381d6f,0xd84e40c3dc112431fcdcba1fbef08264c5bd0f9bc581fb1bc0612c2a280aa7a7,0.0
2689,0xa30d8157911ef23c46c0eb71889efe6a648a41f7,1513159556,0x1ad973c27cac69841d829d272b6a1e85877d8d2d,0x8fd65038450f0cc05eaf5fd9541853dee0d7dec8de69960f4bd59ce43bd5d9af,5.0
2690,0xa30d8157911ef23c46c0eb71889efe6a648a41f7,1513159997,0x86fa049857e0209aa7d9e616f7eb3b3b78ecfdb0,0x5d6e078c43270d80cc8cb8188e8b12f51d9f84f641c618eac3c035439d882aa2,0.0
2691,0xa30d8157911ef23c46c0eb71889efe6a648a41f7,1513160072,0x86fa049857e0209aa7d9e616f7eb3b3b78ecfdb0,0x5a27d0e81f71387d0aced129249542373a018693e0bd7e4ffafde00cea6dc6c1,0.0
2692,0xa30d8157911ef23c46c0eb71889efe6a648a41f7,1513160256,0xf7920b0768ecb20a123fac32311d07d193381d6f,0x2ffe3ca18ba0800ca6fa3cff56dd4170387eb3ddc82e11894289539328a59732,0.0
2693,0xa30d8157911ef23c46c0eb71889efe6a648a41f7,1513160383,0x86fa049857e0209aa7d9e616f7eb3b3b78ecfdb0,0xf9f91e27681ee78db72ecaeb9203a3e92f31027ff04affd2c1b49a354f47a756,0.0
2694,0xa30d8157911ef23c46c0eb71889efe6a648a41f7,1513160720,0xb63b606ac810a52cca15e44bb630fd42d8d1d83d,0x71476c189a854b3e4d9fcac64fc5d840a20067bfbadb0975362b60ac04c65f27,0.0
2695,0xa30d8157911ef23c46c0eb71889efe6a648a41f7,1513161035,0x017ec6208148aa1b61d02464607e831a9b604a26,0xabc09df56e36cb8bf08ca0b88d1b82eb3a9ba15bbf5b833621369dde6a26c726,5.0
2696,0xa30d8157911ef23c46c0eb71889efe6a648a41f7,1513161226,0xd26114cd6ee289accf82350c8d8487fedb8a0c07,0x09695ee44d6505cfffae5a29be94c602ab11107a1c6735a274fc30625aa437b8,0.0
2697,0xa30d8157911ef23c46c0eb71889efe6a648a41f7,1513161474,0x86fa049857e0209aa7d9e616f7eb3b3b78ecfdb0,0xb4e57f070170a359f03c874955b6b755ccca4d8531c74bb3865943b70ce26025,0.0
2698,0xa30d8157911ef23c46c0eb71889efe6a648a41f7,1513161553,0x0f5d2fb29fb7d3cfee444a200298f468908cc942,0x2935c44552d2fdeeea8dde8f534ff6f2d7ea4ea6860deeba37edf375820b1cc2,0.0
2699,0xa30d8157911ef23c46c0eb71889efe6a648a41f7,1513161676,0x0f5d2fb29fb7d3cfee444a200298f468908cc942,0x4112d4015c436bb79ffc79f5c3b982549cc9d300c6d539b66376bdd6f08e5221,0.0
2700,0xa30d8157911ef23c46c0eb71889efe6a648a41f7,1513161974,0x86fa049857e0209aa7d9e616f7eb3b3b78ecfdb0,0x1d2d13e079c4d67937922edf6c2146168619ab0c627f34a01eb36495ac222245,0.0
2701,0xa30d8157911ef23c46c0eb71889efe6a648a41f7,1513162388,0x0f5d2fb29fb7d3cfee444a200298f468908cc942,0x968f5a6ff769a3327e1cf01e0deffae0c873e2353d322145cf6d17276dfbb9cb,0.0
2702,0xa30d8157911ef23c46c0eb71889efe6a648a41f7,1513162472,0x0f5d2fb29fb7d3cfee444a200298f468908cc942,0xdbb43e40939e9747dca256abe2472311cbe39947b1240da903f822b2ae21f838,0.0
2703,0xa30d8157911ef23c46c0eb71889efe6a648a41f7,1513162585,0x86fa049857e0209aa7d9e616f7eb3b3b78ecfdb0,0xc07019f074290f439a17f0335d3e8c54d6e9a030fd0dc10f0a95da883bb9633f,0.0
2704,0xa30d8157911ef23c46c0eb71889efe6a648a41f7,1513162585,0x0f5d2fb29fb7d3cfee444a200298f468908cc942,0xfa60baa86078453e9dcd8ea10fd45e1e579339cf13c65d6b719963056bbba073,0.0
2705,0xa30d8157911ef23c46c0eb71889efe6a648a41f7,1513162964,0x86fa049857e0209aa7d9e616f7eb3b3b78ecfdb0,0x99505f4bea37627123808fcd912ceb3c05ffa2fe4f2983aff47da6985c7a93dd,0.0
2706,0xa30d8157911ef23c46c0eb71889efe6a648a41f7,1513163022,0x86fa049857e0209aa7d9e616f7eb3b3b78ecfdb0,0xb484f6f7b42a07f368275e3b9a2c616f68ece933822a1b2c2282e843ca1a07d3,0.0
2707,0xa30d8157911ef23c46c0eb71889efe6a648a41f7,1513163140,0x14b974c66d024387d047b22ced945348e365bab8,0x9d7e7eab1b540e5215f91f2419fb5807a8abba1a3840de60b22d8fc5fbe61388,3.31
2708,0xa30d8157911ef23c46c0eb71889efe6a648a41f7,1513163596,0x86fa049857e0209aa7d9e616f7eb3b3b78ecfdb0,0x27ff0bab7875da4e77df7397ff6dceb13497f3fb47d806a30563e62c2901d260,0.0
2709,0xa30d8157911ef23c46c0eb71889efe6a648a41f7,1513163596,0x0f5d2fb29fb7d3cfee444a200298f468908cc942,0xdc9e20fb8ce494f66fc4b862e23e56fc6ffa3dc064cf4cb2f38ca8af1f9ce444,0.0
2710,0xa30d8157911ef23c46c0eb71889efe6a648a41f7,1513163697,0x8effd494eb698cc399af6231fccd39e08fd20b15,0xd7d54c414a07a59223b6e1346d12670708f4026c73dc7f96ed4eb8392de64a9b,0.0
2711,0xa30d8157911ef23c46c0eb71889efe6a648a41f7,1513163779,0x86fa049857e0209aa7d9e616f7eb3b3b78ecfdb0,0x7eeb2beaf0fa1f3f2268ec62f2725e9ea204cd05666211f7ec607fac6d4c40d4,0.0
2712,0xa30d8157911ef23c46c0eb71889efe6a648a41f7,1513163837,0x4290563c2d7c255b5eec87f2d3bd10389f991d68,0x6b36fb27a36f2692f06dcdd0dc744df48c6d45907695531048aa86c71a3ab196,0.0
2713,0xa30d8157911ef23c46c0eb71889efe6a648a41f7,1513163845,0x86fa049857e0209aa7d9e616f7eb3b3b78ecfdb0,0x9982a40c357eaca4d8ed2158b1b8aafb1dff431ec13421029ef593e736519b1a,0.0
2714,0xa30d8157911ef23c46c0eb71889efe6a648a41f7,1513164050,0x86fa049857e0209aa7d9e616f7eb3b3b78ecfdb0,0x86f829b10f9b6475b72b5aa0bf2dd03d7fd14c621ca82f231caf475c5a95f25b,0.0
2715,0xa30d8157911ef23c46c0eb71889efe6a648a41f7,1513164227,0xf7920b0768ecb20a123fac32311d07d193381d6f,0x439d3f9002420fad5a18f948f550ee9e665968f7cf20432f123342b7032169db,0.0
2716,0xa30d8157911ef23c46c0eb71889efe6a648a41f7,1513164260,0x86fa049857e0209aa7d9e616f7eb3b3b78ecfdb0,0x2dc1ae546a7498ab0a0054c135fd823893b89bca8f06ddfac47af196c8cb3b7d,0.0
2717,0xa30d8157911ef23c46c0eb71889efe6a648a41f7,1513164344,0xe0b7927c4af23765cb51314a0e0521a9645f0e2a,0x6f3e3ecac5f1828b40cd5be2f48e2649095c5c014aae3a4579faa35d2ff411a6,0.0
2718,0xa30d8157911ef23c46c0eb71889efe6a648a41f7,1513164423,0x86fa049857e0209aa7d9e616f7eb3b3b78ecfdb0,0xe57532f16a34870d1786bd5feb694011f5c08793e77af8de495c9750f051b022,0.0
2719,0xa30d8157911ef23c46c0eb71889efe6a648a41f7,1513164511,0x86fa049857e0209aa7d9e616f7eb3b3b78ecfdb0,0x7c7887fa8f80e4d3ba8d7f196cc09d3bc9e55a604c7d1867baca29c871f1b244,0.0
2720,0xa30d8157911ef23c46c0eb71889efe6a648a41f7,1513164511,0x45c62141918e709545c104ffc779f0dfe047a595,0x31ad90d30a9ffb36d326411e49144832b0d6743808b90281684ff056edcfeee3,99.87
2721,0xa30d8157911ef23c46c0eb71889efe6a648a41f7,1513164523,0xd850942ef8811f2a866692a623011bde52a462c1,0x954e6f3487c29662359ed08d7cd920cb2249a923c0f114b5c7f86335b4a3d969,0.0
2722,0xa30d8157911ef23c46c0eb71889efe6a648a41f7,1513164712,0xdf725d5ba8276bc24d30951b4cedd11bf8923140,0xe7277491631446eca279a19fd3c60eddfe8df1ed5703d5d2e6102c4d5c204f17,5.0
2723,0xa30d8157911ef23c46c0eb71889efe6a648a41f7,1513164836,0xa74476443119a942de498590fe1f2454d7d4ac0d,0x702916c626c8e871b65f98515ec3e9dc4211caabeaefb982d6d2f510ac78d212,0.0
2724,0xa30d8157911ef23c46c0eb71889efe6a648a41f7,1513165373,0x36b4a59bae4e3cef82ab03d93ed4c4631e6f29a8,0x4caa096dd4199a9a12eb7fc74857ea9a20ed6c6ef95f38c323ae36e9fe60669a,2.89207952
2725,0xa30d8157911ef23c46c0eb71889efe6a648a41f7,1513165482,0xe0b7927c4af23765cb51314a0e0521a9645f0e2a,0x7aeaacef5be9dc5c2dd57f6e42bfdfedb2af1b39427a6d718162d667826ecea3,0.0
2726,0xa30d8157911ef23c46c0eb71889efe6a648a41f7,1513165661,0xf7920b0768ecb20a123fac32311d07d193381d6f,0xacc434dabf8649bc872b3e8cab7b67175d992adf051f18190b36f2e4b3bbfc21,0.0
2727,0xa30d8157911ef23c46c0eb71889efe6a648a41f7,1513165691,0xf7920b0768ecb20a123fac32311d07d193381d6f,0xa52ec35556f331c592c9ce15cc5e94aff366bf21dd18eff70ed058e5d83d4458,0.0
2728,0xa30d8157911ef23c46c0eb71889efe6a648a41f7,1513165916,0x86fa049857e0209aa7d9e616f7eb3b3b78ecfdb0,0x232a9a1e38286371ae1e17fc59de79c16e39937046850b89de85a0c5f63995c0,0.0
2729,0xa30d8157911ef23c46c0eb71889efe6a648a41f7,1513166303,0x86fa049857e0209aa7d9e616f7eb3b3b78ecfdb0,0x071ec1b847924695735ad12a2a71e1bc7fb5a8e3f78c631c4212fa2c40e6d5c8,0.0
2730,0xa30d8157911ef23c46c0eb71889efe6a648a41f7,1513166498,0x86fa049857e0209aa7d9e616f7eb3b3b78ecfdb0,0xe6a70569bb1e7a0a897a0f5e437d5522276eb4d89d9e9f229aa68dbea7f5eb00,0.0
2731,0xa30d8157911ef23c46c0eb71889efe6a648a41f7,1513166581,0x86fa049857e0209aa7d9e616f7eb3b3b78ecfdb0,0x8bcfe6390f93560711638d03a49188db4f22503b5196e010bd1b1a7967eb3da6,0.0
2732,0xa30d8157911ef23c46c0eb71889efe6a648a41f7,1513166678,0xcb97e65f07da24d46bcdd078ebebd7c6e6e3d750,0x9884f5ee2f6fc10ffc6f5a117a03911ae3dddb2efd9eba2cf070df98d008b150,0.0
2733,0xa30d8157911ef23c46c0eb71889efe6a648a41f7,1513166678,0x86fa049857e0209aa7d9e616f7eb3b3b78ecfdb0,0xcd2806d3b9eefa89d2fc20d1d86138988a0f3c24ae5d6d9e486ab6a296aae6e0,0.0
2734,0xa30d8157911ef23c46c0eb71889efe6a648a41f7,1513166835,0x86fa049857e0209aa7d9e616f7eb3b3b78ecfdb0,0x727fe717f6afa535d86460fb3c1ded28103b70f15278d7167a1f4a7abef1a700,0.0
2735,0xa30d8157911ef23c46c0eb71889efe6a648a41f7,1513166872,0xbc57697d8de67d9089a28127e0fa8945855d26c6,0x0b7144c7bf34681ab62b7a0633cec2b4a9b9bcc6fc0bc5328d0307cbcc5c0e80,0.0079
2736,0xa30d8157911ef23c46c0eb71889efe6a648a41f7,1513166880,0x86fa049857e0209aa7d9e616f7eb3b3b78ecfdb0,0x60621e9b747c307fb82efe4a311ed299fe5ee3ca641467ca3506441454fbf47b,0.0
2737,0xa30d8157911ef23c46c0eb71889efe6a648a41f7,1513167331,0x569c1700250d3b1566db900d157073283635ebab,0xda2121d41c5687bb2459155a8895d4ac37993521efc1f6ee835dee0410aa0659,15.880945
2738,0xa30d8157911ef23c46c0eb71889efe6a648a41f7,1513167369,0x86fa049857e0209aa7d9e616f7eb3b3b78ecfdb0,0x9034fe7c3364f68afd6501a6834c4160ebf6be8b70856d2bc3f54f94880a88f0,0.0
2739,0xa30d8157911ef23c46c0eb71889efe6a648a41f7,1513167459,0x514910771af9ca656af840dff83e8264ecf986ca,0xbded79e26380c5cd35e8e46949505f308d80a9103fe86b03484a1ffbbe3753db,0.0
2740,0x80e29acb842498fe6591f020bd82766dce619d43,1513167482,0x4be2166a8dbe25e79a9b30b4ce26858e10d21e92,0xa07aae534cdf1c94f0af1a33c6e9ff69b081b882a0b57bc1648855607b4041d7,1.6837
2741,0xa30d8157911ef23c46c0eb71889efe6a648a41f7,1513167592,0x86fa049857e0209aa7d9e616f7eb3b3b78ecfdb0,0x67a4d8019bf15ef4294fbe273b408a8efb70b531fba08c933bf8c1d66095a248,0.0
2742,0x3f5ce5fbfe3e9af3971dd833d26ba9b5c936f0be,1513167873,0x4be2166a8dbe25e79a9b30b4ce26858e10d21e92,0x9afa6927661c944e16c7f855e5d3e27bc0adf0b38636783937e2f4a71bdfe4c5,2.13612931
2743,0xa30d8157911ef23c46c0eb71889efe6a648a41f7,1513167917,0x744d70fdbe2ba4cf95131626614a1763df805b9e,0x6bea2bac3211a80ce885357e260fbb81876ae8f753512a7b5256a77e4c612933,0.0
2744,0xa30d8157911ef23c46c0eb71889efe6a648a41f7,1513167956,0x897dcfb6b7c27e3b3f8975d96470c57e479bc9e6,0x4f531d50dce7821d9fa103524a322dc0ea36c194a5cdb0c3cbbe253a4c4714d6,5.912999999999999
2745,0xa30d8157911ef23c46c0eb71889efe6a648a41f7,1513167972,0x86fa049857e0209aa7d9e616f7eb3b3b78ecfdb0,0x51a7d59008bc2cfae4d77776c13df63ac2055cd8ea4dcaa6fd3f36787a8f87ce,0.0
2746,0xa30d8157911ef23c46c0eb71889efe6a648a41f7,1513168060,0x568a9216cb3c99a0c3e3d36c33ec0615485cf30f,0xe2bfcb2d4a08a7963b61825f26952272904a23416419c588a5f1fa4d900d4618,50.0
2747,0xa30d8157911ef23c46c0eb71889efe6a648a41f7,1513168121,0x86fa049857e0209aa7d9e616f7eb3b3b78ecfdb0,0xcca1c64bcff33304881bdb011c167fb166e5aac46098df6577ee7f1a0535fda7,0.0
2748,0x4be2166a8dbe25e79a9b30b4ce26858e10d21e92,1513168295,0x43b687b0a11718730c562ee32a103d93bfe458bc,0xd9d632f9349941bdbe4682f5d75ce8a98508866b67ed8e80188b52a9a61ede3d,4.0
2749,0xa30d8157911ef23c46c0eb71889efe6a648a41f7,1513168538,0x0f5d2fb29fb7d3cfee444a200298f468908cc942,0x74953c9cb08ac4b1e2e13bb12eb60fd977641d0fb6f89b6a42b104074cfc3983,0.0
2750,0xa30d8157911ef23c46c0eb71889efe6a648a41f7,1513168620,0x86fa049857e0209aa7d9e616f7eb3b3b78ecfdb0,0x0db62f287760d5dfd10c4b44c61a2a1ef02cb50e89b4a7430601745cabccb83f,0.0
2751,0xa30d8157911ef23c46c0eb71889efe6a648a41f7,1513168642,0x86fa049857e0209aa7d9e616f7eb3b3b78ecfdb0,0xfa5a7e6623f6a955b9a2619fe2a3b76b2180b285947d038644a5251916510bfe,0.0
2752,0xa30d8157911ef23c46c0eb71889efe6a648a41f7,1513168861,0x86fa049857e0209aa7d9e616f7eb3b3b78ecfdb0,0x8963d6c26e6543ecf262e142df5b870f15fe11bd8213b6bff96ef6d9c27e999e,0.0
2753,0xa30d8157911ef23c46c0eb71889efe6a648a41f7,1513169012,0xf2567951d8a4ebddc4b3c6cebaf8d6f2b8f9a722,0xbfb9efe70a422437b9de82a953381a50150db258ddd53fd1c1ced3c08652cbe8,0.48
2754,0xa30d8157911ef23c46c0eb71889efe6a648a41f7,1513169057,0x4852ac09c0aaaba54caa1aa8a0e1a9a27a6bea31,0x136ff50229486201d13564a8efd403318efaa816e4c5ccbb8ee81b57166e34e4,4.6978
2755,0xa30d8157911ef23c46c0eb71889efe6a648a41f7,1513169100,0x86fa049857e0209aa7d9e616f7eb3b3b78ecfdb0,0xa3a01535d1240155ec5fd6e819e150dd032dcc6130e3dec21145655102ae8ef0,0.0
2756,0xa30d8157911ef23c46c0eb71889efe6a648a41f7,1513169100,0x86fa049857e0209aa7d9e616f7eb3b3b78ecfdb0,0x89284b07c1befc99331ecc0003f6fa403087eaa7bd298546e8d59f7a69a6162e,0.0
2757,0xa30d8157911ef23c46c0eb71889efe6a648a41f7,1513169217,0x86fa049857e0209aa7d9e616f7eb3b3b78ecfdb0,0x446cb4a76b884b9ee2fb0470b37b287016343745fda01f346a4f5f9911b8e6e8,0.0
2758,0xa30d8157911ef23c46c0eb71889efe6a648a41f7,1513169532,0x86fa049857e0209aa7d9e616f7eb3b3b78ecfdb0,0xfef74e595b46b5fc19c7d2e3d066acb567a2751a2b983afc1ab97252de59578a,0.0
2759,0xa30d8157911ef23c46c0eb71889efe6a648a41f7,1513169551,0x86fa049857e0209aa7d9e616f7eb3b3b78ecfdb0,0xec86e9c0e8c754a2c21d9899244ae23310ec8bc070bdb043b9c86381a7785808,0.0
2760,0xa30d8157911ef23c46c0eb71889efe6a648a41f7,1513169563,0x86fa049857e0209aa7d9e616f7eb3b3b78ecfdb0,0x35d35d51201dee61e1aa3743f04c0fbdfdc15faf0a4534c91c10bf52c33af30b,0.0
2761,0xa30d8157911ef23c46c0eb71889efe6a648a41f7,1513169592,0x86fa049857e0209aa7d9e616f7eb3b3b78ecfdb0,0x41db603e4d8ea1aebafd0130627d028710cdeb83d47c88ab23dee55e4abb308f,0.0
2762,0xa30d8157911ef23c46c0eb71889efe6a648a41f7,1513169906,0x86fa049857e0209aa7d9e616f7eb3b3b78ecfdb0,0xba18a04dfa5192c036d27bcd5b8abbcd18c950d10bc73242f6578e735a1d0ebe,0.0
2763,0xa30d8157911ef23c46c0eb71889efe6a648a41f7,1513170005,0xce20dae86437b15e589a16a45ba86baa927e0eff,0x7e00e00cd154ab46e0d1855a83b9b6136db38ef0e3317176f601d6cba685e195,3.98
2764,0xa30d8157911ef23c46c0eb71889efe6a648a41f7,1513170067,0x86fa049857e0209aa7d9e616f7eb3b3b78ecfdb0,0x6d3bb53eda258ce330478f232637107725dcc9be27c3fb81699568859eee7fed,0.0
2765,0xa30d8157911ef23c46c0eb71889efe6a648a41f7,1513170241,0x86fa049857e0209aa7d9e616f7eb3b3b78ecfdb0,0x659befcaa53613957343cd94f6fccdf45615ce3d2521e56766552b9df42b7811,0.0
2766,0xa30d8157911ef23c46c0eb71889efe6a648a41f7,1513170320,0x86fa049857e0209aa7d9e616f7eb3b3b78ecfdb0,0x436b125cc4ce07c36e458df6e87bac6eef67bbeab1b7005e9fc3793f7677da35,0.0
2767,0xa30d8157911ef23c46c0eb71889efe6a648a41f7,1513170367,0xb4cc9c406a8cce5e09d3c5e94426de3256dc8f07,0x66e84f4034ec35df82e69272e4c61a5c2f1bc05a37268d1aed9d417d4578a528,3.2175
2768,0xa30d8157911ef23c46c0eb71889efe6a648a41f7,1513170377,0x86fa049857e0209aa7d9e616f7eb3b3b78ecfdb0,0xa4607fc105502de2e305efc1006f232357d19eb4cd78707ff89b69f20fbcfa08,0.0
2769,0xa30d8157911ef23c46c0eb71889efe6a648a41f7,1513170545,0x4e0392762e695de4b36435545942ed643f26d334,0xe3a209b9b9ab0d019d146c8db161369449ff45ec6850d800edb7045641a6b69b,2.5
2770,0xa30d8157911ef23c46c0eb71889efe6a648a41f7,1513170867,0x86fa049857e0209aa7d9e616f7eb3b3b78ecfdb0,0x4d36ac11a18805ac54e7a35be9fee9ca47f4a82e2d27b8a4bd329497732057fd,0.0
2771,0xa30d8157911ef23c46c0eb71889efe6a648a41f7,1513171060,0x177d39ac676ed1c67a2b268ad7f1e58826e5b0af,0x0aa920c844c6cedee5c8e5d80fec64be8d3c00103775ffbad7cc1c8abf7cff35,0.0
2772,0xa30d8157911ef23c46c0eb71889efe6a648a41f7,1513171079,0x86fa049857e0209aa7d9e616f7eb3b3b78ecfdb0,0x2bd440362ab5a859cb61e30d3e6e88824499fcceb7f448f8d4a32ceaaf28ae64,0.0
2773,0xa30d8157911ef23c46c0eb71889efe6a648a41f7,1513171174,0x976db2d6be81cb380a76bb1a63e2efd5c930cdbb,0x6987168b064a218f62f5d3f48ffc3817113788d429bb06a70f02a89c05699e78,2.15
2774,0xa30d8157911ef23c46c0eb71889efe6a648a41f7,1513171242,0x86fa049857e0209aa7d9e616f7eb3b3b78ecfdb0,0x8ac4fda4036f88cede15cf0b22fe8b23aeeb618bfc6684e83c6ec0141e91773c,0.0
2775,0xa30d8157911ef23c46c0eb71889efe6a648a41f7,1513171254,0x86fa049857e0209aa7d9e616f7eb3b3b78ecfdb0,0x417f61c8ccb09a51c1e7ae83af95707c3e0608120006f3118cc359c5907d5153,0.0
2776,0xa30d8157911ef23c46c0eb71889efe6a648a41f7,1513171269,0x86fa049857e0209aa7d9e616f7eb3b3b78ecfdb0,0x4c08d13cc33d043085ca4ab3c5d2c55213e34e6c941fc9ae6b6a8cae68c5c996,0.0
2777,0xa30d8157911ef23c46c0eb71889efe6a648a41f7,1513171330,0x514910771af9ca656af840dff83e8264ecf986ca,0xc59f1c652a09609bb98091e84ab20054b2d2d762d9826e0a2e1fc6e7152db4a0,0.0
2778,0xa30d8157911ef23c46c0eb71889efe6a648a41f7,1513171365,0x35f27d26c2633adb74cdf13b6d276ce13a496ba5,0xb9dd5200ef0a92b5dcc99228635141dbb66a77b51af1ed4cbb774979bd468b79,1.0
2779,0xa30d8157911ef23c46c0eb71889efe6a648a41f7,1513171444,0x41e5560054824ea6b0732e656e3ad64e20e94e45,0x68a50f7fe133f563b8745dd6538cab7fbb1ecddc0c5dfa143047a3078e4e35cd,0.0
2780,0xa30d8157911ef23c46c0eb71889efe6a648a41f7,1513171480,0xd26114cd6ee289accf82350c8d8487fedb8a0c07,0xde5d3d11e7980ad2e802ff5eaf450ea4e98454030ec54bab03e6a9b71f99d826,0.0
2781,0xa30d8157911ef23c46c0eb71889efe6a648a41f7,1513172451,0x86fa049857e0209aa7d9e616f7eb3b3b78ecfdb0,0xa3bf49ee83f9dee8da123086611ec5cef4b1e1d4ed2f0ea5efa4cedb5ecf5f7f,0.0
2782,0xa30d8157911ef23c46c0eb71889efe6a648a41f7,1513172455,0x86fa049857e0209aa7d9e616f7eb3b3b78ecfdb0,0x2d8e813811360bfb5aab27ef95481a82c16279ea4909343b96ed61af4ffe0799,0.0
2783,0xa30d8157911ef23c46c0eb71889efe6a648a41f7,1513172733,0xe0b7927c4af23765cb51314a0e0521a9645f0e2a,0x0e5a5894e699c9d9045fd4716b31953d1f061629dac8c476d42a1b515e189dd1,0.0
2784,0xa30d8157911ef23c46c0eb71889efe6a648a41f7,1513172733,0xe580f8d7b1f61a1992566df25cf854c5ef0c6678,0xd6eced7cd27a195a003167082916a73622bd428b2b374889c43bebb33e79efc7,0.09833309
2785,0xa30d8157911ef23c46c0eb71889efe6a648a41f7,1513172819,0xaf30d2a7e90d7dc361c8c4585e9bb7d2f6f15bc7,0x85c0400aa699f040a2e26564edee8657f286eb85c7b96ede1d0846da38f6b1a5,0.0
2786,0xa30d8157911ef23c46c0eb71889efe6a648a41f7,1513173239,0x86fa049857e0209aa7d9e616f7eb3b3b78ecfdb0,0x80be210594226e4ccb0723dc28128030aa2b370dd919aeda6c9a7e5efb485eb3,0.0
2787,0xa30d8157911ef23c46c0eb71889efe6a648a41f7,1513173320,0xe41d2489571d322189246dafa5ebde1f4699f498,0xa3b0a909e56dc9126f56ca493d7e147d2157898f0c69cb6158943dd26326f63d,0.0
2788,0xa30d8157911ef23c46c0eb71889efe6a648a41f7,1513173376,0xe0b7927c4af23765cb51314a0e0521a9645f0e2a,0xb803a7ee5623af73161ed4eaabc58372da144e471f36f74721918502a8bfbb4b,0.0
2789,0xa30d8157911ef23c46c0eb71889efe6a648a41f7,1513173384,0xe0b7927c4af23765cb51314a0e0521a9645f0e2a,0xf1bc551e6732f09df24ed0baabe55493020728c733695e7fe8a7da0e67209aee,0.0
2790,0xa30d8157911ef23c46c0eb71889efe6a648a41f7,1513173597,0x86fa049857e0209aa7d9e616f7eb3b3b78ecfdb0,0x5360f1aa3a622b6c7f529c45b1423533b72a456d08b2529bc35f904d014df353,0.0
2791,0xa30d8157911ef23c46c0eb71889efe6a648a41f7,1513173650,0x86fa049857e0209aa7d9e616f7eb3b3b78ecfdb0,0x2663175095e79e4283d24f6eb16e4efe6b094a27e21b8923a2216c6f5ce231d4,0.0
2792,0xa30d8157911ef23c46c0eb71889efe6a648a41f7,1513173683,0x86fa049857e0209aa7d9e616f7eb3b3b78ecfdb0,0x6b58e64bdbde9d779c4e5eacdd3710eb8d6aa51700294bc6c7a3ec38953924a7,0.0
2793,0xa30d8157911ef23c46c0eb71889efe6a648a41f7,1513173906,0x5465c43204a89763f7b0ee917f4bc668ea3cb98c,0xa7428ff606a03ffefd39b7612a672fd6dd413b0b4694858fbe4833383546df66,10.0
2794,0xa30d8157911ef23c46c0eb71889efe6a648a41f7,1513174088,0xd850942ef8811f2a866692a623011bde52a462c1,0x61f46222bc7d525e95ea57be0e9b9c21f7c19abd90ceb6dc16c1bab583e340c9,0.0
2795,0xa30d8157911ef23c46c0eb71889efe6a648a41f7,1513174264,0x177d39ac676ed1c67a2b268ad7f1e58826e5b0af,0x678b218336d6192aae1dd22932c553df38d6b5390613aa0a04d4981ed45adb03,0.0
2796,0xa30d8157911ef23c46c0eb71889efe6a648a41f7,1513174415,0x86fa049857e0209aa7d9e616f7eb3b3b78ecfdb0,0xabd1972fcf6fbdbfb9b5a6e8e9802b3b7604c97f62e621bc4704a1ae653df96d,0.0
2797,0xa30d8157911ef23c46c0eb71889efe6a648a41f7,1513174612,0xd850942ef8811f2a866692a623011bde52a462c1,0xcb818f5d147aa2fa661cc481fb00c86189d2e75e0d2f8465402dd18b95d873c1,0.0
2798,0xa30d8157911ef23c46c0eb71889efe6a648a41f7,1513174668,0x86fa049857e0209aa7d9e616f7eb3b3b78ecfdb0,0xba47030b35fb83731fb10c343314a1d3989c1cafac6098b1a71cec76533dc67e,0.0
2799,0xa30d8157911ef23c46c0eb71889efe6a648a41f7,1513174711,0x86fa049857e0209aa7d9e616f7eb3b3b78ecfdb0,0xbfa12c7e33fc2035f914aa2c491a8d01b98a3df498b8d0f9f02f6cf98be61a9f,0.0
2800,0xa30d8157911ef23c46c0eb71889efe6a648a41f7,1513174846,0x86fa049857e0209aa7d9e616f7eb3b3b78ecfdb0,0xb91f70598a6e4d1a9c4017884c7ac94ecd95cecadc5b54da32d43397929312db,0.0
2801,0xa30d8157911ef23c46c0eb71889efe6a648a41f7,1513174877,0x86fa049857e0209aa7d9e616f7eb3b3b78ecfdb0,0xa38db27699d22bd976d4c7a27dde10c7dc774003269c118243bcad78dce97e19,0.0
2802,0xa30d8157911ef23c46c0eb71889efe6a648a41f7,1513174925,0x86fa049857e0209aa7d9e616f7eb3b3b78ecfdb0,0xee448267a5d6d0d77cdd9b024e2c40682deeb2d78ae6dfb44ae3ea8bbcc7ba67,0.0
2803,0xa30d8157911ef23c46c0eb71889efe6a648a41f7,1513174965,0x86fa049857e0209aa7d9e616f7eb3b3b78ecfdb0,0x3bec885258c2900ceb0924c77ef3268ec7e564ab8d92767964337a245198dd0b,0.0
2804,0xa30d8157911ef23c46c0eb71889efe6a648a41f7,1513175007,0x86fa049857e0209aa7d9e616f7eb3b3b78ecfdb0,0x8b08074503a0e36837c37c5cc36348ce5c7a592583c763f707ac59fa8e383887,0.0
2805,0xa30d8157911ef23c46c0eb71889efe6a648a41f7,1513175027,0x86fa049857e0209aa7d9e616f7eb3b3b78ecfdb0,0x9d6ef72abf06afcf6f13b4bdfe1887e153382249048b1ce70f2ab867f7bc15cb,0.0
2806,0xa30d8157911ef23c46c0eb71889efe6a648a41f7,1513175065,0xc57e3774aaa458093e98b43a200f6a74e95d5e02,0xa2370c92dce9a7a8a585cfc896b7c75a3bb4c5df761a8b4091bdb9270a6e86aa,0.1
2807,0xa30d8157911ef23c46c0eb71889efe6a648a41f7,1513175071,0x86fa049857e0209aa7d9e616f7eb3b3b78ecfdb0,0x960de158fd818de37e9b1401445236ca82ccd535b70f982e47f169d9036c79fd,0.0
2808,0xa30d8157911ef23c46c0eb71889efe6a648a41f7,1513175165,0x86fa049857e0209aa7d9e616f7eb3b3b78ecfdb0,0x8223c5b349a164d3840f12595106ac899fc198f6723fe0b83b77d8c3956c91b6,0.0
2809,0xa30d8157911ef23c46c0eb71889efe6a648a41f7,1513175241,0x5a87ebcbde1bf02745ef812b7163089bdc9d9102,0xbb8a5762241ef468aa672857b725e9977f144e9dbeb9553976641cf21c6ed11d,0.5
2810,0xa30d8157911ef23c46c0eb71889efe6a648a41f7,1513175674,0x86fa049857e0209aa7d9e616f7eb3b3b78ecfdb0,0x49139c1031cb364139f58d8d573667492baa5ac7f44c43a604f7d648c9c892b0,0.0
2811,0xa30d8157911ef23c46c0eb71889efe6a648a41f7,1513175722,0x8a02bd8cb93e3244465e34665d5bf5c9a5e5923d,0x3aecbc7c62aeaab68153fb09997b97b544bce16e6c87550bd9cb669bc75a3239,5.01
2812,0xa30d8157911ef23c46c0eb71889efe6a648a41f7,1513175751,0x54b4ee4d8380b15e741ccee366019c304c6cda13,0x6855c326a91d4fe29860e06882f45cf8f5fed3cc9d8d5c07b027bc7f441aea95,2.0
2813,0xa30d8157911ef23c46c0eb71889efe6a648a41f7,1513175804,0x86fa049857e0209aa7d9e616f7eb3b3b78ecfdb0,0xff4abea4c46a87f24d2efc46b533d891cd68c95b6f9598612086ae12f7247f66,0.0
2814,0xa30d8157911ef23c46c0eb71889efe6a648a41f7,1513175842,0x86fa049857e0209aa7d9e616f7eb3b3b78ecfdb0,0x6a8e1b97554f19d14789cce7746c348e278e6e3226e95885621d9f297ce0790b,0.0
2815,0xa30d8157911ef23c46c0eb71889efe6a648a41f7,1513175882,0xe905ad7a76a7e95505bba66ab88a9816985aa88d,0xf4825b58712f948edcc041e24836f8cebb8b2e01827908041431477a9276e106,0.05
2816,0xa30d8157911ef23c46c0eb71889efe6a648a41f7,1513176047,0x86fa049857e0209aa7d9e616f7eb3b3b78ecfdb0,0x7b496e5ca99f01e673efac944f8c82414f1dc3592b5deb337ec3219f36d48a8d,0.0
2817,0xa30d8157911ef23c46c0eb71889efe6a648a41f7,1513176098,0x86fa049857e0209aa7d9e616f7eb3b3b78ecfdb0,0xd628687eb64d127e3963c82cfb83f44374c8a18167ab27fd3d651d1fc8c6747c,0.0
2818,0xa30d8157911ef23c46c0eb71889efe6a648a41f7,1513176105,0x86fa049857e0209aa7d9e616f7eb3b3b78ecfdb0,0xa2990f04d29c9cfef66298947b3016c00d8abab02e41010a75e8d45a0f44f0bd,0.0
2819,0xa30d8157911ef23c46c0eb71889efe6a648a41f7,1513176154,0x86fa049857e0209aa7d9e616f7eb3b3b78ecfdb0,0x6631609ef313c4f8d4c86a8098ee3b0d47bebfbbd7025468c542a057ec79182e,0.0
2820,0xa30d8157911ef23c46c0eb71889efe6a648a41f7,1513176202,0x86fa049857e0209aa7d9e616f7eb3b3b78ecfdb0,0x254ba215a0321372ae1f3bb90da22ab0dd8e677bb218fcee757f123b7b7889ec,0.0
2821,0xa30d8157911ef23c46c0eb71889efe6a648a41f7,1513176246,0x86fa049857e0209aa7d9e616f7eb3b3b78ecfdb0,0xb4d8e01a2fc4c864c5fa5b3ba0fe7f258f8a28397f2ada96d05298283f925c12,0.0
2822,0xa30d8157911ef23c46c0eb71889efe6a648a41f7,1513176262,0xdc5c6bc5ba567b6894a53ab965c314debc00a6b2,0xf6ec9844901fb684b2ed1465e4cebeca86338a2673f18152e328b12218f76fa8,168.9
2823,0xa30d8157911ef23c46c0eb71889efe6a648a41f7,1513176262,0x86fa049857e0209aa7d9e616f7eb3b3b78ecfdb0,0xccdb2e245078dbbacd225711470468a0b5198ff381160a84acedb5e64ecb5541,0.0
2824,0xa30d8157911ef23c46c0eb71889efe6a648a41f7,1513176266,0xb63b606ac810a52cca15e44bb630fd42d8d1d83d,0x915e5e2bac7a7085f432e130043e4a75589383abb135117ea24cd7a3c1ee589b,0.0
2825,0xa30d8157911ef23c46c0eb71889efe6a648a41f7,1513176268,0x86fa049857e0209aa7d9e616f7eb3b3b78ecfdb0,0xe5fd5eac5e614f9ebb236a9dedbdf8617f588205f86870576dad02cf634cb326,0.0
2826,0xa30d8157911ef23c46c0eb71889efe6a648a41f7,1513176346,0x86fa049857e0209aa7d9e616f7eb3b3b78ecfdb0,0x8c2d1db09e28441293467c5fa726d68062f9792db46b966cae190e297c645d12,0.0
2827,0xa30d8157911ef23c46c0eb71889efe6a648a41f7,1513176355,0x86fa049857e0209aa7d9e616f7eb3b3b78ecfdb0,0x619d89c213bcd8cf717c8c6e642664bb790acf4da335a544f79990774640eda7,0.0
2828,0xa30d8157911ef23c46c0eb71889efe6a648a41f7,1513176406,0xa645264c5603e96c3b0b078cdab68733794b0a71,0x10a93156506a3ee448da633747244268b61943df99481099b95f4524f4d53359,0.0
2829,0xa30d8157911ef23c46c0eb71889efe6a648a41f7,1513176480,0xfa05a73ffe78ef8f1a739473e462c54bae6567d9,0x20206506b6a331b354099d1eece5bf1d543fe7a7e02d605a118bc361503fdede,0.0
2830,0xa30d8157911ef23c46c0eb71889efe6a648a41f7,1513176507,0x86fa049857e0209aa7d9e616f7eb3b3b78ecfdb0,0x401bb1ffbcde2feb0c0a1db7d6f8aa5c5e58bd9c24083eb45c56ae12f0de4b8f,0.0
2831,0xa30d8157911ef23c46c0eb71889efe6a648a41f7,1513176507,0x0f5d2fb29fb7d3cfee444a200298f468908cc942,0x766281e45e31b2331ac9e232f14ca17182c32eabe9dbc50c8bb7744c2d1d9382,0.0
2832,0xa30d8157911ef23c46c0eb71889efe6a648a41f7,1513176507,0x86fa049857e0209aa7d9e616f7eb3b3b78ecfdb0,0x4b3c6be46c75ab9c382e971258f78bbdd686283ce6d5081d0ae59033b3a51eac,0.0
2833,0xa30d8157911ef23c46c0eb71889efe6a648a41f7,1513176518,0x86fa049857e0209aa7d9e616f7eb3b3b78ecfdb0,0xf341779b7ca56dee208774b2aeeb89efc90c0584754b5f55d115186f1477f607,0.0
2834,0xa30d8157911ef23c46c0eb71889efe6a648a41f7,1513176544,0x976db2d6be81cb380a76bb1a63e2efd5c930cdbb,0x3b3630700fe42eee45a8db00911a7f290f60679a6d6130b809b7ffdc1566e072,1.999
2835,0xa30d8157911ef23c46c0eb71889efe6a648a41f7,1513176590,0x0d8775f648430679a709e98d2b0cb6250d2887ef,0xf1e2d67487a8c13db7fe874eaa624c960fabc943d54200b8562a6e0408055d74,0.0
2836,0xa30d8157911ef23c46c0eb71889efe6a648a41f7,1513176596,0x86fa049857e0209aa7d9e616f7eb3b3b78ecfdb0,0x37ecbcbe825b1745380f76523758a2c20ead1bc41a0a64fc67b0af1045532328,0.0
2837,0xa30d8157911ef23c46c0eb71889efe6a648a41f7,1513176596,0x86fa049857e0209aa7d9e616f7eb3b3b78ecfdb0,0xb7c5ca79dba2d82b33d4840c22073c112e2354dd947c1a73201837369042df55,0.0
2838,0xa30d8157911ef23c46c0eb71889efe6a648a41f7,1513176596,0x86fa049857e0209aa7d9e616f7eb3b3b78ecfdb0,0x08a5d1f1c33a1990f51a8625094cc1c6a655bab6c77db8ac9d1ffa17ff8fc20a,0.0
2839,0xa30d8157911ef23c46c0eb71889efe6a648a41f7,1513176596,0x86fa049857e0209aa7d9e616f7eb3b3b78ecfdb0,0xa7808ac20de8de757021272650509591755bdece9ce6529267254d017b02f0c3,0.0
2840,0xa30d8157911ef23c46c0eb71889efe6a648a41f7,1513176596,0x86fa049857e0209aa7d9e616f7eb3b3b78ecfdb0,0xae2f76ebbc36f6c98e0961f9ce43604b04d764bfeaca602f280dabdd93617634,0.0
2841,0xa30d8157911ef23c46c0eb71889efe6a648a41f7,1513176609,0x0d1433d9392dfb667648b273d1ae9c366e95ced2,0x464e10ebcdafd040cc62f57a651d88a5b5d10cf711e2caf2907f99c274cc3497,79.98
2842,0xa30d8157911ef23c46c0eb71889efe6a648a41f7,1513176635,0xdf725d5ba8276bc24d30951b4cedd11bf8923140,0x7e02004d12733ab79364712d149c5725547bd9e2f83ce1c479afb3493b62294d,5.0
2843,0xa30d8157911ef23c46c0eb71889efe6a648a41f7,1513176642,0xe0b7927c4af23765cb51314a0e0521a9645f0e2a,0x035160e727c090c78d80c9d3a81af0cc938278027c80e10b2212667b3c934cda,0.0
2844,0xa30d8157911ef23c46c0eb71889efe6a648a41f7,1513176642,0x86fa049857e0209aa7d9e616f7eb3b3b78ecfdb0,0x4ef6fe4275f34c19ec9c7c2999597089587cd63913a6de1aa79360a7a4af3b5c,0.0
2845,0xa30d8157911ef23c46c0eb71889efe6a648a41f7,1513176781,0x86fa049857e0209aa7d9e616f7eb3b3b78ecfdb0,0xea324fde5caff710e8c6a38b43a4fa56b92ff58f575c0071729b17f4606b056c,0.0
2846,0xa30d8157911ef23c46c0eb71889efe6a648a41f7,1513176958,0x86fa049857e0209aa7d9e616f7eb3b3b78ecfdb0,0x0629de7e2943186754dee1ae08b6d58f1bb14881a5811f56c31b5ef3db4dfaca,0.0
2847,0xa30d8157911ef23c46c0eb71889efe6a648a41f7,1513177002,0x568a9216cb3c99a0c3e3d36c33ec0615485cf30f,0x901b7d343ad801ee30351c57d0ff8dce9bf63da69e733a781eb2d238dfaf0ba6,43.0
2848,0xa30d8157911ef23c46c0eb71889efe6a648a41f7,1513177083,0x8d47738d882cff433033eac291dcccac598a2391,0x31d25cef2afdfe6743d5adc12a9d9421fd3d89afdcbe79935b69e4ef472a5e79,0.08
2849,0xa30d8157911ef23c46c0eb71889efe6a648a41f7,1513177083,0x86fa049857e0209aa7d9e616f7eb3b3b78ecfdb0,0x622a612bfe4986af6a1ee97ef319896d28b549a4e28570e8a3d26e1b2670bd38,0.0
2850,0xa30d8157911ef23c46c0eb71889efe6a648a41f7,1513177083,0x6438ddd32cc49ce02df4d870d41849e4b7035c5a,0x3698abb8ced35a4d35e6198144071d0391da7cb62fdc7d33df2319f3768e728b,4.7645
2851,0xa30d8157911ef23c46c0eb71889efe6a648a41f7,1513177170,0x86fa049857e0209aa7d9e616f7eb3b3b78ecfdb0,0x70cc3ceb74a3222923b83ee8623f46cd74a4b374246293b2c8698ac4fb5ead65,0.0
2852,0xa30d8157911ef23c46c0eb71889efe6a648a41f7,1513177189,0xe0b7927c4af23765cb51314a0e0521a9645f0e2a,0xa62e9901b5ebebd1ccb89a8ede9d22491dead5418f2449d43f03ec84673fe066,0.0
2853,0xa30d8157911ef23c46c0eb71889efe6a648a41f7,1513177221,0x86fa049857e0209aa7d9e616f7eb3b3b78ecfdb0,0x4252282d10af052277040ec0b2deae21ede198f615c9b2c79c58e86c23ae00ee,0.0
2854,0xa30d8157911ef23c46c0eb71889efe6a648a41f7,1513177255,0x1ad973c27cac69841d829d272b6a1e85877d8d2d,0xfdf8d353bcd6233786cdcf1cca75657d5ebbd81a40d9e9b3cd812db30a56e5c3,10.0
2855,0xa30d8157911ef23c46c0eb71889efe6a648a41f7,1513177263,0x86fa049857e0209aa7d9e616f7eb3b3b78ecfdb0,0x896d1ecb8afa7ebc811f4a88e562307adfd1a2d409f9b37006b6dfc39a40ba29,0.0
2856,0xa30d8157911ef23c46c0eb71889efe6a648a41f7,1513177304,0xe705dab0694fd5ec62b6970b78ef46fe0f31098e,0xa106177f4b6e1515ee6a9c7f321e2ee3617b6655bc8e3838492ff91d8ec7f68b,3.0
2857,0xa30d8157911ef23c46c0eb71889efe6a648a41f7,1513177327,0x86fa049857e0209aa7d9e616f7eb3b3b78ecfdb0,0xe21b271b6ebef999d5fc338b1f5b711e7305237e49a7acc962b0dde34ec6da3f,0.0
2858,0xa30d8157911ef23c46c0eb71889efe6a648a41f7,1513177446,0x86fa049857e0209aa7d9e616f7eb3b3b78ecfdb0,0xfc7f7b4103c0aa7a45cad8434cde7570f4b8fe4ad2571d91405fe749005d3ff7,0.0
2859,0xa30d8157911ef23c46c0eb71889efe6a648a41f7,1513177536,0x712a376c92f47ee9a70e0d8d8ba53542750772b7,0x947b7243287244b517bc59dc3c3ae7f622dfd9bdb5331c4f248e6d818df008e1,7.00733019
2860,0xa30d8157911ef23c46c0eb71889efe6a648a41f7,1513177711,0x86fa049857e0209aa7d9e616f7eb3b3b78ecfdb0,0x1812b8e1a2feb7f6f719a0b1be8c27e93aaa1ee95f312d244a2a72a2e1208d14,0.0
2861,0xa30d8157911ef23c46c0eb71889efe6a648a41f7,1513177752,0x86fa049857e0209aa7d9e616f7eb3b3b78ecfdb0,0x3f52b26affdb687f60f31c936b17be0b99f639064a658ca445f952a7878f36e3,0.0
2862,0xa30d8157911ef23c46c0eb71889efe6a648a41f7,1513177825,0x86fa049857e0209aa7d9e616f7eb3b3b78ecfdb0,0xb4e9fc9207a0df7601dd032912ff836fdafdc63b9990272fdd92ecea7e40a4ec,0.0
2863,0xa30d8157911ef23c46c0eb71889efe6a648a41f7,1513177944,0xdd974d5c2e2928dea5f71b9825b8b646686bd200,0xe5694ef6bcc463147cd4f70bd8ed845bc25e6c67acef65078e13cd7ce34319e7,0.0
2864,0xa30d8157911ef23c46c0eb71889efe6a648a41f7,1513177944,0x01027039fae1564eb1fa831496ad1496b81771cc,0xdba65f301a1db177c60554c7bf793318294649fd0fff07bd983482996bbb0087,0.2
2865,0xa30d8157911ef23c46c0eb71889efe6a648a41f7,1513178010,0x86fa049857e0209aa7d9e616f7eb3b3b78ecfdb0,0x50ca8e07b46a12461ff25e45b19362737c2102f60d6cc06b812415595b543393,0.0
2866,0xa30d8157911ef23c46c0eb71889efe6a648a41f7,1513178143,0x86fa049857e0209aa7d9e616f7eb3b3b78ecfdb0,0x6252d244cd3d81d7dd36f1273e99db0c70b8bec54bcf99494224f30c3317737e,0.0
2867,0xa30d8157911ef23c46c0eb71889efe6a648a41f7,1513178250,0xa8850a9000cc4fabcc6003181b1416875da21fee,0x6c79f3c70dec8f391ec62686f8afb508a721943c6b21a9c5008641171a977d7d,1.01
2868,0xa30d8157911ef23c46c0eb71889efe6a648a41f7,1513178429,0x86fa049857e0209aa7d9e616f7eb3b3b78ecfdb0,0xf8d6e5fabfa61b312e9050b400a3e6d4d8c05f1c8efa9e1051542cce76d12b6a,0.0
2869,0xa30d8157911ef23c46c0eb71889efe6a648a41f7,1513178477,0x0f5d2fb29fb7d3cfee444a200298f468908cc942,0x6c8f045f66e663ed4956285935bd83585968bc4edb6dbf182010b63c8e465c42,0.0
2870,0xa30d8157911ef23c46c0eb71889efe6a648a41f7,1513178548,0xe41d2489571d322189246dafa5ebde1f4699f498,0x11bc6f69c36a70b78d8be20ec30174bd45d72d26ceb1f05205e6c9a308f857c3,0.0
2871,0xa30d8157911ef23c46c0eb71889efe6a648a41f7,1513178749,0x86fa049857e0209aa7d9e616f7eb3b3b78ecfdb0,0x5f7125d79bc5f26f2258b7e6972723e5b6d3d6a9e06632931ac3c0b5000503fb,0.0
2872,0xa30d8157911ef23c46c0eb71889efe6a648a41f7,1513178810,0x0f5d2fb29fb7d3cfee444a200298f468908cc942,0xb1ee1fd39e666307344b713e301ad6100721a7ae3ceaf3d0bdfb708c892c584a,0.0
2873,0xa30d8157911ef23c46c0eb71889efe6a648a41f7,1513178828,0x86fa049857e0209aa7d9e616f7eb3b3b78ecfdb0,0x48f7868d857f493e18e58083859324b21d68e8bc5483ce78f7fffd912f4c8c21,0.0
2874,0xa30d8157911ef23c46c0eb71889efe6a648a41f7,1513178974,0x86fa049857e0209aa7d9e616f7eb3b3b78ecfdb0,0xbaa4e9a9428074105df72eb864c7337588f53cdd08b8d56a7ea8f8038479cd60,0.0
2875,0xa30d8157911ef23c46c0eb71889efe6a648a41f7,1513179123,0x177d39ac676ed1c67a2b268ad7f1e58826e5b0af,0x01a83d206b124f662d6e13385cce26daa73017b7ed6d6fcde9b78d48dd79d7ee,0.0
2876,0xa30d8157911ef23c46c0eb71889efe6a648a41f7,1513179134,0xb63b606ac810a52cca15e44bb630fd42d8d1d83d,0x6e0d5962de9c4bd1b7d36c86bddbc6349086277423df9e1da9b6a5a050f0b7fe,0.0
2877,0xa30d8157911ef23c46c0eb71889efe6a648a41f7,1513179202,0x86fa049857e0209aa7d9e616f7eb3b3b78ecfdb0,0x58869f59704905e9516705a7f84e30370ea80e1b3351f8d1ffd3c179e3098249,0.0
2878,0xa30d8157911ef23c46c0eb71889efe6a648a41f7,1513179303,0x0f5d2fb29fb7d3cfee444a200298f468908cc942,0xe4f4d64ab5b59a907efaf2f68d656bc2d384a0bad4dbaa8a4da9a5dd0742ffe6,0.0
2879,0xa30d8157911ef23c46c0eb71889efe6a648a41f7,1513179487,0x86fa049857e0209aa7d9e616f7eb3b3b78ecfdb0,0xa9313f9caacdd6cea153cd3211ad96418b7fde16c83ea7e27b8801a71e1b6b9e,0.0
2880,0xa30d8157911ef23c46c0eb71889efe6a648a41f7,1513179542,0x0f5d2fb29fb7d3cfee444a200298f468908cc942,0xea64bd4661d61f99bcbf4fe473ff22c6b6a4a36e15775558b61ff0a834eef636,0.0
2881,0xa30d8157911ef23c46c0eb71889efe6a648a41f7,1513179602,0x0f5d2fb29fb7d3cfee444a200298f468908cc942,0x4d22f0bec7192cdc0aa5ae05f66655ea8932a7357979b379ec4c11c340b5c322,0.0
2882,0xa30d8157911ef23c46c0eb71889efe6a648a41f7,1513179607,0xc12886c8c18ead74458efb006dbf0255ec194d8f,0x6f790261d8ee244de33c0ad6b9344092c2fdbca91c845b017ff389c773ed4ddc,6.0
2883,0xa30d8157911ef23c46c0eb71889efe6a648a41f7,1513179623,0xb63b606ac810a52cca15e44bb630fd42d8d1d83d,0x321ffa356279cc98791400f2dbd22f7d4ee87c2f31e53df102b7814263e3ac12,0.0
2884,0xa30d8157911ef23c46c0eb71889efe6a648a41f7,1513179643,0x86fa049857e0209aa7d9e616f7eb3b3b78ecfdb0,0xf464bbb2844175dd0f963bc38ff89c15befc0f15b980c0f755666685a91c9378,0.0
2885,0xa30d8157911ef23c46c0eb71889efe6a648a41f7,1513179694,0x86fa049857e0209aa7d9e616f7eb3b3b78ecfdb0,0xc48ecf008303fb17119863c8b70467edc144aa000b350bdb9add2067674f5da9,0.0
2886,0xa30d8157911ef23c46c0eb71889efe6a648a41f7,1513179737,0x7440bd5ddf68d50a7855e656ac32058c75dc4d3e,0x2f6a38fb3c6d7c8ef074d2944d315b2fb3eae5b971d722eba198a5d0027611ef,0.026000000000000002
2887,0xa30d8157911ef23c46c0eb71889efe6a648a41f7,1513179820,0xb64ef51c888972c908cfacf59b47c1afbc0ab8ac,0xc35081b104559f317a0472675ee1037994d6eb1e73367c48b52b97ceaa499b77,0.0
2888,0xa30d8157911ef23c46c0eb71889efe6a648a41f7,1513179862,0x86fa049857e0209aa7d9e616f7eb3b3b78ecfdb0,0xd1316e61f4ffa72594049981c8588ea8c5ec4db126727ae41e7b0354fd7efdfa,0.0
2889,0xa30d8157911ef23c46c0eb71889efe6a648a41f7,1513180167,0x86fa049857e0209aa7d9e616f7eb3b3b78ecfdb0,0x6df3154ed4636ae45426fd938537b01eacd8ef6189d034c79496e78d74513c49,0.0
2890,0xa30d8157911ef23c46c0eb71889efe6a648a41f7,1513180217,0xb63b606ac810a52cca15e44bb630fd42d8d1d83d,0xaa1068b78d1f91fd140fbe07bbe0d9e28b61f1aa31329c5e1efd2059f73b331f,0.0
2891,0xa30d8157911ef23c46c0eb71889efe6a648a41f7,1513180346,0x86fa049857e0209aa7d9e616f7eb3b3b78ecfdb0,0xf2638aae6dbc6d035f6bd5e99b3df3cf08daf89d6ab78b1f87cfd4449a1c6f4a,0.0
2892,0xa30d8157911ef23c46c0eb71889efe6a648a41f7,1513180553,0x86fa049857e0209aa7d9e616f7eb3b3b78ecfdb0,0x4d707ae06d9017ce0889806ae957a2e1bb7dcfb236a5b96f79f81ac877a0c5d1,0.0
2893,0xa30d8157911ef23c46c0eb71889efe6a648a41f7,1513180714,0x86fa049857e0209aa7d9e616f7eb3b3b78ecfdb0,0xe05f3521b7a7f02a2a427796dce8b323addddf53a2eea8c8140930c47cbc15b5,0.0
2894,0xa30d8157911ef23c46c0eb71889efe6a648a41f7,1513180766,0x744d70fdbe2ba4cf95131626614a1763df805b9e,0xc73944fd4048e8684a4d2b6fb72325e58f33300ac4585577934cec54f177e80e,0.0
2895,0xa30d8157911ef23c46c0eb71889efe6a648a41f7,1513181171,0x86fa049857e0209aa7d9e616f7eb3b3b78ecfdb0,0xb2363cce78d1164ca2a5b9e45e75f5f31552a0bf5c93d25d425e325f0a81dc4f,0.0
2896,0xa30d8157911ef23c46c0eb71889efe6a648a41f7,1513181301,0x177d39ac676ed1c67a2b268ad7f1e58826e5b0af,0x106c3b7df841b34b8f47ab8ab6a0df07f3c213c9c52c1a1fc65f4f82136b3be6,0.0
2897,0xa30d8157911ef23c46c0eb71889efe6a648a41f7,1513181436,0x86fa049857e0209aa7d9e616f7eb3b3b78ecfdb0,0xcc163ebc99c8fb91355df0d14d025787802e4ea2db4c8e93135c1a12063e28c5,0.0
2898,0xa30d8157911ef23c46c0eb71889efe6a648a41f7,1513181663,0x6c9b0ce2643aac06c582ca23f98761610b01e6c8,0xad507b94957f207037fcbc6a18f41196ccc4810781d8c7a941928ee35c75650e,3.05
2899,0xa30d8157911ef23c46c0eb71889efe6a648a41f7,1513182437,0xda533a884d84c822ca405e5e27be68abc3b97e00,0xd14cd9d795809c4f4fe9be1dc502b0a2552914a0be3f706e500190cdecbc7c05,20.8
2900,0xa30d8157911ef23c46c0eb71889efe6a648a41f7,1513182586,0x86fa049857e0209aa7d9e616f7eb3b3b78ecfdb0,0x467a4cd814d57a66cbcac670146ce8f55c56320f2b4a5bdb660d21239ba165f1,0.0
2901,0xa30d8157911ef23c46c0eb71889efe6a648a41f7,1513182674,0x86fa049857e0209aa7d9e616f7eb3b3b78ecfdb0,0x39b9172764a40948d78b84efcd1f5557d9840aeff0fd86a3818e403378b18265,0.0
2902,0xa30d8157911ef23c46c0eb71889efe6a648a41f7,1513182689,0x86fa049857e0209aa7d9e616f7eb3b3b78ecfdb0,0x055d84dc65da45949d0d321552b25d05b1b21c2bdf28e14e42355bfe68397150,0.0
2903,0xa30d8157911ef23c46c0eb71889efe6a648a41f7,1513182847,0xd26114cd6ee289accf82350c8d8487fedb8a0c07,0x70786c726c0554fbd9157f103258f6f9e3081141012c301e534e80486f32c21a,0.0
2904,0xa30d8157911ef23c46c0eb71889efe6a648a41f7,1513182858,0x86fa049857e0209aa7d9e616f7eb3b3b78ecfdb0,0x7cc9f943f36fa2052645ec3b403cd5098711a336d1c710f2ced922ca12550b07,0.0
2905,0xa30d8157911ef23c46c0eb71889efe6a648a41f7,1513183007,0x9f6bee6899ccd70cf776107ca787cd88dcca0b37,0xed0aa9322671c6be5819f64d66cfa7b7b3503a28af56320f5697c0784315d344,13.707735999999999
2906,0xa30d8157911ef23c46c0eb71889efe6a648a41f7,1513183388,0x0f5d2fb29fb7d3cfee444a200298f468908cc942,0xaaab4cc44b4ad6bc4355ad6477484fa3ea7047147b8e896ce8987391bcae7bd2,0.0
2907,0xa30d8157911ef23c46c0eb71889efe6a648a41f7,1513183471,0x0f5d2fb29fb7d3cfee444a200298f468908cc942,0x186999f1c3949ff349b7ea1e13492c84c7d41a07f9a1d859bdda3f88d8e938b8,0.0
2908,0xa30d8157911ef23c46c0eb71889efe6a648a41f7,1513183740,0xe0b7927c4af23765cb51314a0e0521a9645f0e2a,0x892341f125afef21346a3ad7da79d22e5a83b0015e2a45ae2c505783e03a10eb,0.0
2909,0xa30d8157911ef23c46c0eb71889efe6a648a41f7,1513183932,0x86fa049857e0209aa7d9e616f7eb3b3b78ecfdb0,0x1f13c0d8f82390a2831c3b2191f3ff4ac16c0a075938c7aefbd0eb1710f7fff4,0.0
2910,0xa30d8157911ef23c46c0eb71889efe6a648a41f7,1513184165,0x86fa049857e0209aa7d9e616f7eb3b3b78ecfdb0,0x3f41257b06be0142e49f24f1586cfbbdca6964195f544e263315e49560bc8582,0.0
2911,0xa30d8157911ef23c46c0eb71889efe6a648a41f7,1513185114,0x744d70fdbe2ba4cf95131626614a1763df805b9e,0x4d08ad36da10d8eeaa17f8cf251d75cebedbd575683168b9d2f860e6750af47e,0.0
2912,0xa30d8157911ef23c46c0eb71889efe6a648a41f7,1513185160,0xb64ef51c888972c908cfacf59b47c1afbc0ab8ac,0xef8bbaaa7d1280b9fd069ba7e9e083c1d9ea0751d5256eb5ec8e02902fcc2b11,0.0
2913,0xa30d8157911ef23c46c0eb71889efe6a648a41f7,1513185363,0x177d39ac676ed1c67a2b268ad7f1e58826e5b0af,0xb385ac83ccb431d001788bb23eae3b5f69afde400851e3afce0cc04dd02d3882,0.0
2914,0xa30d8157911ef23c46c0eb71889efe6a648a41f7,1513185964,0xae5977afe3327cb753b4db2ce78443a4e922d00c,0x0548c923b61506a4f0ce2cb3359c86179563955783af9a12f0b696fb0d4b6403,6.216
2915,0xa30d8157911ef23c46c0eb71889efe6a648a41f7,1513186751,0xf7920b0768ecb20a123fac32311d07d193381d6f,0x7b1032edb0a3d8eb83c75e8b90b9eed90f8263116c3462f0443133d81ce77b41,0.0
2916,0xa30d8157911ef23c46c0eb71889efe6a648a41f7,1513187183,0x86fa049857e0209aa7d9e616f7eb3b3b78ecfdb0,0xa4e4d8fad00c5957190905332248314d05127a6d68902c0508bfce4b299c9e32,0.0
2917,0xa30d8157911ef23c46c0eb71889efe6a648a41f7,1513187849,0xb63b606ac810a52cca15e44bb630fd42d8d1d83d,0x9240bb937fcbbd7ed454cc511473bb4e58160413b6bf0355ba53a4e20bc3ff72,0.0
2918,0xa30d8157911ef23c46c0eb71889efe6a648a41f7,1513187898,0x744d70fdbe2ba4cf95131626614a1763df805b9e,0x39b6bd9767cac576b366ae787de8b0669d8d115acab88f5edf8c275d350a3d32,0.0
2919,0xa30d8157911ef23c46c0eb71889efe6a648a41f7,1513188079,0x86fa049857e0209aa7d9e616f7eb3b3b78ecfdb0,0x724a1e804f20d21a8d03ece18cd572b13c257cd3beee373eb5c4a8f86af92b19,0.0
2920,0xa30d8157911ef23c46c0eb71889efe6a648a41f7,1513188110,0xb63b606ac810a52cca15e44bb630fd42d8d1d83d,0xfeebb8af91278e562eafb3118a66f95bfd083013ef66a21f8a1b81d6a653b92d,0.0
2921,0xa30d8157911ef23c46c0eb71889efe6a648a41f7,1513188440,0x25597f5fcccc24e0233cc7b769044d689bb6ed82,0x192db50c877e8d965e892b3d6d2acb7f34982cf5538ca1f2448c90ecc84b1150,0.5739
2922,0xa30d8157911ef23c46c0eb71889efe6a648a41f7,1513191061,0x86fa049857e0209aa7d9e616f7eb3b3b78ecfdb0,0xab9a02d138f236c17a46985d5d57fc8d839c7baecbbb38cd300373acb9ecc5c0,0.0
2923,0xa30d8157911ef23c46c0eb71889efe6a648a41f7,1513191153,0x24c4639b089321f8600c19c4897e4da8c49c6707,0x4223dcb95df4581ae0eb51cf1375079bb8d5b7c84249d1c008e127c99f7b12f3,0.5
2924,0xa30d8157911ef23c46c0eb71889efe6a648a41f7,1513195731,0xf7920b0768ecb20a123fac32311d07d193381d6f,0x577ea00f3ed18bbb2b2d6b1dbe422a4ec9b041089657717a247d41f1592839cc,0.0
2925,0xa30d8157911ef23c46c0eb71889efe6a648a41f7,1513196160,0xb51ee60ee056b8c28bb4cf8e2fdaebce8dc21a44,0xe80dceda52b704b6391ebdf1d7bfec6655febba7de5be6db98e00d025da332f1,4.027
2926,0xa30d8157911ef23c46c0eb71889efe6a648a41f7,1513197015,0x86fa049857e0209aa7d9e616f7eb3b3b78ecfdb0,0x3c967f9866c4b8370121b898c6e43cbbfd09e88625ec29d449a956f61475f4af,0.0
2927,0xa30d8157911ef23c46c0eb71889efe6a648a41f7,1513200071,0xe0b7927c4af23765cb51314a0e0521a9645f0e2a,0x60c5010250d1b678ad94682e889c6dffb9dad4623a146cd1a72539ad87d78e53,0.0
2928,0xa30d8157911ef23c46c0eb71889efe6a648a41f7,1513202950,0x86fa049857e0209aa7d9e616f7eb3b3b78ecfdb0,0x4076b0424b15ac02c85ba482c4ca4dd86b7932b0c107744587060054fb37aac2,0.0
2929,0xa30d8157911ef23c46c0eb71889efe6a648a41f7,1513203150,0x0f5d2fb29fb7d3cfee444a200298f468908cc942,0xe641f6281f5781ce686b9c241408528b5da408cab292f704e2ca42e7a9262c16,0.0
2930,0xa30d8157911ef23c46c0eb71889efe6a648a41f7,1513203873,0xaf30d2a7e90d7dc361c8c4585e9bb7d2f6f15bc7,0x5ce9a9c29974d8598d16b772062407f11b301cf0600c8f552f7d39c3eed3f3ca,0.0
2931,0xa30d8157911ef23c46c0eb71889efe6a648a41f7,1513204671,0x86fa049857e0209aa7d9e616f7eb3b3b78ecfdb0,0xf3734a8c8dd303935d99600a98259bdb485e67cacd109c2bc75261cb42f9b676,0.0
2932,0xa30d8157911ef23c46c0eb71889efe6a648a41f7,1513204845,0xe0b7927c4af23765cb51314a0e0521a9645f0e2a,0x6cc173a64085caeb4117d6e72f8bd9a793bff571fac9f7932160ac129033f609,0.0
2933,0xa30d8157911ef23c46c0eb71889efe6a648a41f7,1513205001,0x0f5d2fb29fb7d3cfee444a200298f468908cc942,0xf1d3a410f823a3757c296c378bdbaa41c1c869ce23686faac381eedf727fa1c2,0.0
2934,0xa30d8157911ef23c46c0eb71889efe6a648a41f7,1513205224,0x86fa049857e0209aa7d9e616f7eb3b3b78ecfdb0,0xa01c68d72016604800879c9745af30ef5b29ef21170b5aa9ec17385a12f0f839,0.0
2935,0xa30d8157911ef23c46c0eb71889efe6a648a41f7,1513205469,0x86fa049857e0209aa7d9e616f7eb3b3b78ecfdb0,0xdae3ef368e3c245971f6d8c79179d387ca2d2370fee1ac175c26372fdfbb1d7e,0.0
2936,0xa30d8157911ef23c46c0eb71889efe6a648a41f7,1513206386,0x86fa049857e0209aa7d9e616f7eb3b3b78ecfdb0,0xe91f4eab5e90149568162889f540a2ab36d39386790a226a5c7284ce04a3981b,0.0
2937,0xa30d8157911ef23c46c0eb71889efe6a648a41f7,1513206719,0x86fa049857e0209aa7d9e616f7eb3b3b78ecfdb0,0xbb376a1ef994a9a89d52c26ec8836ff606a8589735698800dc0e11770dd4e954,0.0
2938,0xa30d8157911ef23c46c0eb71889efe6a648a41f7,1513206748,0xb97048628db6b661d4c2aa833e95dbe1a905b280,0xb6be9c39d314e60e7ab3b242c0020e926643b0f63472bb992e7ab58375233d83,0.0
2939,0xa30d8157911ef23c46c0eb71889efe6a648a41f7,1513206911,0x0f5d2fb29fb7d3cfee444a200298f468908cc942,0x2a51579b041402e3fc260488099117bb31b3c42a2207d315d3562b646a5c5ef5,0.0
2940,0xa30d8157911ef23c46c0eb71889efe6a648a41f7,1513207130,0xb97048628db6b661d4c2aa833e95dbe1a905b280,0x6f06ce94a3c93bd1912db5e4575ec06661cfee8451767068d62590f0718fba4c,0.0
2941,0x4be2166a8dbe25e79a9b30b4ce26858e10d21e92,1513207168,0x08f5a9235b08173b7569f83645d2c7fb55e8ccd8,0xb6bfdd23d263f13aedd943615dc82debec25797cf1bb4ca251f5d80fe1f7aa8e,0.0
2942,0xa30d8157911ef23c46c0eb71889efe6a648a41f7,1513207214,0x86fa049857e0209aa7d9e616f7eb3b3b78ecfdb0,0xfaa002de81db4e676f43acc797e213d6f98ed699a6382475c24c494dd9596a54,0.0
2943,0xa30d8157911ef23c46c0eb71889efe6a648a41f7,1513207260,0xaf30d2a7e90d7dc361c8c4585e9bb7d2f6f15bc7,0xc691c9af3f5c72b4e13de1118c5299563e9cacdf943df0a90179edf42b28ad9f,0.0
2944,0xa30d8157911ef23c46c0eb71889efe6a648a41f7,1513207333,0xaf30d2a7e90d7dc361c8c4585e9bb7d2f6f15bc7,0x5c498ef9d7bebec7f509327da78d5f009f4c6e2a56fca3fc56a6b94d96b69c8a,0.0
2945,0xa30d8157911ef23c46c0eb71889efe6a648a41f7,1513208839,0x86fa049857e0209aa7d9e616f7eb3b3b78ecfdb0,0xc6e60ad923cad158c2c4edc7de4e450c0acd91e2da82ee3110b39c82da5b6150,0.0
2946,0xa30d8157911ef23c46c0eb71889efe6a648a41f7,1513208944,0x86fa049857e0209aa7d9e616f7eb3b3b78ecfdb0,0x5b6956e43b4a39f1e6c15645576b9a7766641e19001c17b2a02ed412eb60f86a,0.0
2947,0xa30d8157911ef23c46c0eb71889efe6a648a41f7,1513209133,0x43cd90cfc2384d5a9982b798c3d4dc6a06605480,0x4a3a3a9002ab7b63a3949d6e25fc23e32a680690e2e9c76420620cc1f92bc211,0.05857486
2948,0xa30d8157911ef23c46c0eb71889efe6a648a41f7,1513209180,0x86fa049857e0209aa7d9e616f7eb3b3b78ecfdb0,0x4669265b95abe8446a8ebd07945a0bd0b0349bf69d78c1bf31a005ce3d03c097,0.0
2949,0xa30d8157911ef23c46c0eb71889efe6a648a41f7,1513209819,0xb63b606ac810a52cca15e44bb630fd42d8d1d83d,0x0f90362201b355f8116f586d3da644acb7ca353b8a3765faa79187dbbd619a73,0.0
2950,0xa30d8157911ef23c46c0eb71889efe6a648a41f7,1513209879,0x0f5d2fb29fb7d3cfee444a200298f468908cc942,0x3b9523dd603e40e86c866e0fc7ebc99ca5803febe0cfd24a0ee26c674d92e246,0.0
2951,0xa30d8157911ef23c46c0eb71889efe6a648a41f7,1513210272,0x86fa049857e0209aa7d9e616f7eb3b3b78ecfdb0,0x92d88333e223da66689c572ee472b221cb808ff37d7c173b0afdd2de57cee62c,0.0
2952,0xa30d8157911ef23c46c0eb71889efe6a648a41f7,1513210466,0xe0b7927c4af23765cb51314a0e0521a9645f0e2a,0x382b416f0b18cacb146430aa4a20cbaec850adfd577377a0621fd767231425bf,0.0
2953,0xa30d8157911ef23c46c0eb71889efe6a648a41f7,1513210533,0xb63b606ac810a52cca15e44bb630fd42d8d1d83d,0xd20df804a7d54525345c2a192d9495ef6d8838a6a38d99a63f6b38c64fee4e6e,0.0
2954,0xa30d8157911ef23c46c0eb71889efe6a648a41f7,1513210597,0xe0b7927c4af23765cb51314a0e0521a9645f0e2a,0xf639b711d17f7e192f6bb34b5c464917e983b1f7a455edf7d024660cbfb73b19,0.0
2955,0xa30d8157911ef23c46c0eb71889efe6a648a41f7,1513210661,0x86fa049857e0209aa7d9e616f7eb3b3b78ecfdb0,0x24e33fc510c0a64e747f936f990ace61e0d179b2159b6a014c8e651800c17ce7,0.0
2956,0xa30d8157911ef23c46c0eb71889efe6a648a41f7,1513210677,0x0f5d2fb29fb7d3cfee444a200298f468908cc942,0x7fea0c027bb717c2579e5fee5a2968943fc8f74833978615d25184dfaab94d5b,0.0
2957,0xa30d8157911ef23c46c0eb71889efe6a648a41f7,1513210689,0x0f5d2fb29fb7d3cfee444a200298f468908cc942,0xc0079a3bf74b9180500e176feaa60c631df6141e99476bc9826277aae2e8116c,0.0
2958,0xa30d8157911ef23c46c0eb71889efe6a648a41f7,1513210718,0x648f43b23e406adaca75cb32b1e50b786cc6b7be,0xeabd84527ca078b68309cab46481762f520080cd1fc74fe4cae2970817c7cd81,3.9
2959,0xa30d8157911ef23c46c0eb71889efe6a648a41f7,1513210772,0x094cee0acd54c74ef6b09813b65a7a14c94c4bc6,0x7db251aad3521864aaf30273501c5993758664ac91b2d765bfd45b0d22b4072b,10.6
2960,0xa30d8157911ef23c46c0eb71889efe6a648a41f7,1513210872,0x86fa049857e0209aa7d9e616f7eb3b3b78ecfdb0,0x8e3166ea6da9198c20de5a5012edd4fb835d51acf30fb9efe58728f18d23dd4a,0.0
2961,0xa30d8157911ef23c46c0eb71889efe6a648a41f7,1513210925,0x86fa049857e0209aa7d9e616f7eb3b3b78ecfdb0,0x82f1e8e86878d78d4b7b027dd95503d09d2ebca39ffb86fb95bec17438675a65,0.0
2962,0xa30d8157911ef23c46c0eb71889efe6a648a41f7,1513211085,0x86fa049857e0209aa7d9e616f7eb3b3b78ecfdb0,0xbb274118fbdd82c8a01220af210d313316eb6396381c3ae8929082867f813374,0.0
2963,0xa30d8157911ef23c46c0eb71889efe6a648a41f7,1513211139,0x0f5d2fb29fb7d3cfee444a200298f468908cc942,0x34601dff4669ac0c1d31d11545bba9af4cbb31d047ef76f6bf1c7ccbb841110a,0.0
2964,0xa30d8157911ef23c46c0eb71889efe6a648a41f7,1513211157,0xba9054b5b0f0e402de5accdceb16d27398b6b0f6,0xcc281fda4a7cc3b13b5c620d68f0b1bfa8d0a088fec66724173a7654e464e628,17.0
2965,0xa30d8157911ef23c46c0eb71889efe6a648a41f7,1513211306,0xb8ec529cb3c1673f8ece72ee685c8cce94e9732e,0xddf031471a8bb9e35077ebc9ce4dc3e13292fa72218d4a5585579a9dbbdc5429,1.03
2966,0xa30d8157911ef23c46c0eb71889efe6a648a41f7,1513211378,0xf7920b0768ecb20a123fac32311d07d193381d6f,0xfacf8a1ad5828323cac6de07f83ee3c8b24d184fa69760166af939418c097c66,0.0
2967,0xa30d8157911ef23c46c0eb71889efe6a648a41f7,1513211577,0xe0b7927c4af23765cb51314a0e0521a9645f0e2a,0xf0c1b28d6938232a2ec2c93231106bad521120588bf5e86bd69f5cb43dedefa1,0.0
2968,0xa30d8157911ef23c46c0eb71889efe6a648a41f7,1513211652,0x86fa049857e0209aa7d9e616f7eb3b3b78ecfdb0,0x5b9f978bf4f1388624b8de172f06f504762a12064bcae79628e9ede9381ffcc9,0.0
2969,0xa30d8157911ef23c46c0eb71889efe6a648a41f7,1513212095,0xcda9acb5f280ce3a53dbcf80f75d270a68d018e0,0x94f2ea72f6b9388e7b014de3199f92950774cf78bffed529ab95bca834f8770e,11.2
2970,0xa30d8157911ef23c46c0eb71889efe6a648a41f7,1513212183,0x86fa049857e0209aa7d9e616f7eb3b3b78ecfdb0,0x27c2bf907af25f47ba7d85ff1077e261e0e9aea2668a1d73256e0029a49667ce,0.0
2971,0xa30d8157911ef23c46c0eb71889efe6a648a41f7,1513212247,0xd26f387a4f168c5599ec63a9c53247b2e84acd6f,0xc1dd87d3b656a9ea35900ccd6dd501733ad81e062b7403d9002578415e7c06d8,6.804545699999999
2972,0xa30d8157911ef23c46c0eb71889efe6a648a41f7,1513212470,0x86fa049857e0209aa7d9e616f7eb3b3b78ecfdb0,0x9165c90188e1491fe982b44739e27169216012c141175599d062ed8a537396b0,0.0
2973,0xa30d8157911ef23c46c0eb71889efe6a648a41f7,1513212487,0x86fa049857e0209aa7d9e616f7eb3b3b78ecfdb0,0xda4b7799fa590429f75d8b5a780791144fcde357d2da3d3fcc38548f49a9dce0,0.0
2974,0xa30d8157911ef23c46c0eb71889efe6a648a41f7,1513212593,0x86fa049857e0209aa7d9e616f7eb3b3b78ecfdb0,0xb1b8219cedaa1d76bd0656cb095d860178510913241424ca3ff20015b9af3418,0.0
2975,0xa30d8157911ef23c46c0eb71889efe6a648a41f7,1513212635,0x0f5d2fb29fb7d3cfee444a200298f468908cc942,0xf705766ce61ec840bfa320c5a87e45b83d4bdecd08293934dd02c414824d7486,0.0
2976,0xa30d8157911ef23c46c0eb71889efe6a648a41f7,1513212814,0x86fa049857e0209aa7d9e616f7eb3b3b78ecfdb0,0x1dfe013c8fec9402887c2099477c9d2c3fcd8342785f29ce0127e72234e81a2d,0.0
2977,0xa30d8157911ef23c46c0eb71889efe6a648a41f7,1513212814,0x0f5d2fb29fb7d3cfee444a200298f468908cc942,0x326a3e6ae2226f817bf0c85bb4443c2579288884c12daf2e2bde3f9536e192e3,0.0
2978,0xa30d8157911ef23c46c0eb71889efe6a648a41f7,1513212918,0x86fa049857e0209aa7d9e616f7eb3b3b78ecfdb0,0xd04e9e059f03eb8ddd0ba11270c6519f8afb20d336d92cd5f875d573e1e2943c,0.0
2979,0xa30d8157911ef23c46c0eb71889efe6a648a41f7,1513213080,0x86fa049857e0209aa7d9e616f7eb3b3b78ecfdb0,0xebe7c08555a53aa597589a052da3f879a6e223365e139ba4f77e44a855df2bb5,0.0
2980,0xa30d8157911ef23c46c0eb71889efe6a648a41f7,1513213480,0xcd23f263943d1f1102a73795c6996fdb5a00ac02,0xff7eb1f0931cebb7fbdc136966bd4797b93cb2cf979d6535efc549bedeb1985b,0.89
2981,0xa30d8157911ef23c46c0eb71889efe6a648a41f7,1513213531,0x177d39ac676ed1c67a2b268ad7f1e58826e5b0af,0x6002ef6853319cf0275cc2930d13212e0c9c023d630e85e8a8cf80dccd06152c,0.0
2982,0xa30d8157911ef23c46c0eb71889efe6a648a41f7,1513213531,0x0f5d2fb29fb7d3cfee444a200298f468908cc942,0x54ba72645c01b967b362cc3a499dade319aa5367d4e1e58bdb7c10409641ad10,0.0
2983,0xa30d8157911ef23c46c0eb71889efe6a648a41f7,1513213602,0xa645264c5603e96c3b0b078cdab68733794b0a71,0x70623fd6a835488d78f9ab5bae436dd5a68542a2887324c27e6bec6b2e1eeb15,0.0
2984,0xa30d8157911ef23c46c0eb71889efe6a648a41f7,1513213604,0x0d8775f648430679a709e98d2b0cb6250d2887ef,0xbbb40ea8e52111b4de7a4f66b7b94b164a8817ea31faabe7558792dce74d039d,0.0
2985,0xa30d8157911ef23c46c0eb71889efe6a648a41f7,1513213722,0x08f5a9235b08173b7569f83645d2c7fb55e8ccd8,0x52aa7690e49b64f5eab596ee6a45990253c147c86696cb428f600a53f7ffdad7,0.0
2986,0xa30d8157911ef23c46c0eb71889efe6a648a41f7,1513213753,0x86fa049857e0209aa7d9e616f7eb3b3b78ecfdb0,0x3b0fa1b068d16b9f3a101bdf05564353b0f263a156d5b062aeccd0e18bb01b98,0.0
2987,0xa30d8157911ef23c46c0eb71889efe6a648a41f7,1513213827,0xaf30d2a7e90d7dc361c8c4585e9bb7d2f6f15bc7,0x529e05d6b8c46b33262cec05d651ad3483b3becfdfbbe4583915a1ac022f4e2a,0.0
2988,0xa30d8157911ef23c46c0eb71889efe6a648a41f7,1513213839,0x86fa049857e0209aa7d9e616f7eb3b3b78ecfdb0,0x43161cb7ce083697081b7223114119743df44926e5476025af8e0d9a2e352c16,0.0
2989,0xa30d8157911ef23c46c0eb71889efe6a648a41f7,1513213893,0x41e5560054824ea6b0732e656e3ad64e20e94e45,0x36858ff16edf0e462947cb9e248232695eb68def7bcbc9abf5c980dde3c869dc,0.0
2990,0xa30d8157911ef23c46c0eb71889efe6a648a41f7,1513214029,0xb033dede130b4f184d705b883b220fd875ee702f,0x27a6f5c778fe4d608314606e16234d0a310fec5bce794ac5c6d31fcf0434f6db,0.46
2991,0xa30d8157911ef23c46c0eb71889efe6a648a41f7,1513214285,0x86fa049857e0209aa7d9e616f7eb3b3b78ecfdb0,0x6c344403da81af112a45adca3a94384628e146495bad3d1cadb974f2fa1456b8,0.0
2992,0xa30d8157911ef23c46c0eb71889efe6a648a41f7,1513214719,0xf7920b0768ecb20a123fac32311d07d193381d6f,0x130ba91cdc16c2ab6da9ed00606936022a971f8d271a854a64b133ad035a1fe3,0.0
2993,0xa30d8157911ef23c46c0eb71889efe6a648a41f7,1513214793,0x86fa049857e0209aa7d9e616f7eb3b3b78ecfdb0,0xff92be9b8c38b3a6dbc8a97168f694a527223b3545c782ffb18bdad04ba0b95d,0.0
2994,0xa30d8157911ef23c46c0eb71889efe6a648a41f7,1513214813,0x86fa049857e0209aa7d9e616f7eb3b3b78ecfdb0,0xc4906a796ee55fb6577c874def7cc786c37afbb63071663217bbdef313ea6d22,0.0
2995,0xa30d8157911ef23c46c0eb71889efe6a648a41f7,1513214881,0x86fa049857e0209aa7d9e616f7eb3b3b78ecfdb0,0xcc147a7eb76d7d3cd19a7bcc17dbf5bfd28625fb7e41ea3f29bf1df55f1e9463,0.0
2996,0xa30d8157911ef23c46c0eb71889efe6a648a41f7,1513214905,0x63983210165b9212274bc110efd3855c71584ae3,0x3667dc8d6c14e317c24fce4ef05fe043aea52e64b1768d58c9fac9145e77aa14,0.99
2997,0xa30d8157911ef23c46c0eb71889efe6a648a41f7,1513215092,0x86fa049857e0209aa7d9e616f7eb3b3b78ecfdb0,0x16b65fd6e5712d43d080fae65660b3f234463118ffd25f9dbea152327fe53567,0.0
2998,0xa30d8157911ef23c46c0eb71889efe6a648a41f7,1513215123,0xe0b7927c4af23765cb51314a0e0521a9645f0e2a,0x20bcc3fa4ffacd6b555573d2f716b0ecccdb02fde78dccd125eb2e36e179856d,0.0
2999,0xa30d8157911ef23c46c0eb71889efe6a648a41f7,1513215167,0x177d39ac676ed1c67a2b268ad7f1e58826e5b0af,0x5fda49f33335e6c08ebd2757ffee229c983545f26f437dc8a0041c6c6c066e9d,0.0
3000,0xa30d8157911ef23c46c0eb71889efe6a648a41f7,1513215888,0xf7920b0768ecb20a123fac32311d07d193381d6f,0x61d5cb987aca3500f26b1325eff4f503924ddeb506bef3afea1898d0545acae9,0.0
3001,0xa30d8157911ef23c46c0eb71889efe6a648a41f7,1513216126,0x0f5d2fb29fb7d3cfee444a200298f468908cc942,0xcffba56f87e8d7d7aa4a7b4eb717ccf1caf1477236202bb7b4c61596bc2a9a39,0.0
3002,0xa30d8157911ef23c46c0eb71889efe6a648a41f7,1513216178,0xa645264c5603e96c3b0b078cdab68733794b0a71,0xb987e34ed55124c7a37bccbb230ddfb4a1aec0ffa5894327d26abf664c0007e8,0.0
3003,0xa30d8157911ef23c46c0eb71889efe6a648a41f7,1513216256,0x86fa049857e0209aa7d9e616f7eb3b3b78ecfdb0,0x598f8606d4042ed3f2773f2716b342e6c144ad1ae2052877fc3db32ec2ae833d,0.0
3004,0xa30d8157911ef23c46c0eb71889efe6a648a41f7,1513216256,0x86fa049857e0209aa7d9e616f7eb3b3b78ecfdb0,0x98d8a15a119c14515b4bfd80b382646391e2312c643d3bdfab6411bfd31b2657,0.0
3005,0xa30d8157911ef23c46c0eb71889efe6a648a41f7,1513216256,0x3b5235761878cb0030712cec81566264cb26d667,0x3fca5b1715309cfe42bb56393ecf51ca5d04216b2f6a8cc5f5f840d7bd01ee57,8.1
3006,0xa30d8157911ef23c46c0eb71889efe6a648a41f7,1513216531,0xe0b7927c4af23765cb51314a0e0521a9645f0e2a,0x4c36f6a0692b2ebb1091c2a91d45ab2babeecd3fecbf2933e85cd7e707b5a6b1,0.0
3007,0xa30d8157911ef23c46c0eb71889efe6a648a41f7,1513216531,0xfa05a73ffe78ef8f1a739473e462c54bae6567d9,0xde29fd1c66f3164a4f4d607168df5669441407a4b05f3f5118898abbd62be2e8,0.0
3008,0xa30d8157911ef23c46c0eb71889efe6a648a41f7,1513216573,0x86fa049857e0209aa7d9e616f7eb3b3b78ecfdb0,0xddd1e786cd706303da637ece393d5a55a481d7c84f1c97b30d641e2592658e9f,0.0
3009,0xa30d8157911ef23c46c0eb71889efe6a648a41f7,1513216692,0xb97048628db6b661d4c2aa833e95dbe1a905b280,0xde8dba4a74ca0d30776f14245c75c04a0635db7f537847438b652b00bd03b3de,0.0
3010,0xa30d8157911ef23c46c0eb71889efe6a648a41f7,1513216912,0x86fa049857e0209aa7d9e616f7eb3b3b78ecfdb0,0x9c6354404d3182c7d8081ed2e7a8e3973db74af7e1881ce3fc43093683384cf9,0.0
3011,0xa30d8157911ef23c46c0eb71889efe6a648a41f7,1513216968,0xe0b7927c4af23765cb51314a0e0521a9645f0e2a,0x9fccbfaee75f640947e18b1ef8ea1dcef15a93b26730f9b5d2b8ac0bd360ee68,0.0
3012,0xa30d8157911ef23c46c0eb71889efe6a648a41f7,1513217001,0x86fa049857e0209aa7d9e616f7eb3b3b78ecfdb0,0x44845256cee13b3e44d38a83191ec672b2969b600c8e324fa03cbeba3008be80,0.0
3013,0xa30d8157911ef23c46c0eb71889efe6a648a41f7,1513217022,0x177d39ac676ed1c67a2b268ad7f1e58826e5b0af,0xccbc8a1981594d3ca09e79b32c2d467055d356873f0277db60ed40429bb99244,0.0
3014,0xa30d8157911ef23c46c0eb71889efe6a648a41f7,1513217025,0x86fa049857e0209aa7d9e616f7eb3b3b78ecfdb0,0x9113a86a4c669686b6e67523d670a804dd55eec3e6fc6fef35a3794d4cdfc70e,0.0
3015,0xa30d8157911ef23c46c0eb71889efe6a648a41f7,1513217042,0x86fa049857e0209aa7d9e616f7eb3b3b78ecfdb0,0x525e4d064d67a79c1c0cc711200b32bdb78100d93ceaf42afed1f8a78a4e816b,0.0
3016,0xa30d8157911ef23c46c0eb71889efe6a648a41f7,1513217137,0xa645264c5603e96c3b0b078cdab68733794b0a71,0xe69d47ea69a6c52f31bdb4ca2aba07eba06507011dca206926efee01b9d87298,0.0
3017,0xa30d8157911ef23c46c0eb71889efe6a648a41f7,1513217380,0xeced29dc0dce02958b63a23fdd425914d79b2964,0xc0851d25eec82bdf82a57ae8aa41c999c4a5294b18e238635767883fbde7b206,50.19
3018,0xa30d8157911ef23c46c0eb71889efe6a648a41f7,1513217778,0x86fa049857e0209aa7d9e616f7eb3b3b78ecfdb0,0x5f82825aa0b5e8cebc5ccb911ef84d26fba28e15a1a838a333d6e288108e0753,0.0
3019,0xa30d8157911ef23c46c0eb71889efe6a648a41f7,1513217813,0x86fa049857e0209aa7d9e616f7eb3b3b78ecfdb0,0x6711078e74e675cf71dc8ab802aeeacb9a25bf35ecb06076faf46764a9506033,0.0
3020,0xa30d8157911ef23c46c0eb71889efe6a648a41f7,1513217897,0xb64ef51c888972c908cfacf59b47c1afbc0ab8ac,0x39eaaec3dcd0a394bd25c89f410a8b5ef56a92e025012a5456a39c026f5f74f7,0.0
3021,0xa30d8157911ef23c46c0eb71889efe6a648a41f7,1513218073,0x86fa049857e0209aa7d9e616f7eb3b3b78ecfdb0,0x1aad4d04b9b06feb0d3c3e6eb695d2b6c6170fe893d55b29a442c3122ab9150f,0.0
3022,0xa30d8157911ef23c46c0eb71889efe6a648a41f7,1513218295,0x86fa049857e0209aa7d9e616f7eb3b3b78ecfdb0,0x2a0708dc8655f87292d5ab5b072b8779d883bf139fcff23f3bc4761730cd97b6,0.0
3023,0xa30d8157911ef23c46c0eb71889efe6a648a41f7,1513218298,0xe0b7927c4af23765cb51314a0e0521a9645f0e2a,0x496d204c4bada53b8dc6c83206a5a8a435c057b4e3c800796f69f5b8a9f3ab80,0.0
3024,0xa30d8157911ef23c46c0eb71889efe6a648a41f7,1513218874,0xf6c2f67ccf2f580a12b67a82d8d690e559808274,0x8457a453ca95606505665360ec915e589262ab7da21d11184549850ee44893c9,6.19
3025,0xa30d8157911ef23c46c0eb71889efe6a648a41f7,1513219324,0x65e5f9995e8afb29ce43fc7866873082d7031989,0x8290ef991d8648eda6eb56d7b0535d6dcc5718f22ef87496c8c88a5fdbf4afa9,47.08
3026,0xa30d8157911ef23c46c0eb71889efe6a648a41f7,1513219451,0x86fa049857e0209aa7d9e616f7eb3b3b78ecfdb0,0xe77005c5036807105a73fcdeafccee1474803d0dc252506a0275a6980ad94794,0.0
3027,0xa30d8157911ef23c46c0eb71889efe6a648a41f7,1513219550,0xbf695485741d30a75263e5bb38d2e936c732d9b5,0xb9d063ca1eb1dc504628a101a8b6a19b41ec04f74d71626e475ff6bb68772b70,2.6
3028,0xa30d8157911ef23c46c0eb71889efe6a648a41f7,1513219712,0x0d0a53324b139bfe0787950c86b667d5a78ca3b8,0x4dcdb497810a9a8cd6dc86c7750dc828d1c6c846b410752924e0c69e133d381d,5.99
3029,0xa30d8157911ef23c46c0eb71889efe6a648a41f7,1513219766,0x0f5d2fb29fb7d3cfee444a200298f468908cc942,0x6525de382f736c2ca54afe647ce2fef3b4567db070296f77c9df9eb72d375b3a,0.0
3030,0xa30d8157911ef23c46c0eb71889efe6a648a41f7,1513219818,0x0f5d2fb29fb7d3cfee444a200298f468908cc942,0xcd828ecc24979cd54b29b947d6fdb1dad34553c5da8d4e1734f1f73f741756f9,0.0
3031,0xa30d8157911ef23c46c0eb71889efe6a648a41f7,1513220159,0x1144df57671b30a25676026ab0ffa3e9b439a544,0x6ed398d3ba6a9edef10ad672a1a12d9c3212534e93afb44851395e4e9a9e18da,3.15
3032,0xa30d8157911ef23c46c0eb71889efe6a648a41f7,1513220303,0xa645264c5603e96c3b0b078cdab68733794b0a71,0x090ed33ac47980ec00718e54f6e96da3c1b71eec9f2a43e09a01b7b22418a623,0.0
3033,0xa30d8157911ef23c46c0eb71889efe6a648a41f7,1513220376,0x86fa049857e0209aa7d9e616f7eb3b3b78ecfdb0,0x8f7f715e576029515d8faf963140b3b51174c482eb4b1835df7ff13e68244fda,0.0
3034,0xa30d8157911ef23c46c0eb71889efe6a648a41f7,1513220397,0x86fa049857e0209aa7d9e616f7eb3b3b78ecfdb0,0x60f02cbd1cd736851e90b5ada264bb0571bf44fb53a539786a4220025a37430d,0.0
3035,0xa30d8157911ef23c46c0eb71889efe6a648a41f7,1513220440,0xb63b606ac810a52cca15e44bb630fd42d8d1d83d,0xd98529036fa59fcde6e3a8469a5c09b3e747c30d366cce9478cbef38c951d931,0.0
3036,0xa30d8157911ef23c46c0eb71889efe6a648a41f7,1513220586,0xb63b606ac810a52cca15e44bb630fd42d8d1d83d,0x467326bd3ee5c0837fcdc431adde482dcc423b8fe86e3da2252c32c7605074b8,0.0
3037,0xa30d8157911ef23c46c0eb71889efe6a648a41f7,1513220599,0x4fdc13acb0b1bf9b53c6b569c637bb17d3cb665e,0x137124edac4a0dcbab1eccfeeef12ed3f0923e3b955d09fec46ab2a9e1097670,1.0
3038,0xa30d8157911ef23c46c0eb71889efe6a648a41f7,1513220631,0x86fa049857e0209aa7d9e616f7eb3b3b78ecfdb0,0x08098cd03e3b9672be0931b75dc2a9b08035e317bd9a92eb154547d5c9247c6d,0.0
3039,0xa30d8157911ef23c46c0eb71889efe6a648a41f7,1513220759,0x4e7e8f24b01ac0d5e60b9e7ef1d1909905157475,0x94603628540968a8a5fb010d90481cc55c220e7e7d29f0fc811633fb2649bb79,3.0
3040,0xa30d8157911ef23c46c0eb71889efe6a648a41f7,1513220782,0x86fa049857e0209aa7d9e616f7eb3b3b78ecfdb0,0xefe86dcf4b80d1c86ee403b4c4f020b1e5cfe4d64272901a2743e88691070e57,0.0
3041,0xa30d8157911ef23c46c0eb71889efe6a648a41f7,1513220849,0xb63b606ac810a52cca15e44bb630fd42d8d1d83d,0xb0c9175b0fbad44a93cc765555d2d6abd1b8f130a177464c6f446d8bc8d42ac2,0.0
3042,0xa30d8157911ef23c46c0eb71889efe6a648a41f7,1513220914,0x894f07eaf568df3a1bb1aa121f3be824dcb1dc20,0xdb646cbf91ec55ca2720ceb2b4de309337dd63bac9bbf5d6729e365f7bde1848,0.9890000000000001
3043,0xa30d8157911ef23c46c0eb71889efe6a648a41f7,1513220979,0x86fa049857e0209aa7d9e616f7eb3b3b78ecfdb0,0x47cd6a717bfd69ee505f564e49b52354768c01c7fbfb7bbcefe82304d6fdde95,0.0
3044,0xa30d8157911ef23c46c0eb71889efe6a648a41f7,1513220999,0x86fa049857e0209aa7d9e616f7eb3b3b78ecfdb0,0xecacf26398a5e81f91e7a18b4a7e0e2d4be8007fbc4f74fba88c000e0c1131b7,0.0
3045,0xa30d8157911ef23c46c0eb71889efe6a648a41f7,1513221217,0x86fa049857e0209aa7d9e616f7eb3b3b78ecfdb0,0xa9b2f9cc3220e9100a99ef6c9f7cdb0bb29484ee2cc5419879f1bd92379a272b,0.0
3046,0xa30d8157911ef23c46c0eb71889efe6a648a41f7,1513221495,0x0f5d2fb29fb7d3cfee444a200298f468908cc942,0x89cd84ea124502db8bf72ef3ea139b28defdd159f8b9f4a3b58ae937c538f86d,0.0
3047,0xa30d8157911ef23c46c0eb71889efe6a648a41f7,1513221719,0x06c6deb945fe5afa9a98f1ba41fd9992c3ce926c,0xf5ed0aec048fd6b429fd95279a8a963f96446b47c7401478b1b2390a8d48fe15,3.9
3048,0xa30d8157911ef23c46c0eb71889efe6a648a41f7,1513222008,0x86fa049857e0209aa7d9e616f7eb3b3b78ecfdb0,0x48b597a3beff0756e56466a6f9c7da9392bbfa985b80759745dae5b8f115c06a,0.0
3049,0x17bc58b788808dab201a9a90817ff3c168bf3d61,1513222527,0xa30d8157911ef23c46c0eb71889efe6a648a41f7,0xda6f52ab28bef330e421c954d7c93992c4b8c02d705b73101b307f2dc7c4ff10,0.0
3050,0xa30d8157911ef23c46c0eb71889efe6a648a41f7,1513222571,0xd850942ef8811f2a866692a623011bde52a462c1,0xbb8cf4b6c54b71de46bc049321d6df66502964b97f9e90574f4fb28ddaf62da8,0.0
3051,0xa30d8157911ef23c46c0eb71889efe6a648a41f7,1513222607,0x5ca9a71b1d01849c0a95490cc00559717fcf0d1d,0x857ad3354ac992513c09b8fc42a2b5aa858f2bf916a3a923005784fa7576a3c0,0.0
3052,0xa30d8157911ef23c46c0eb71889efe6a648a41f7,1513222627,0xaf30d2a7e90d7dc361c8c4585e9bb7d2f6f15bc7,0xb250aeedae82fb4f93b40d50b079df76eb7702d1d28769baec5f0d1b016938d1,0.0
3053,0xa30d8157911ef23c46c0eb71889efe6a648a41f7,1513222641,0x86fa049857e0209aa7d9e616f7eb3b3b78ecfdb0,0x37e92c496b50caecbbf8bd11fc9aca5aa42c26a56d8fd5fd1062f0eddd7eef41,0.0
3054,0xa30d8157911ef23c46c0eb71889efe6a648a41f7,1513222685,0x33ae51b8ab11e4143cdcbb9a50cbf2671e2c7564,0x40c6257f4ccc4d29f5599a434678303d17e57419f2ffdbf2df3a2e99beec54f1,4.0
3055,0xa30d8157911ef23c46c0eb71889efe6a648a41f7,1513222734,0xb63b606ac810a52cca15e44bb630fd42d8d1d83d,0x0faf0d332fb6ae76986ebf4126522ace33926a118e87f23d771cda7d058431fd,0.0
3056,0xa30d8157911ef23c46c0eb71889efe6a648a41f7,1513222856,0x0f5d2fb29fb7d3cfee444a200298f468908cc942,0x6266d83ff91f02ba7793aa333abd28d9eee44b25280d950ced4d1037edfa0cbf,0.0
3057,0xa30d8157911ef23c46c0eb71889efe6a648a41f7,1513222875,0x715d5995899959b7d98d75ecabb5457e4d5ab5d2,0x624a2414af4c938c086eb96fcc4091f2685165deddb678d6bc0bce2d789daf40,3.01
3058,0xa30d8157911ef23c46c0eb71889efe6a648a41f7,1513223126,0xda58d02aa910577d5c6d9928e75328d2acf9e8c2,0xa44db1da340640a9add2742d5234f7e9f1aa4c9ac7c1bf8e33201d5cd90e1f8f,10.98
3059,0xa30d8157911ef23c46c0eb71889efe6a648a41f7,1513223126,0xa645264c5603e96c3b0b078cdab68733794b0a71,0x4cd0be6475ad6df48945082c17d389863c23bf5da02d860f87baa67280bb9911,0.0
3060,0xa30d8157911ef23c46c0eb71889efe6a648a41f7,1513223200,0xb63b606ac810a52cca15e44bb630fd42d8d1d83d,0x31c021b6255ae5967b7d3476036e702447b80e5ea1dc594c063c5059e0644c5f,0.0
3061,0xa30d8157911ef23c46c0eb71889efe6a648a41f7,1513223220,0xb97048628db6b661d4c2aa833e95dbe1a905b280,0xb857b43ffcd6e1b9ef45f045c6415ad67bb1974be534df03b59d2ad6a2367f3a,0.0
3062,0xa30d8157911ef23c46c0eb71889efe6a648a41f7,1513223403,0x86fa049857e0209aa7d9e616f7eb3b3b78ecfdb0,0xcd9d1a3be45999c06681e272067553e09847201f96228918b07c417da530baaf,0.0
3063,0xa30d8157911ef23c46c0eb71889efe6a648a41f7,1513223425,0xb63b606ac810a52cca15e44bb630fd42d8d1d83d,0x7ba66dd7bb38abb8173516ba04476b383e3ca96380cd054f8205dd4aa74c9cc2,0.0
3064,0xa30d8157911ef23c46c0eb71889efe6a648a41f7,1513223497,0x60983ea785a04342884f0b479ee9aac0ff0f6bb0,0x671af0354bbf0a2b37a8711717d89909a31016c773dd48cd99bc1436afc47ab3,1.0
3065,0xa30d8157911ef23c46c0eb71889efe6a648a41f7,1513223510,0x86fa049857e0209aa7d9e616f7eb3b3b78ecfdb0,0xa61114385bcfa58abbc0d523ebf552f73a2d2894214f121059cb39becc98d6b9,0.0
3066,0xa30d8157911ef23c46c0eb71889efe6a648a41f7,1513223808,0xaf30d2a7e90d7dc361c8c4585e9bb7d2f6f15bc7,0xde2b400e9884bed4fb879e5caddae3ec6986bfc1fb2741dc4b7ad9f874b7ec21,0.0
3067,0xa30d8157911ef23c46c0eb71889efe6a648a41f7,1513223854,0x86fa049857e0209aa7d9e616f7eb3b3b78ecfdb0,0x9256059ffb0d7ba61b094df4dcf063f8942127567449cbd5d98b08d4ab1cb958,0.0
3068,0xa30d8157911ef23c46c0eb71889efe6a648a41f7,1513223897,0x8176fe748308beb9ceb2fa267358ddf7efee2f40,0x6e92a4bae3c7883060338e85526884a1f0b74104a3d4253b8799bed0729896e9,4.8
3069,0xa30d8157911ef23c46c0eb71889efe6a648a41f7,1513224077,0xaf30d2a7e90d7dc361c8c4585e9bb7d2f6f15bc7,0x80ec719dcc43777f0980a45f5fcbc98d77b8347647ffcfa12e70337b7d43de79,0.0
3070,0xa30d8157911ef23c46c0eb71889efe6a648a41f7,1513224083,0xb63b606ac810a52cca15e44bb630fd42d8d1d83d,0xba23995a51165b1976a941b706f3720331cdd698e01b18747c74b143a7056d9c,0.0
3071,0xa30d8157911ef23c46c0eb71889efe6a648a41f7,1513224220,0x4e843078ed3ef90d3c51eac15834830e467f0d3d,0x0505a0f9c1d8db1ddf060b01f6fbf309fdcded19fb104918f40341eb6e9fc3a5,3.0
3072,0xa30d8157911ef23c46c0eb71889efe6a648a41f7,1513224283,0x744d70fdbe2ba4cf95131626614a1763df805b9e,0xcf54d789ec5f4ebc0911645e9168749e4c19794c85369dc531aeadcf16213ec1,0.0
3073,0xa30d8157911ef23c46c0eb71889efe6a648a41f7,1513224378,0x86fa049857e0209aa7d9e616f7eb3b3b78ecfdb0,0x444c0d5035aeeeaf965621fdfe3338c0682c02b14e05b8c27f728785cbe45adc,0.0
3074,0xa30d8157911ef23c46c0eb71889efe6a648a41f7,1513224503,0x0f5d2fb29fb7d3cfee444a200298f468908cc942,0x939b79e83416376f98c0b2c69cb10c19b2fb606c553e15b3da1d708035d63ef0,0.0
3075,0xa30d8157911ef23c46c0eb71889efe6a648a41f7,1513224510,0x86fa049857e0209aa7d9e616f7eb3b3b78ecfdb0,0x74d3bd5e7f8db063a200f8885e53c8a419faf4a769eb4bbfcee9fa80d705f48b,0.0
3076,0xa30d8157911ef23c46c0eb71889efe6a648a41f7,1513224532,0xb63b606ac810a52cca15e44bb630fd42d8d1d83d,0x2f096a940c4d4991c331bd840044fff5ea37ffa2f41d8bdd8255c63886ae4578,0.0
3077,0xa30d8157911ef23c46c0eb71889efe6a648a41f7,1513224576,0x86fa049857e0209aa7d9e616f7eb3b3b78ecfdb0,0xcd84ae5fd53d9a8b3a6f29ab509e7e23e5a05433a3f9ecb9d4c4da009805e1fe,0.0
3078,0xa30d8157911ef23c46c0eb71889efe6a648a41f7,1513224793,0x0780f0d1d5b425b88e4fb1a0fffd170bcc547526,0x5320143485554003f16093b4988067968e0b5c3336e14fdf4a465fcdf0887529,49.19
3079,0xa30d8157911ef23c46c0eb71889efe6a648a41f7,1513224900,0xc7bb47613cc98add833eb2de562c9a3d8e4e8afe,0x823be98c1fca8b1ccf355de7285cb1f94158c5866f74306643329f010194c9bf,6.48
3080,0xa30d8157911ef23c46c0eb71889efe6a648a41f7,1513225034,0xb63b606ac810a52cca15e44bb630fd42d8d1d83d,0x5b1ed3fe0599aed269d23b11b40b888a882b67ce9c04b4664bf9c48d4603bf83,0.0
3081,0xa30d8157911ef23c46c0eb71889efe6a648a41f7,1513225155,0x41e5560054824ea6b0732e656e3ad64e20e94e45,0xc32d1f24bfd3f7c7c10f172ae5c3e43341ad3dd46e444327889af71fedf13073,0.0
3082,0xa30d8157911ef23c46c0eb71889efe6a648a41f7,1513225321,0x7a281ecc00c1e62d628a4c4cebac431dd44f5378,0x4e61c12035c96c9a4da8bd0790f28f1ed2aeac77b0a94dbe66ae6087f86d4ad0,4.0
3083,0xa30d8157911ef23c46c0eb71889efe6a648a41f7,1513225391,0x86fa049857e0209aa7d9e616f7eb3b3b78ecfdb0,0xc7df88c8b625e4214144d4c4db3239be1d385510ad9af4bf0ee77a53b448dde3,0.0
3084,0xa30d8157911ef23c46c0eb71889efe6a648a41f7,1513225458,0xb63b606ac810a52cca15e44bb630fd42d8d1d83d,0xe3114605265e95e5239e4c8d285da9ef939bd0fc13c54d083305a4ebe42652e3,0.0
3085,0xa30d8157911ef23c46c0eb71889efe6a648a41f7,1513225502,0xb63b606ac810a52cca15e44bb630fd42d8d1d83d,0x5d80088bb6264eb06e627d25a03b6cd9d229e529c035cba3a1374dc8b3d8f617,0.0
3086,0xa30d8157911ef23c46c0eb71889efe6a648a41f7,1513225634,0xf49efa52e1ceff88b523f3bb09e62299263571a4,0x99f6345ab41e3d62f342b2a007df85f3e94e8e60bba290c29a59d527b1f65024,2.0
3087,0xa30d8157911ef23c46c0eb71889efe6a648a41f7,1513225647,0xa9ee0657b2968d3602284686a9066bfc759ca8fe,0xb92d84301c4702932b9cd331bce5e458ea6def4db3e1621ec6ebd9635c21c460,0.0532
3088,0xa30d8157911ef23c46c0eb71889efe6a648a41f7,1513225697,0xa33eab9693b0962cfd3e41f9c6ee8fa6ecb5c25a,0x9ff0d01c19d20f234491447fd029f200abe4d086d974c0acb83dd4c779a78957,5.5
3089,0xa30d8157911ef23c46c0eb71889efe6a648a41f7,1513225742,0x7b27c8dc4d03b986e1ac703fed6346e5c435566a,0x12f0177416b2c539cdc68706245c44b8280217e32f5b4d8ecb4a875b0d36984d,3.00555
3090,0xa30d8157911ef23c46c0eb71889efe6a648a41f7,1513225888,0x4290563c2d7c255b5eec87f2d3bd10389f991d68,0x7766dcc8fdac52f440eedad7a258411bff86a0bdf48884ca47f9ed353884fd3a,0.0
3091,0xa30d8157911ef23c46c0eb71889efe6a648a41f7,1513225987,0x86fa049857e0209aa7d9e616f7eb3b3b78ecfdb0,0x8c2e72bb772616b37b6a48b7ec4c565e932c575d518da5f947aa5f1d8bdcf41a,0.0
3092,0xa30d8157911ef23c46c0eb71889efe6a648a41f7,1513226079,0x86fa049857e0209aa7d9e616f7eb3b3b78ecfdb0,0x4c870ee096a8d2ebe71a0282745a29e156fdcec4744f1465c5b2e3c6f450298a,0.0
3093,0xa30d8157911ef23c46c0eb71889efe6a648a41f7,1513226158,0x118940e81c15166bcdcfe40065f4040642d9f44e,0x59c28553555ed88fe0178164d25cdfb72ac86a0bca17e26598c5909a256e944c,0.3185
3094,0xa30d8157911ef23c46c0eb71889efe6a648a41f7,1513226233,0x86fa049857e0209aa7d9e616f7eb3b3b78ecfdb0,0x91e49684d575e50aafa73d5d4b1c10f264116e9a2e921438eddc680c8362626b,0.0
3095,0xa30d8157911ef23c46c0eb71889efe6a648a41f7,1513226512,0xdd62b06be7436d828ea9548377ebfce8dc99c093,0xdd914d90638be2a80f98b8ab207e609309dd6731f26324f2893a384d152b1a3d,18.0
3096,0xa30d8157911ef23c46c0eb71889efe6a648a41f7,1513226558,0x86fa049857e0209aa7d9e616f7eb3b3b78ecfdb0,0xda3a78b38ca1ad61afdfb43e546eae84dd7b0deeb763ae52c5cfecb36d44cd7d,0.0
3097,0xa30d8157911ef23c46c0eb71889efe6a648a41f7,1513226836,0x0363e236269065d43ca8c22c32c98bf784168a41,0xc2c657ae6b45a3b0929b6ff11119fabdf1c5a8466ff3c94949b93e6110f3dd1f,30.0
3098,0xa30d8157911ef23c46c0eb71889efe6a648a41f7,1513227024,0xe41d2489571d322189246dafa5ebde1f4699f498,0xbd1ca52215112a8ceea9e1c548eeee8a48d197d138ee552d7fd32f6f62fbe3af,0.0
3099,0xa30d8157911ef23c46c0eb71889efe6a648a41f7,1513227024,0xa645264c5603e96c3b0b078cdab68733794b0a71,0xf7875e02a175e56f9f9772be47eeb3907ae7c53430e222fe425543cc8c4a0bcb,0.0
3100,0xa30d8157911ef23c46c0eb71889efe6a648a41f7,1513227045,0x0f5d2fb29fb7d3cfee444a200298f468908cc942,0x6c48e965e251b723501ca0b51f68725ec66e7ec39c5458c2364b99563d96a128,0.0
3101,0xa30d8157911ef23c46c0eb71889efe6a648a41f7,1513227139,0x0f5d2fb29fb7d3cfee444a200298f468908cc942,0x5e97cf79787428461ba471485710ee963926e4e74a42e693ded3325514e85a94,0.0
3102,0xa30d8157911ef23c46c0eb71889efe6a648a41f7,1513227245,0x86fa049857e0209aa7d9e616f7eb3b3b78ecfdb0,0x62e16b5d5097446541e322dd90791af8bdcc4926bed528498433a26326e65671,0.0
3103,0xa30d8157911ef23c46c0eb71889efe6a648a41f7,1513227375,0x86fa049857e0209aa7d9e616f7eb3b3b78ecfdb0,0x364c550bf0a20be38e212940eda52b01bbc2c7201ff57910869d0317241405a4,0.0
3104,0xa30d8157911ef23c46c0eb71889efe6a648a41f7,1513227375,0xaf30d2a7e90d7dc361c8c4585e9bb7d2f6f15bc7,0xd06ecb5272bd5c1dccbe9923a2d3fceaceb891bf549357d888b0d30113d03ac5,0.0
3105,0xa30d8157911ef23c46c0eb71889efe6a648a41f7,1513227552,0x86fa049857e0209aa7d9e616f7eb3b3b78ecfdb0,0x8fb1e979f4e1068a6516107fbe637e10a6b5f15ece7a39c2cc19b28a93985035,0.0
3106,0xa30d8157911ef23c46c0eb71889efe6a648a41f7,1513227673,0x86fa049857e0209aa7d9e616f7eb3b3b78ecfdb0,0xc4d3252e605fd55634b8ab06c735a0122236566225d1e2ca0fa0d2af2d79fcc5,0.0
3107,0xa30d8157911ef23c46c0eb71889efe6a648a41f7,1513227690,0xd850942ef8811f2a866692a623011bde52a462c1,0x297ee6288e0fc558e85cec5acacb817884f0bd82ca6e5d274391858bfb58bbda,0.0
3108,0xa30d8157911ef23c46c0eb71889efe6a648a41f7,1513227724,0xe0b7927c4af23765cb51314a0e0521a9645f0e2a,0x1181ee091aabcb7d7dd6fcb3100157b8d4cbd763dd6e459e25c09314cb873d2d,0.0
3109,0xa30d8157911ef23c46c0eb71889efe6a648a41f7,1513227847,0x86fa049857e0209aa7d9e616f7eb3b3b78ecfdb0,0xfc88713d42013d1a18050f7b46d7392ff017b6c200f140292a56f78aca1db483,0.0
3110,0xa30d8157911ef23c46c0eb71889efe6a648a41f7,1513227879,0x86fa049857e0209aa7d9e616f7eb3b3b78ecfdb0,0xe918d2ac94edea9b0aa2644d8ba5552f829754c46d6baf2988c870280b7658bc,0.0
3111,0xa30d8157911ef23c46c0eb71889efe6a648a41f7,1513227973,0xaf30d2a7e90d7dc361c8c4585e9bb7d2f6f15bc7,0x30565e5fd22b360ac4b8804bfecac2e6174a8ad5435b24023fde747fbb07b03b,0.0
3112,0xa30d8157911ef23c46c0eb71889efe6a648a41f7,1513227973,0x86fa049857e0209aa7d9e616f7eb3b3b78ecfdb0,0xd8930cf623b5436a4498633f4b3982bb9b1129353c97bb7e9c08643b9b5d1d4c,0.0
3113,0xa30d8157911ef23c46c0eb71889efe6a648a41f7,1513228083,0x744d70fdbe2ba4cf95131626614a1763df805b9e,0xddd165ec4fbd904da26cf834a479a2cc0d9d2ea1d42adb764378ccd196c711ff,0.0
3114,0xa30d8157911ef23c46c0eb71889efe6a648a41f7,1513228185,0xaf30d2a7e90d7dc361c8c4585e9bb7d2f6f15bc7,0x2313c6599dc7eb0954dfbd6860d274b10542a85804b0276c44f1d9b699124f1c,0.0
3115,0xa30d8157911ef23c46c0eb71889efe6a648a41f7,1513228185,0xe0b7927c4af23765cb51314a0e0521a9645f0e2a,0x2eb71429aae01af2ee1c5839e085f0174c6992e0a463c5d9f8f404df0ce3d112,0.0
3116,0xa30d8157911ef23c46c0eb71889efe6a648a41f7,1513228185,0x0f5d2fb29fb7d3cfee444a200298f468908cc942,0x34328d5b2fedfe8c2fadfaa8e4581423c86580c77832b01e98307182e7412332,0.0
3117,0xa30d8157911ef23c46c0eb71889efe6a648a41f7,1513228362,0x86fa049857e0209aa7d9e616f7eb3b3b78ecfdb0,0xf5f15bce3597bc24f4dfb41f7e2d73fd2a6f862c0954840509aabb50f2bc1ffd,0.0
3118,0xa30d8157911ef23c46c0eb71889efe6a648a41f7,1513228405,0x86fa049857e0209aa7d9e616f7eb3b3b78ecfdb0,0x99e7433712e14a1725118f324065c2741cb02b313b9013bd6bbe6d8a00a00e03,0.0
3119,0xa30d8157911ef23c46c0eb71889efe6a648a41f7,1513228416,0x86fa049857e0209aa7d9e616f7eb3b3b78ecfdb0,0x7f92ad5bd4b48d69b1f9640f7b0d236d7529a45a8d855b4e92fa93aa7685984c,0.0
3120,0xa30d8157911ef23c46c0eb71889efe6a648a41f7,1513228441,0xe0b7927c4af23765cb51314a0e0521a9645f0e2a,0x2d68d49311070108d651c788d5cc9231efccf2b486fbf79e34375d41e98b7c22,0.0
3121,0xa30d8157911ef23c46c0eb71889efe6a648a41f7,1513228682,0x86fa049857e0209aa7d9e616f7eb3b3b78ecfdb0,0x06908ae59bdf31d1a3866b04f2571c82c3cf17b4ffc1b94f741e378a9820037e,0.0
3122,0xa30d8157911ef23c46c0eb71889efe6a648a41f7,1513228809,0xe2b309daf331f8f3456345ced045ceb4f2d1a48d,0x2448461a2e87276958eeaad9489b1c838e66cba397af117e557c1964e9729b57,13.078512
3123,0xa30d8157911ef23c46c0eb71889efe6a648a41f7,1513228867,0x86fa049857e0209aa7d9e616f7eb3b3b78ecfdb0,0x3b884a629b87cb4a1700d29125e2b02a1328185b3267591135cd73f494ae1035,0.0
3124,0xa30d8157911ef23c46c0eb71889efe6a648a41f7,1513228948,0xf7920b0768ecb20a123fac32311d07d193381d6f,0x7572100520926e0051e669dd8f2c18f4240089f755f0dd18288c8206356c5fcc,0.0
3125,0xa30d8157911ef23c46c0eb71889efe6a648a41f7,1513229363,0x744d70fdbe2ba4cf95131626614a1763df805b9e,0x599a5cb1730c888150a0f5eff4180343e521491a6d6c6cfa2b6bf87bf467c62c,0.0
3126,0xa30d8157911ef23c46c0eb71889efe6a648a41f7,1513229568,0xe0b7927c4af23765cb51314a0e0521a9645f0e2a,0xbcb6518b20547bafc2c8a5e592f95e768733fefde73c29cafafd84d7db535cea,0.0
3127,0xa30d8157911ef23c46c0eb71889efe6a648a41f7,1513229639,0xe0b7927c4af23765cb51314a0e0521a9645f0e2a,0x4153fe1890b442412040d4f9e190de17403ed288be8d1a057890caed49d6454d,0.0
3128,0xa30d8157911ef23c46c0eb71889efe6a648a41f7,1513229639,0xe0b7927c4af23765cb51314a0e0521a9645f0e2a,0x85e5f52ab06be1ac413d0f4935685359399f01dba754eea27b4a29ca9709d047,0.0
3129,0xa30d8157911ef23c46c0eb71889efe6a648a41f7,1513229639,0xaf30d2a7e90d7dc361c8c4585e9bb7d2f6f15bc7,0xe12b8f3f532ec36ee7419f23b4b63d707a35534a3ab083b66e2d3303b2c6d994,0.0
3130,0xa30d8157911ef23c46c0eb71889efe6a648a41f7,1513229639,0xd26114cd6ee289accf82350c8d8487fedb8a0c07,0xa17e11f3e2263eacd00b8445d8574102540a4838c6997976763381de8606a958,0.0
3131,0xa30d8157911ef23c46c0eb71889efe6a648a41f7,1513229734,0xe0b7927c4af23765cb51314a0e0521a9645f0e2a,0x5810cfe11cb435ba069ffdcea50c853d8a72c94d6d4378cfd54cacff36b9f474,0.0
3132,0xa30d8157911ef23c46c0eb71889efe6a648a41f7,1513229781,0xb63b606ac810a52cca15e44bb630fd42d8d1d83d,0x52dd07731ccd9b08948cde46fbc372020d0154f32ae53cedaaf6cf8273ddc0ae,0.0
3133,0xa30d8157911ef23c46c0eb71889efe6a648a41f7,1513229795,0x86fa049857e0209aa7d9e616f7eb3b3b78ecfdb0,0x862b26e1ba4f6cc14c8679d021eaabab82948615596b2be2c0acb662269aa7b2,0.0
3134,0xa30d8157911ef23c46c0eb71889efe6a648a41f7,1513229811,0x85a51571a0946efd6929170ef62b811543edbc39,0x180de7cc25736f8138d7f67c3c2d07a9404a1be7a1fdd1f64c439bdbdca61394,5.7
3135,0xa30d8157911ef23c46c0eb71889efe6a648a41f7,1513229864,0x8b2a00a3531109db98212f64d16ebaccb089005f,0xc1a6c948f8846193e2a79cc947fa52909cfa3c29e06ecf71cdbb9b24e7e445f9,8.57
3136,0xa30d8157911ef23c46c0eb71889efe6a648a41f7,1513229868,0xe0b7927c4af23765cb51314a0e0521a9645f0e2a,0x1fe3e15d139063cc637800a1862495a6b41c0f291ed82074b23e64d75ffdf82a,0.0
3137,0xa30d8157911ef23c46c0eb71889efe6a648a41f7,1513229906,0x214fee6b8e9a61facd9022edf2fa8b06066aa2df,0x16427ca2575f56612875e62ecaa97cae3036d9277fe72d2d110beff59778cc9f,100.0
3138,0xa30d8157911ef23c46c0eb71889efe6a648a41f7,1513230006,0x86fa049857e0209aa7d9e616f7eb3b3b78ecfdb0,0xf2d9ec9c7c7e7d7299943d5620b72f9482b758e6bd3c4ed8f8aee678f6c83b09,0.0
3139,0xa30d8157911ef23c46c0eb71889efe6a648a41f7,1513230075,0xe0b7927c4af23765cb51314a0e0521a9645f0e2a,0x7dce25948554b4871438fb92cb10cc6aa9d8b9a14197d14aa6b39b19e3ba5511,0.0
3140,0xa30d8157911ef23c46c0eb71889efe6a648a41f7,1513230075,0xaf30d2a7e90d7dc361c8c4585e9bb7d2f6f15bc7,0xb3902d54bef7137e6dcab57110b7dc6ca04f14638c14f469e58ba753e012c342,0.0
3141,0xa30d8157911ef23c46c0eb71889efe6a648a41f7,1513230387,0xaf30d2a7e90d7dc361c8c4585e9bb7d2f6f15bc7,0x798ff3226e277c5192125915ec25f1b491c64b7ad27fc9fb4741a288f192e5c1,0.0
3142,0xa30d8157911ef23c46c0eb71889efe6a648a41f7,1513230453,0xf7920b0768ecb20a123fac32311d07d193381d6f,0x5fb4ce2f1b6af1ac28bbd89454863dda9736397a6b81e3d5dde000663639569a,0.0
3143,0xa30d8157911ef23c46c0eb71889efe6a648a41f7,1513230474,0x208be41b8730b7761cf45eb05564ca4b8b8a8c6d,0x5970754ed127d016e3b170149e58b7da692c32e5466e7d642566e1b0bacf4576,3.98
3144,0xa30d8157911ef23c46c0eb71889efe6a648a41f7,1513230489,0x868427178e70c8dcc6ac6405ea7f112d1f70adcf,0xdcbcab115951dc4a1d1dc9a1d9c6299baf1362a33ac6e105e5a142388afd5d68,4.72
3145,0xa30d8157911ef23c46c0eb71889efe6a648a41f7,1513230494,0x29202a50afc3564ac90c70bec414fe4859c03c37,0xcee139d86cc7c52ef9bb7cc3020bccf8f5ca1e125081c67aadf8b6e1032a3eb2,90.0
3146,0xa30d8157911ef23c46c0eb71889efe6a648a41f7,1513230596,0xe0b7927c4af23765cb51314a0e0521a9645f0e2a,0x170bad276cb746c9014c160cfed6486337b9d7ff2c4157b5ca796870d34670cd,0.0
3147,0xa30d8157911ef23c46c0eb71889efe6a648a41f7,1513230601,0x86fa049857e0209aa7d9e616f7eb3b3b78ecfdb0,0xbaf0a7ca3566f699fa290cc4027e4bc0b8f41abca7a58c69a10686469085980b,0.0
3148,0xa30d8157911ef23c46c0eb71889efe6a648a41f7,1513230601,0x148f6117952ec1bb4b33bdfdeb275d7cf3ac2c76,0x75d832e6402c51c41f325fa635367e29f54dbb53de68b7a49e454b72e6d851d7,0.06
3149,0xa30d8157911ef23c46c0eb71889efe6a648a41f7,1513230601,0x86fa049857e0209aa7d9e616f7eb3b3b78ecfdb0,0x4fda92d8d907eb89f368592d223a3a523b19a1b16eae9b88981cc2dbd0335163,0.0
3150,0xa30d8157911ef23c46c0eb71889efe6a648a41f7,1513230683,0xe0b7927c4af23765cb51314a0e0521a9645f0e2a,0xc3c7bfa55856ade1417e7e1fe924e5eb3f65ad3f50d25dbf6ffa0bf4130f794d,0.0
3151,0xa30d8157911ef23c46c0eb71889efe6a648a41f7,1513231042,0xf7920b0768ecb20a123fac32311d07d193381d6f,0x1d4dafaafd108ee2bf5fbff8a8f431f65bc184c2e738f00423ad239a3eefa253,0.0
3152,0xa30d8157911ef23c46c0eb71889efe6a648a41f7,1513231120,0x86fa049857e0209aa7d9e616f7eb3b3b78ecfdb0,0x7f5e0569874886db465eef6e82d7843e9cab399f193115801511e415de876447,0.0
3153,0xa30d8157911ef23c46c0eb71889efe6a648a41f7,1513231155,0xaf30d2a7e90d7dc361c8c4585e9bb7d2f6f15bc7,0xca4ec88be01a30ccea9f630b6f95a4ed3fc4cc4de7d3cd168a8fa363f34a3d6b,0.0
3154,0xa30d8157911ef23c46c0eb71889efe6a648a41f7,1513231361,0xe0b7927c4af23765cb51314a0e0521a9645f0e2a,0x9721d654a6dc39bfde328c2f678fd6d1fc64c05ea2d3c65d543157a29aad40ea,0.0
3155,0xa30d8157911ef23c46c0eb71889efe6a648a41f7,1513231382,0xb76f03724cce91d26b49e3970a0bc39bd9fa07a2,0x9afe1264cba9f04967ec23f18e2e22b0296ae75f611cf65b4cfe72f1d3cb0e76,10.0
3156,0xa30d8157911ef23c46c0eb71889efe6a648a41f7,1513231507,0xe0b7927c4af23765cb51314a0e0521a9645f0e2a,0xba1c240f9667846419fa28eb2822cf27965188d714de28004f56653060fa2d52,0.0
3157,0xa30d8157911ef23c46c0eb71889efe6a648a41f7,1513231522,0x86fa049857e0209aa7d9e616f7eb3b3b78ecfdb0,0x7e55b8eedf19bb589450dad47abdc522ec3686198d7fb36ae07800d6f7fdc504,0.0
3158,0xa30d8157911ef23c46c0eb71889efe6a648a41f7,1513231567,0xf7920b0768ecb20a123fac32311d07d193381d6f,0xe8d65b3c85deade5744c7e6a507226f4afb2db310e377595fb8570f1ba004960,0.0
3159,0xa30d8157911ef23c46c0eb71889efe6a648a41f7,1513231586,0xaf30d2a7e90d7dc361c8c4585e9bb7d2f6f15bc7,0x528d75cc01367213a1ffeaa55ceade76763f75d194e597d2c007161a22cf5045,0.0
3160,0xa30d8157911ef23c46c0eb71889efe6a648a41f7,1513231586,0xe0b7927c4af23765cb51314a0e0521a9645f0e2a,0xb38986afe825a3f9f5048351e024cf4ab88e108067bdd7592087856d7d9464fc,0.0
3161,0xa30d8157911ef23c46c0eb71889efe6a648a41f7,1513231701,0x86fa049857e0209aa7d9e616f7eb3b3b78ecfdb0,0x5e8d5c2dab63e86edff76f57dae2c722ac4502d348c711b5959e8df3f95cdc07,0.0
3162,0xa30d8157911ef23c46c0eb71889efe6a648a41f7,1513231760,0x2e6a8bff533aaaec85d8601bfcaaac3fec26fefa,0x4f48dbb88d067a87e18b3678ebbc179b53e0ac658e112b9c968ea546bc9e9b5f,5.0
3163,0xa30d8157911ef23c46c0eb71889efe6a648a41f7,1513231912,0x86fa049857e0209aa7d9e616f7eb3b3b78ecfdb0,0xe5b7679e3d878bbd22006c3effb392fb1b5447ec0ea7880dc6aa06330697f30b,0.0
3164,0xa30d8157911ef23c46c0eb71889efe6a648a41f7,1513232070,0xfff5a7710496cb428cff0da93acdedb492f41f36,0xbc7724c5d860a53ca87a1b74e35b08bbdc210e10423a2c93589e572db15b9367,0.39
3165,0xa30d8157911ef23c46c0eb71889efe6a648a41f7,1513232291,0x0f5d2fb29fb7d3cfee444a200298f468908cc942,0x9e76cad19466353cdfd4d85369b6ffec222bbb43d7b435049cd0fe9c992a2e8e,0.0
3166,0xa30d8157911ef23c46c0eb71889efe6a648a41f7,1513232519,0x5186a15bbfc5575553c279f7ea51f5bc84cecabd,0xa4fd2c4074f402bbfd869252c8d8663d0d66ea9a4ba68ff74e138273e52472b2,0.031
3167,0xa30d8157911ef23c46c0eb71889efe6a648a41f7,1513232529,0x86fa049857e0209aa7d9e616f7eb3b3b78ecfdb0,0x3105cb90a9fa2f7a5ca234ce2d1593f05a38bafab38e332559e79d0725581a9a,0.0
3168,0xa30d8157911ef23c46c0eb71889efe6a648a41f7,1513232529,0x86fa049857e0209aa7d9e616f7eb3b3b78ecfdb0,0x6caf5ab3c635f074d3fb7b8525cb0da0c57163109b4afaa94781a8741dcf9fcb,0.0
3169,0xa30d8157911ef23c46c0eb71889efe6a648a41f7,1513232626,0x0f5d2fb29fb7d3cfee444a200298f468908cc942,0xd0fb563cd4ab10d73f04ee8aeb3759c7ee97a1b96a91b4f12acdd9505990fd86,0.0
3170,0xa30d8157911ef23c46c0eb71889efe6a648a41f7,1513232675,0x86fa049857e0209aa7d9e616f7eb3b3b78ecfdb0,0x387adad4b5c44c395d007332959bd3fa484b3784a9eccbbb1116c1d39975d1ba,0.0
3171,0xa30d8157911ef23c46c0eb71889efe6a648a41f7,1513232711,0xaf30d2a7e90d7dc361c8c4585e9bb7d2f6f15bc7,0x473dc39e2851907266bbaf1a1a2d709abd79d04572017b94496a719ee5e2be80,0.0
3172,0xa30d8157911ef23c46c0eb71889efe6a648a41f7,1513232794,0x744d70fdbe2ba4cf95131626614a1763df805b9e,0xbea8c198ebafedabcf51cbdeeda33ff295e4f3f9fed5813b737d7c301cfa782e,0.0
3173,0xa30d8157911ef23c46c0eb71889efe6a648a41f7,1513232952,0xd938a96166c1ffcacc5143afdf233032fb351ec0,0x13d22d99599e10930c2520a0e9eac0dec29a1f80882307f9be12a2b91b73e7a1,10.01
3174,0xa30d8157911ef23c46c0eb71889efe6a648a41f7,1513233042,0x86fa049857e0209aa7d9e616f7eb3b3b78ecfdb0,0x86ee771084fa5c555097b445c106030e0fda2cb9b4cc3502daac817c03bf0878,0.0
3175,0xa30d8157911ef23c46c0eb71889efe6a648a41f7,1513233078,0xbe455f738547fc4b7b2b9deab9d562735ef42fdc,0x2468ace21849853e44376b80557937f29838844ec97a4f6cad9f844f79d75f77,0.02976
3176,0xa30d8157911ef23c46c0eb71889efe6a648a41f7,1513233201,0x86fa049857e0209aa7d9e616f7eb3b3b78ecfdb0,0xf6319425825aacde7ae29ed829efc0621a5b3f703b1ced5fbd1c63bf51b6bcfd,0.0
3177,0xa30d8157911ef23c46c0eb71889efe6a648a41f7,1513233279,0xb97048628db6b661d4c2aa833e95dbe1a905b280,0x0f28922c503e739c3e8888280d656db34f255c6970ef6147105fc8847f0e8791,0.0
3178,0xa30d8157911ef23c46c0eb71889efe6a648a41f7,1513233320,0xb64ef51c888972c908cfacf59b47c1afbc0ab8ac,0x6dbcb95e4567fc53a5ae71215bf0f10c6160fbdd1df4761e82e54dd9f4258adb,0.0
3179,0xa30d8157911ef23c46c0eb71889efe6a648a41f7,1513233471,0x86fa049857e0209aa7d9e616f7eb3b3b78ecfdb0,0xc680166e8c190047dd5bb650731ba53c490c671a4fb694c7063264199a2fb0de,0.0
3180,0xa30d8157911ef23c46c0eb71889efe6a648a41f7,1513233719,0x86fa049857e0209aa7d9e616f7eb3b3b78ecfdb0,0xb50758851c080fe74f4caa55d4562f09dbba95d16a12752bb55a67168927d520,0.0
3181,0xa30d8157911ef23c46c0eb71889efe6a648a41f7,1513233726,0x86fa049857e0209aa7d9e616f7eb3b3b78ecfdb0,0xfeec2e85b962458a5c6ceb7bd60890557aa07ca4202551c7e4bc005dc5489dc8,0.0
3182,0xa30d8157911ef23c46c0eb71889efe6a648a41f7,1513233821,0x6ad502fb11c1be79433b3d528340ba1976a958e6,0x8bd4ed0d9dc2b67414b31a7f2d4b9417e34fe5bc5642c75bc54de93327c7913e,5.0
3183,0xa30d8157911ef23c46c0eb71889efe6a648a41f7,1513233874,0x15a6f8172410795beb4da6756aedb84a4c029ca2,0x9359add924800c8c4df6a63bf7317b9ba57e200449722c56fceb06e6912f5387,6.0
3184,0xa30d8157911ef23c46c0eb71889efe6a648a41f7,1513233874,0xaf30d2a7e90d7dc361c8c4585e9bb7d2f6f15bc7,0x151a48a12c424411fa20b8c7b450d287d8edd57ea791cbf192ce61cee455c08a,0.0
3185,0x17bc58b788808dab201a9a90817ff3c168bf3d61,1513233890,0xa30d8157911ef23c46c0eb71889efe6a648a41f7,0x6b8c92cad32f7b6daf25901240278822bd002e87f7ba270e805f8f6f9d70ea3c,334.7905791543796
3186,0x17bc58b788808dab201a9a90817ff3c168bf3d61,1513233890,0xa30d8157911ef23c46c0eb71889efe6a648a41f7,0x398f9c739b4cc12317ca04b2100967ab89d49138dcec05bc35a905cb67b18180,621.5680369951796
3187,0x17bc58b788808dab201a9a90817ff3c168bf3d61,1513233892,0xa30d8157911ef23c46c0eb71889efe6a648a41f7,0x82ed010dade28cf968d7d46c9f2fa9c58a8a5169ff67fbd10d45b9c8d342eaa2,802.5609763517892
3188,0xa30d8157911ef23c46c0eb71889efe6a648a41f7,1513234230,0x86fa049857e0209aa7d9e616f7eb3b3b78ecfdb0,0x5bef87467c00505d2f81ba05d5e33dba7fec717affb6c3a7396eb3c1a73aaa34,0.0
3189,0xa30d8157911ef23c46c0eb71889efe6a648a41f7,1513234470,0x86fa049857e0209aa7d9e616f7eb3b3b78ecfdb0,0x1e3af1db1e09607316aea6afe7c882615e466551780272143f376c79db7690d5,0.0
3190,0xa30d8157911ef23c46c0eb71889efe6a648a41f7,1513234506,0x86fa049857e0209aa7d9e616f7eb3b3b78ecfdb0,0x56f4533e817f751f28c5b6ba88bd3d8d44b10d165505e5f8d59db69bcfe7c6a7,0.0
3191,0xa30d8157911ef23c46c0eb71889efe6a648a41f7,1513234551,0xc5c6feb0d76d95483e2ab85b67977e37dbbcbc05,0x1e21e258c8fcf0bfc02d99fd3a8cdde799ff586965b730f4d3a70355ce528988,3.0
3192,0xa30d8157911ef23c46c0eb71889efe6a648a41f7,1513234583,0x86fa049857e0209aa7d9e616f7eb3b3b78ecfdb0,0xdc325b1fde5415517c083e2d77a0bc4c72f2734de307104aa3c585b88a95c94e,0.0
3193,0xa30d8157911ef23c46c0eb71889efe6a648a41f7,1513234619,0xb97048628db6b661d4c2aa833e95dbe1a905b280,0x83641160f730a342397bde30d6d106af437bfe6a1c64845450dc6d7883c4209a,0.0
3194,0xa30d8157911ef23c46c0eb71889efe6a648a41f7,1513234754,0xec9fcb03551e646456d737228794ae75d5e37978,0xff9f53e71035caa289b1aa194c9269cd1cd2d7afca21c1341f5c307422112876,2.23
3195,0xa30d8157911ef23c46c0eb71889efe6a648a41f7,1513234763,0x85d87857af61c17ce6acfa7db29ad1f58f5cf364,0x906b2f9cb458984eb3e66af30711f8d6fd7fcd9a80ab71e1ad2330b533b73a9e,2.39985108
3196,0xa30d8157911ef23c46c0eb71889efe6a648a41f7,1513234763,0x86fa049857e0209aa7d9e616f7eb3b3b78ecfdb0,0xea09a589c112bf4c99eeee563b2e05d0f2496977e19d4b7bc27bd65cd3ec341d,0.0
3197,0xa30d8157911ef23c46c0eb71889efe6a648a41f7,1513234777,0x86fa049857e0209aa7d9e616f7eb3b3b78ecfdb0,0xf7c93ded16bc10b483ed5b84df033d3fd7280f1a720907be4c9bf7490225997d,0.0
3198,0xa30d8157911ef23c46c0eb71889efe6a648a41f7,1513234857,0x86fa049857e0209aa7d9e616f7eb3b3b78ecfdb0,0xa4147266516b1bd517bec69cb0eb0beb7b66eb4d6de4004c2878d6494517a8e8,0.0
3199,0xa30d8157911ef23c46c0eb71889efe6a648a41f7,1513234895,0x86fa049857e0209aa7d9e616f7eb3b3b78ecfdb0,0x48450fadad5cbd9bb0f25e4c99bf077e5750bcc4abd9c734ec9e7b0c29182cf8,0.0
3200,0xa30d8157911ef23c46c0eb71889efe6a648a41f7,1513234895,0xb47adaad765f57ff0a618fc9e28c7790c8f611a1,0xe22784eda3bf82bd8554a95c234cc641f5ecfa8e3d3ff0773b8ff9ebcdb10955,5.0
3201,0xa30d8157911ef23c46c0eb71889efe6a648a41f7,1513235040,0x86fa049857e0209aa7d9e616f7eb3b3b78ecfdb0,0x8a64f2d9e52ec244f6e1390caf83be9b2be74d55e8d2788f157df4d84235f749,0.0
3202,0xa30d8157911ef23c46c0eb71889efe6a648a41f7,1513235058,0x4a32d1b77d8210e14eebe19fce4f2aa286355940,0x9866198adbd209938a4ad783e621f5f250b5245bac0bd7030a706206532a2f95,2.59
3203,0xa30d8157911ef23c46c0eb71889efe6a648a41f7,1513235191,0x86fa049857e0209aa7d9e616f7eb3b3b78ecfdb0,0x815d5bdb145e06e5447a6a90585ae3d524242c3a5e0f3ec51ece1ca6c6525155,0.0
3204,0xa30d8157911ef23c46c0eb71889efe6a648a41f7,1513235466,0x177d39ac676ed1c67a2b268ad7f1e58826e5b0af,0x60079cae9b4d73314dafedb4b3738b9f54ca85744579db9c5000886bfd617b90,0.0
3205,0xa30d8157911ef23c46c0eb71889efe6a648a41f7,1513235517,0x86fa049857e0209aa7d9e616f7eb3b3b78ecfdb0,0x322c950cec659ae8a5c76375591deba7cdfa029527252fa80421261062e067fb,0.0
3206,0xa30d8157911ef23c46c0eb71889efe6a648a41f7,1513235615,0x86fa049857e0209aa7d9e616f7eb3b3b78ecfdb0,0x8a168d13bfea0541ef861b1d37c6933ec3a0e2bdf15206bc13ecba59ff47f2e3,0.0
3207,0xa30d8157911ef23c46c0eb71889efe6a648a41f7,1513235629,0x6bc58c7997c348bb3583324bf549cca0bb70fa0d,0x1ac6c8052dff814485cfe35bbd85220b831ee2330048ee264bed676584aefca3,15.2
3208,0xa30d8157911ef23c46c0eb71889efe6a648a41f7,1513235649,0x86fa049857e0209aa7d9e616f7eb3b3b78ecfdb0,0x2b25e16e1db626e9f399472dcb223e153abf3f61b23ca24b3f971e55fc7155d7,0.0
3209,0xa30d8157911ef23c46c0eb71889efe6a648a41f7,1513235858,0xdc25574a1f8fce4bfffbb7716fb06d931addb7b9,0x6079c07c1c569d25b295856d6023b2ed916c48b5a3994a1715af0f07f58b8db5,5.0
3210,0xa30d8157911ef23c46c0eb71889efe6a648a41f7,1513235913,0x75180d6637d901084cfccfce42bd64c5dc082d71,0x5102d5fa3bb154d9348e50f46918bd77fe7153da1d047bbb5012530b2898902b,1.5
3211,0xa30d8157911ef23c46c0eb71889efe6a648a41f7,1513236027,0x0f43c3f726cb87cc1703d9a3f3b2dd5262e44396,0x6b6ee7c61bf55f207f8cd28b9391a07c7788ac0baa9e1e09e2c975b4f8f98ba0,1.5
3212,0xa30d8157911ef23c46c0eb71889efe6a648a41f7,1513236067,0x86fa049857e0209aa7d9e616f7eb3b3b78ecfdb0,0x34da7189f4cef4d77303b6eccbf8191e8b7dcbdfad64052e722a840634d9bf51,0.0
3213,0xa30d8157911ef23c46c0eb71889efe6a648a41f7,1513236118,0x86fa049857e0209aa7d9e616f7eb3b3b78ecfdb0,0xe685aaa94bb782bf87569d8c67e22ae6ea89a9b99bda2c5dd10b274ef0848c42,0.0
3214,0xa30d8157911ef23c46c0eb71889efe6a648a41f7,1513236118,0xe9b4e3b4802dd14ebc00c745072da5db329e2a5f,0x2063a0cdd35150b17523db483d21fc83ce1cbcfb6d3a53c6a144858d04e5fb25,0.02
3215,0xa30d8157911ef23c46c0eb71889efe6a648a41f7,1513236147,0x76facc40c1eaefcf4be9f78d62cb4400a7d150a4,0x8d5fc0acb60a5bb3de3c90ccab3181a43041b39f58def402d8b40558add3e190,1.36
3216,0xa30d8157911ef23c46c0eb71889efe6a648a41f7,1513236192,0xd6f8aaef3c5da7f83d1a1d6da2c6daa47203aab3,0x8ba1973530dbdd8d766bc51f50be23c6c9ae46dce11399d88aa09e12b84555e3,2.98
3217,0xa30d8157911ef23c46c0eb71889efe6a648a41f7,1513236210,0xb63b606ac810a52cca15e44bb630fd42d8d1d83d,0xc6642bd2347c12bb1a6b6e1e0783fbcddfd033b7391329c19b011a62bf1aded8,0.0
3218,0xa30d8157911ef23c46c0eb71889efe6a648a41f7,1513236235,0xb319608bcd2c8a0ab4365a50c93ed75d4adc7e5b,0x24673682dd32dbbc612dacaf788e4568b72713596c936d44f3e399778b7b9ab5,42.01
3219,0xa30d8157911ef23c46c0eb71889efe6a648a41f7,1513236314,0x86fa049857e0209aa7d9e616f7eb3b3b78ecfdb0,0x1c627e955d9a3ea3c6f78e4e64b78c30ade1cb0767647b3cdb5e4adca2012ecf,0.0
3220,0xa30d8157911ef23c46c0eb71889efe6a648a41f7,1513236354,0xecfea4b01d68d7cb2ceebc312be0cb2a4f827ad1,0xd166ee00d39cd4a10dfb17d78a29c24c9df493e967f7db30bb96bd923a383980,5.35
3221,0xa30d8157911ef23c46c0eb71889efe6a648a41f7,1513236464,0x86fa049857e0209aa7d9e616f7eb3b3b78ecfdb0,0x94b308fc319c08e18676338c1e9f2a4bb832f4d75cfb04c4de63f7fcb282bcd1,0.0
3222,0xa30d8157911ef23c46c0eb71889efe6a648a41f7,1513236656,0xbcf2734c44caf91630bc592b1a48b7dd5f4183f9,0x4057a4c2323735954106ea2271b0b26175749f4735fc9724f8acedc51961525a,10.0
3223,0xa30d8157911ef23c46c0eb71889efe6a648a41f7,1513236671,0x86fa049857e0209aa7d9e616f7eb3b3b78ecfdb0,0x5e85ba08302ebef8f3e784831c1e1a650be0d5e5d0d454bb155db48894a59f89,0.0
3224,0xa30d8157911ef23c46c0eb71889efe6a648a41f7,1513236686,0x86fa049857e0209aa7d9e616f7eb3b3b78ecfdb0,0xb28ac72a898cf02b93be7be1489341e3539c7c606c68ff0866720c489f2aebea,0.0
3225,0xa30d8157911ef23c46c0eb71889efe6a648a41f7,1513236705,0xe9d39f1c3dc14105c33fefb1a27cf33e562df5ac,0xf7c1a6ed2c0bdc2eabddcd269268dbc4bd0b809eb91ca01a76be5cc04ed0ef7d,0.1114
3226,0xa30d8157911ef23c46c0eb71889efe6a648a41f7,1513236735,0x86fa049857e0209aa7d9e616f7eb3b3b78ecfdb0,0xe70a485506942303c53c3b1073c35d9d55a366ed056abce6db8148116663b246,0.0
3227,0xa30d8157911ef23c46c0eb71889efe6a648a41f7,1513236861,0x86fa049857e0209aa7d9e616f7eb3b3b78ecfdb0,0xfc3184d26ec62fc0bf7cffa26e3113479584a684deff796fff58f246cc2da669,0.0
3228,0xa30d8157911ef23c46c0eb71889efe6a648a41f7,1513236945,0xb63b606ac810a52cca15e44bb630fd42d8d1d83d,0x311f9cd87e9a464579058bf21798c766dca1fc63a0dec1894e6d1f0a428a1b05,0.0
3229,0xa30d8157911ef23c46c0eb71889efe6a648a41f7,1513237009,0x120bd5dbb1647ed1e37df1506956ab08c666fe05,0x13abea499b8ec4dd98186d697f301b402fa5bc811a35808e92cf7c6a98c3e510,69.5
3230,0xa30d8157911ef23c46c0eb71889efe6a648a41f7,1513237054,0x7a6facd9d497de8900aabb6d48388e45c260b988,0x3e20d7650a2ac5904249dfd58c2991d82357d9e00aca9d2340e93f185a2bf22b,26.9452
3231,0xa30d8157911ef23c46c0eb71889efe6a648a41f7,1513237100,0x177d39ac676ed1c67a2b268ad7f1e58826e5b0af,0x590520dc4e4dd64ff5d6d0fe195f1888ad037bf5719732a2fbcc157f9084bf06,0.0
3232,0xa30d8157911ef23c46c0eb71889efe6a648a41f7,1513237100,0xb63b606ac810a52cca15e44bb630fd42d8d1d83d,0x28ff7241f2bdcfc85f011244f1c05485d595122232640b8d04af7a6308bd32ed,0.0
3233,0xa30d8157911ef23c46c0eb71889efe6a648a41f7,1513237146,0x86fa049857e0209aa7d9e616f7eb3b3b78ecfdb0,0x95f23699ea623e0e7941fa42301978fe9bba1e5ba618b6911cd8517fc6b2bbe7,0.0
3234,0xa30d8157911ef23c46c0eb71889efe6a648a41f7,1513237162,0x86fa049857e0209aa7d9e616f7eb3b3b78ecfdb0,0xe5ad752043b340920c6c47627ec3d72a2ab7bf5b9e96888b49bdb4bd285de827,0.0
3235,0xa30d8157911ef23c46c0eb71889efe6a648a41f7,1513237231,0x86fa049857e0209aa7d9e616f7eb3b3b78ecfdb0,0x54894d568dd7f7d46a70cbca86df72a1c6cc0fdf3df23f1cabc864af10745f72,0.0
3236,0xa30d8157911ef23c46c0eb71889efe6a648a41f7,1513237231,0x86fa049857e0209aa7d9e616f7eb3b3b78ecfdb0,0x193eb98df6701a49fd07dac2e8213993be91e9772e5808807b55ad3f7d8e5abb,0.0
3237,0xa30d8157911ef23c46c0eb71889efe6a648a41f7,1513237231,0x86fa049857e0209aa7d9e616f7eb3b3b78ecfdb0,0x2d67c3e50a671a732ddec14eeda434e54c1ef5d28938768fe2697d676500c5ce,0.0
3238,0xa30d8157911ef23c46c0eb71889efe6a648a41f7,1513237288,0x86fa049857e0209aa7d9e616f7eb3b3b78ecfdb0,0x1d099679d7125a6b4bf84a63f1a2aa906cc51aebebe8db16818e5e73fd6e88a3,0.0
3239,0xa30d8157911ef23c46c0eb71889efe6a648a41f7,1513237381,0xb63b606ac810a52cca15e44bb630fd42d8d1d83d,0x7252ae7b044f46993081183ddda26eff840e35e343ff341530fcb3584020af7b,0.0
3240,0xa30d8157911ef23c46c0eb71889efe6a648a41f7,1513237429,0x86fa049857e0209aa7d9e616f7eb3b3b78ecfdb0,0x01886d7a9b18f9b73de31612541ba3bbf46a0d74de4d618b22573ee692f75e60,0.0
3241,0xa30d8157911ef23c46c0eb71889efe6a648a41f7,1513237488,0x86fa049857e0209aa7d9e616f7eb3b3b78ecfdb0,0x1c15a4d39eb6fc33fbca1edd08aaa763e4a49e1fe24059fa896e082679935e8f,0.0
3242,0xa30d8157911ef23c46c0eb71889efe6a648a41f7,1513237520,0xe0b7927c4af23765cb51314a0e0521a9645f0e2a,0xafd9e92e42f20686fcb179cd76a43261d8a0613a205b69241b335d23c26c62f7,0.0
3243,0xa30d8157911ef23c46c0eb71889efe6a648a41f7,1513237576,0x86fa049857e0209aa7d9e616f7eb3b3b78ecfdb0,0x5be6b24177f4703c36ea7746eae3b862b964c714baeaec1cce20f40367b0448c,0.0
3244,0xa30d8157911ef23c46c0eb71889efe6a648a41f7,1513237597,0x86fa049857e0209aa7d9e616f7eb3b3b78ecfdb0,0x3c3849ec06bbaf3f8fa961e85a3a6454d628e3de95dd0948b9ba0bb381b0f27e,0.0
3245,0xa30d8157911ef23c46c0eb71889efe6a648a41f7,1513237747,0x20ee0c1aa856fb2afa8268e460c5ba257f6e2705,0x69ffea3d4c6bf420246b6a9bb38be450751ad7390918228ea4ba5261524b47f3,1.0
3246,0xa30d8157911ef23c46c0eb71889efe6a648a41f7,1513237777,0x568a9216cb3c99a0c3e3d36c33ec0615485cf30f,0x56021cb8011de8b2c5128d6547684d3e113ae27e73779413f69da35c870937d2,30.0
3247,0xa30d8157911ef23c46c0eb71889efe6a648a41f7,1513237816,0x86fa049857e0209aa7d9e616f7eb3b3b78ecfdb0,0xbb186179c5387de180631988b95733d8ed2e8b9d256079e60c6848e61c341d5e,0.0
3248,0xa30d8157911ef23c46c0eb71889efe6a648a41f7,1513237962,0x20ee0c1aa856fb2afa8268e460c5ba257f6e2705,0x6882cd72f3bcb8fc63b9a42b753970330ab5d1bfcca7daf5fa23a3ef692fa71f,4.2073
3249,0xa30d8157911ef23c46c0eb71889efe6a648a41f7,1513237973,0x0f5d2fb29fb7d3cfee444a200298f468908cc942,0x01ecb642a4704b68c43c077bbcc700f0b8d8af7755982457a0e0ed4c54138578,0.0
3250,0xa30d8157911ef23c46c0eb71889efe6a648a41f7,1513238054,0x744d70fdbe2ba4cf95131626614a1763df805b9e,0xac32acdbe9a0f3740dad45b5653fcf45b616053cefd1bd608efdb60a0ef6a81c,0.0
3251,0xa30d8157911ef23c46c0eb71889efe6a648a41f7,1513238339,0x86fa049857e0209aa7d9e616f7eb3b3b78ecfdb0,0x832c88d1be2abee53d25b038f05cc848ce88df53fa72fbc33fba7d0363441b40,0.0
3252,0xa30d8157911ef23c46c0eb71889efe6a648a41f7,1513238396,0x86fa049857e0209aa7d9e616f7eb3b3b78ecfdb0,0xc691187ef10cc0bfc5881c26a14f7912616198e6f54d902012a2d68fd584b4ce,0.0
3253,0xa30d8157911ef23c46c0eb71889efe6a648a41f7,1513238486,0xf7920b0768ecb20a123fac32311d07d193381d6f,0x77877d130235d45a8faed4473c42e0921907eeabc075dcfd9a5413fc0f44d02e,0.0
3254,0xa30d8157911ef23c46c0eb71889efe6a648a41f7,1513238585,0x222c6ccf0de8a4c0b0bd989b25562111ef0f381b,0x126712d0a39e1427be8e4a908e725f1655a9ec10a70b66f055679a900d2fbb91,0.97
3255,0xa30d8157911ef23c46c0eb71889efe6a648a41f7,1513238619,0x86fa049857e0209aa7d9e616f7eb3b3b78ecfdb0,0x5424df9c5481eb89116598bdd402dcc66165dac5e7c0b898e4962d3d6db86f8f,0.0
3256,0xa30d8157911ef23c46c0eb71889efe6a648a41f7,1513238808,0x86fa049857e0209aa7d9e616f7eb3b3b78ecfdb0,0xd894aa7c4a32cc90c223c03edb252ab0c95bf18443013a28251a17ced9a1e8c2,0.0
3257,0xa30d8157911ef23c46c0eb71889efe6a648a41f7,1513238808,0x86fa049857e0209aa7d9e616f7eb3b3b78ecfdb0,0x601831bf4e22f053faba49c891cc3a6b6bea6aef53e653c8c073899aa743ab80,0.0
3258,0xa30d8157911ef23c46c0eb71889efe6a648a41f7,1513238902,0x86fa049857e0209aa7d9e616f7eb3b3b78ecfdb0,0xe9fb46c1e3b9b84a8f4bd3167469d4570efb2a64217ff38e216f8d5bc26aa77d,0.0
3259,0xa30d8157911ef23c46c0eb71889efe6a648a41f7,1513238947,0x86fa049857e0209aa7d9e616f7eb3b3b78ecfdb0,0xde20442d5f7b7d16e5793f1708f202e097f0ac994de8632ec7a2d2735103e6fc,0.0
3260,0xa30d8157911ef23c46c0eb71889efe6a648a41f7,1513239204,0xb5cacff174e4c101eb6ce9095f1576059e4710a8,0x60e1686603d336c8a51bbce25183bd355f29d0751ff13180477763cb9a1ccf39,1.03
3261,0xa30d8157911ef23c46c0eb71889efe6a648a41f7,1513239288,0x744d70fdbe2ba4cf95131626614a1763df805b9e,0xe9063eb0d7f2cf076f1c07076bdb532e246ccc36acdd6dae7878e3169cb9c868,0.0
3262,0xa30d8157911ef23c46c0eb71889efe6a648a41f7,1513239520,0x9b30669cb3bb1b4e6186e18db7ebaedea4325602,0xe75a363048500ab352f50ecc9801cc2b762cb1431fea39c46566c412e466d11d,10.0
3263,0xa30d8157911ef23c46c0eb71889efe6a648a41f7,1513239546,0x86fa049857e0209aa7d9e616f7eb3b3b78ecfdb0,0x3d8ad5560d9f31bff13e09aa4c5d9db5fd474cc521cf7fe2d91c1eb369d6b5a0,0.0
3264,0xa30d8157911ef23c46c0eb71889efe6a648a41f7,1513239560,0xf7920b0768ecb20a123fac32311d07d193381d6f,0xea785c90e90eef7a66b5527516d865203f73b46535463b69c48d84f5de0f10ce,0.0
3265,0xa30d8157911ef23c46c0eb71889efe6a648a41f7,1513239654,0xd850942ef8811f2a866692a623011bde52a462c1,0xe887ffd8ab678f9ee06940b58a4f890a23002b8f246bc082ee22e7ad6cadc17c,0.0
3266,0xa30d8157911ef23c46c0eb71889efe6a648a41f7,1513239666,0x86fa049857e0209aa7d9e616f7eb3b3b78ecfdb0,0xcb47a816dc34c3e315839632d3e34a7a0bf7005b68d5d82469b2bfa8f28bbd1d,0.0
3267,0xa30d8157911ef23c46c0eb71889efe6a648a41f7,1513239729,0x86fa049857e0209aa7d9e616f7eb3b3b78ecfdb0,0x129a3a05b14bf3ce93c0d76404b10edb1bcf7e0bbad53cd00bdff15e200ef5f8,0.0
3268,0xa30d8157911ef23c46c0eb71889efe6a648a41f7,1513239866,0x4fa86e10ec229981cb08905aea86e124ce8f2e69,0x744f01a21600cec52c314d170d07dfdb58584395035f06d157db26f990058ab8,0.95
3269,0xa30d8157911ef23c46c0eb71889efe6a648a41f7,1513239893,0x86fa049857e0209aa7d9e616f7eb3b3b78ecfdb0,0xc25e426e66a15f0ecf86afdbb0afa12ab3c7887c6e9fde36a7d9461dc9bc47a5,0.0
3270,0xa30d8157911ef23c46c0eb71889efe6a648a41f7,1513239917,0x0f5d2fb29fb7d3cfee444a200298f468908cc942,0x7663a995bf99d824106c91f0018d378452521c510ef7d591e7a76f615d41c6e4,0.0
3271,0xa30d8157911ef23c46c0eb71889efe6a648a41f7,1513240017,0x2699e93d5b566e154343fb1c9fac1393afc08984,0x95b209f272c2bc25da3bd3c8284f172da851ba339c8efdbf72690c5322d3bc17,0.8482
3272,0xa30d8157911ef23c46c0eb71889efe6a648a41f7,1513240177,0x13713e58ba394beb95eba49eec07f838e0191a15,0x7faace2dafac4a440f12d265f18a8da099ff987788ac3d9a9259175f99ff391d,85.0
3273,0xa30d8157911ef23c46c0eb71889efe6a648a41f7,1513240277,0xdd974d5c2e2928dea5f71b9825b8b646686bd200,0xeb1fc253f15ad3ca2799a882e5097b515cfc4d9a61e2f52fba48811872f1d0f8,0.0
3274,0xa30d8157911ef23c46c0eb71889efe6a648a41f7,1513240328,0x86fa049857e0209aa7d9e616f7eb3b3b78ecfdb0,0x7431c23fc31231c0cc6e7cc9da2ff9ba213415ce6fad78edbcf7b1ede7d79c8a,0.0
3275,0xa30d8157911ef23c46c0eb71889efe6a648a41f7,1513240363,0x86fa049857e0209aa7d9e616f7eb3b3b78ecfdb0,0x21a0bb3959413e048fff2a7cebbc719b7cc6aeb98e14dbbd5cd52780e9063680,0.0
3276,0xa30d8157911ef23c46c0eb71889efe6a648a41f7,1513240396,0x86fa049857e0209aa7d9e616f7eb3b3b78ecfdb0,0xf03d4da43f1780a491fbbb2ebc0fcb1fb99c57afa3290127f136f0464bcab227,0.0
3277,0xa30d8157911ef23c46c0eb71889efe6a648a41f7,1513240496,0x4443203d33d4f503a7a0db33ee92db5e6a433584,0x89875bcc32e61ad626043b4a06b7473e120bfe545241e01b7509cda27dab0ae4,126.0
3278,0xa30d8157911ef23c46c0eb71889efe6a648a41f7,1513240682,0xa88abec963629e63a52d381b5c5edda9bf10dc9b,0x1571e7f805dacba3236793575bddad3a2cfe95129f7af99f2e4ce702f5186c0f,12.0
3279,0xa30d8157911ef23c46c0eb71889efe6a648a41f7,1513240795,0x86fa049857e0209aa7d9e616f7eb3b3b78ecfdb0,0x76f32999b6c9aee710be921203ff9d07fb0d12fc228f6123a041447bc41e1d2e,0.0
3280,0xa30d8157911ef23c46c0eb71889efe6a648a41f7,1513240816,0xcb97e65f07da24d46bcdd078ebebd7c6e6e3d750,0x233c0288123af5a4b527e382bd02a2723bedab45b89a70ef8144e99c046e2825,0.0
3281,0xa30d8157911ef23c46c0eb71889efe6a648a41f7,1513241416,0xa9a9b95e258efe409c087c2b4dddf2940956050c,0xb55c63fb409f3194a573169f38be1f9dc55c322f8b6ae5a2c34b7f65f903a8b5,12.01
3282,0xa30d8157911ef23c46c0eb71889efe6a648a41f7,1513241600,0x1876359e9a8eaf05e8ccbacd49ce9e4c63927b69,0x40a66c17512283774ae7d51255f9ea80e5d1a54b7dfe0dac13d089f2921d8cbe,5.2403
3283,0xa30d8157911ef23c46c0eb71889efe6a648a41f7,1513241666,0xf4df4f5a0f19436961db1491c68ca533119b3ea8,0x382ff3c48436739dc71f96d416cc5fc8e7d07cdd099dc3ff5bb30e17a37b0538,81.0
3284,0xa30d8157911ef23c46c0eb71889efe6a648a41f7,1513241738,0xcf57b6180bf60fb7e1ca4e7e17d49b11e3b94769,0x43fdd9d53980d015794f9a4679861c531cf285f38c3ae9374f6e7011fa81ec92,3.3
3285,0xa30d8157911ef23c46c0eb71889efe6a648a41f7,1513241775,0xd9fbfab8de4f6c02d47c3a0a3cb4802639368bcc,0xdef20164e940f8c694367758ef77eb414fae6bb06596fa3b4db87aac79d3db14,24.3945
3286,0xa30d8157911ef23c46c0eb71889efe6a648a41f7,1513241829,0x86fa049857e0209aa7d9e616f7eb3b3b78ecfdb0,0xe212f129ddc474c3270cfc70a15ce71018d22123139cf1f78cc590f38d553d1d,0.0
3287,0xa30d8157911ef23c46c0eb71889efe6a648a41f7,1513241918,0x86fa049857e0209aa7d9e616f7eb3b3b78ecfdb0,0xbfabdccc00eefbcfef1048580754ef02f7eb0e8978b7c9d6ab376621e1c6b17a,0.0
3288,0xa30d8157911ef23c46c0eb71889efe6a648a41f7,1513242099,0x44c1739d4ab28da207a05e1cf623ea4be37b6acf,0x54274de52bc45affdbb7061efa74ea8819a5ff5d643dd3a7a097c2c486dc650c,19.45963193
3289,0xa30d8157911ef23c46c0eb71889efe6a648a41f7,1513242141,0xe7f49d7ebae482a9c5490eeaee12632755ca6031,0xd1a717694d8a2904694b0ad6fee2af1075da412d1ec81f993e11f7f68fa2f046,4.49
3290,0xa30d8157911ef23c46c0eb71889efe6a648a41f7,1513242209,0x8212c9ae2adfcc082718697ac5d0c2c53c6596a1,0x71132a516966b53538a50005d81f67288980456b247eb1cdf8fbde9329b7a930,3.0
3291,0xa30d8157911ef23c46c0eb71889efe6a648a41f7,1513242246,0x86fa049857e0209aa7d9e616f7eb3b3b78ecfdb0,0x7f3df9713e6d1917ed132dd3bc33c1890bd361b80b9dbe82e64e73e8ebc47d6d,0.0
3292,0xa30d8157911ef23c46c0eb71889efe6a648a41f7,1513242283,0xfa05a73ffe78ef8f1a739473e462c54bae6567d9,0xd8e084725bd5dbf8cced964b5eabf97608f516470643458061c46e5b33b087d4,0.0
3293,0xa30d8157911ef23c46c0eb71889efe6a648a41f7,1513242283,0x86fa049857e0209aa7d9e616f7eb3b3b78ecfdb0,0x9159bed2c5935ae3e4687a378c78b3c3e7b12d5c81ef36ef34786c7fde0ed1db,0.0
3294,0xa30d8157911ef23c46c0eb71889efe6a648a41f7,1513242387,0x277a57f149fc6d2cd3f09abb81fa82f7d6bc922d,0x6a571037844aea842efec5bed509469ff8e6ad8efa5a7b4826a7ad4a764b02d9,33.5547
3295,0xa30d8157911ef23c46c0eb71889efe6a648a41f7,1513242559,0x86fa049857e0209aa7d9e616f7eb3b3b78ecfdb0,0xbaaa7838afabad0b382da82015e4eaa248f4dee4ed0b90df44d4e0834c5af83b,0.0
3296,0xa30d8157911ef23c46c0eb71889efe6a648a41f7,1513242789,0x86fa049857e0209aa7d9e616f7eb3b3b78ecfdb0,0xac1b704e92ea6f2562467e865209a421780ecb5f7758dad9f5636b600551a166,0.0
3297,0xa30d8157911ef23c46c0eb71889efe6a648a41f7,1513242827,0xfacb729d4377c255185e491c9b9f2653c9e47482,0xcf287a980e4c96a402872b5c4dc4fb092bce75efcf270b8461d01a3e4cd85ed8,10.0
3298,0xa30d8157911ef23c46c0eb71889efe6a648a41f7,1513242827,0xc586c3a3de587b84cf659541a193e5657950d31b,0x05d5ae89e86043dc28b2bb236be912378037d08c36c59e609b689cc3068e71f0,43.3
3299,0xa30d8157911ef23c46c0eb71889efe6a648a41f7,1513242827,0x64185dc2295c5e3b0a74ce6ade943f3690061c13,0xce06b1b335ba8cc15ddb68610cb420a3ca19c59cc6be8eeafc9fae252c1a5c1a,2.5
3300,0xa30d8157911ef23c46c0eb71889efe6a648a41f7,1513242827,0x1e2b51a5c4cd2d3d2ae81a0f84ce193680534a7d,0x636cd48107af0ccd2fe2ecee32485cf8938f163bdd84d2fb376d0d9e48fd9453,4.173
3301,0xa30d8157911ef23c46c0eb71889efe6a648a41f7,1513242862,0xaacf172e7121551f3a657079d38d4cf8d8b16917,0x97f4b4fa825d62bbb5b6d19e02ad2b95e5cd0b9cd7dbb979975efdbc8276e129,1.98
3302,0xa30d8157911ef23c46c0eb71889efe6a648a41f7,1513242917,0x8d7fe6ce1f97ad6c98987ad21b17b0127368776a,0x5d8f973f7859422d1eceae594fc4df4b11793c0cab7b82f1ad91f2ca6558aba4,1.0
3303,0xa30d8157911ef23c46c0eb71889efe6a648a41f7,1513242981,0x61c4d9b1271276bf4d001141ce5d4c42d0b4fbee,0x9a9bd3bb7d4df245e4635bbfaf59c20bc1cd99d9d97ca56c71b86b0d1a2e0ea9,2.3862200000000002
3304,0xa30d8157911ef23c46c0eb71889efe6a648a41f7,1513242995,0x6597879e36e86ecfb9a5562ee8a4b93605af41f7,0xfecda5fea1f5d8c45ca74c9aa76a7e88c4fcd6603f968425801e4d802d102a03,5.0163
3305,0xa30d8157911ef23c46c0eb71889efe6a648a41f7,1513242995,0x86fa049857e0209aa7d9e616f7eb3b3b78ecfdb0,0xdacb93d29924edc8fb9ffbb716323b2a2cadde88af77d59932933df996b93d86,0.0
3306,0xa30d8157911ef23c46c0eb71889efe6a648a41f7,1513243026,0x9b507cd2c61aa3a59ddb6517d90f0b2d19cb6341,0xe56e3e2bd7c01f76b056af23e25ad2c9302b431a700b6b207342d0190b26275b,59.0
3307,0xa30d8157911ef23c46c0eb71889efe6a648a41f7,1513243065,0x538761b4de480e48ff766bee89054e4465332959,0x8b441b8072306c0ace077498fc547e473bd089221cecb7ba18c44a61f0ee5b97,0.002
3308,0xa30d8157911ef23c46c0eb71889efe6a648a41f7,1513243100,0x8d7fe6ce1f97ad6c98987ad21b17b0127368776a,0xc017f45b36defe93d5f2828bdaace995df823ba34b7f552a5d49063dc0182ee3,41.97
3309,0xa30d8157911ef23c46c0eb71889efe6a648a41f7,1513243167,0xd82c537bb6c3e72b53fe684f2c392e2624ec2850,0x8a1b9cf059c69698a89fc7cd4071f61c05a70fff2e1befdfd577502aadfded61,66.33173000000001
3310,0xa30d8157911ef23c46c0eb71889efe6a648a41f7,1513243167,0xab13e31e24f14a8781d5def0111281a093c6f3c5,0xf40f27189d1ba461ad76c866f6268d920e17397e3f3ecf92fcab75684e5469a3,5.5
3311,0xa30d8157911ef23c46c0eb71889efe6a648a41f7,1513243273,0xb97048628db6b661d4c2aa833e95dbe1a905b280,0xcd383ea1f271900af1f438ef276d5ae31d5277c92efb0736a9d21f5b17ec0b48,0.0
3312,0xa30d8157911ef23c46c0eb71889efe6a648a41f7,1513243300,0xa904ba3db1669b9890ced04af193523bfe799700,0x2487848cb1bcb71c260547179b5249540fa1f8a2a62ca96abbd07a815548df9b,14.0
3313,0xa30d8157911ef23c46c0eb71889efe6a648a41f7,1513243316,0x86fa049857e0209aa7d9e616f7eb3b3b78ecfdb0,0x7e725b4e31e60c280c82c0e3915fd4eee72a1fb01bc23fcf7ecf4da0380b52ed,0.0
3314,0xa30d8157911ef23c46c0eb71889efe6a648a41f7,1513243439,0x6ed541f0c9b62b543df9138e0f7e37a28d0e041d,0xdfdd486f9c816ff96cc67dfd7e416efe538fb27cd6b47da144ee6619f4513f5b,9.0
3315,0xa30d8157911ef23c46c0eb71889efe6a648a41f7,1513243565,0xe533f5cfa1c284f5ffa5e781f59ee6988be97dae,0xabdeb0333ceb0e0a60107ce37aa1b329e7837f9497a1114c211db5293c76bc46,43.4
3316,0xa30d8157911ef23c46c0eb71889efe6a648a41f7,1513243597,0x41ba2e6528eb71c31e94656760d7b04d9496fa4f,0x6d220ee485026f3eb02642c3f16d9a9ea73d0efb226fd451d82c26963a558253,10.98
3317,0xa30d8157911ef23c46c0eb71889efe6a648a41f7,1513243741,0x705d1319ae946a9c87a3eca86171e958eee8ae65,0x1f0026204c792c3f9836f903767014e0560d332a43d10d3bd8e4e7e1df4b99da,1.0
3318,0xa30d8157911ef23c46c0eb71889efe6a648a41f7,1513243741,0x75198be59711735e7443b0209d8bd030a5206dc8,0x4b1e3b843ba33c82875e9343ec69737f19d0f45d9425879f4539295bde11d920,209.0
3319,0xa30d8157911ef23c46c0eb71889efe6a648a41f7,1513243794,0x71ecc80e5b66276ad72b88cd9558e1a7dac415b7,0x7a547654f178518664ded7163bfa7a69cebf1d9be17822ef3a368e1968304353,24.26
3320,0xa30d8157911ef23c46c0eb71889efe6a648a41f7,1513243846,0xd939bfe42ed10ec5d7398f288641a8799ac667ae,0xe9a280c241fb057cb000ff20ab12737393a9c9eeb81a0bf8e0e56b3a1849ae31,8.8
3321,0xa30d8157911ef23c46c0eb71889efe6a648a41f7,1513243846,0xd10c7abc7dd0e2cc30a6eda9a2fc868cb244c8b9,0x34f1d3ca9c8fec31071453ef6088bf4ddcb4d8edad4026a55bdeb1217021ac0b,287.0
3322,0xa30d8157911ef23c46c0eb71889efe6a648a41f7,1513243853,0x705d1319ae946a9c87a3eca86171e958eee8ae65,0x1a0cada69ee253205cb8daf2ee28709c0c4309d31795041668ac09405f5a4217,300.0
3323,0xa30d8157911ef23c46c0eb71889efe6a648a41f7,1513243876,0x86fa049857e0209aa7d9e616f7eb3b3b78ecfdb0,0x3cce1384885ccfa60eb5a53d809d7f71f6d713793dfaa8eb410df97267ce01cf,0.0
3324,0xa30d8157911ef23c46c0eb71889efe6a648a41f7,1513243926,0xb73d6ce872449ab775ad67b7e463798c47ff7d6b,0xd3071f08489a83b3994d2580d01735ae52244c6d822fb61b5e6938af4a13d741,0.02
3325,0xa30d8157911ef23c46c0eb71889efe6a648a41f7,1513243950,0x7fb8522de2e6a110f7a9a23ec0ab7f8e9f411b1e,0xdf0984995e03aa03b323e2d257a212227dac847b103437fa2f368eb9fa0adbb8,0.9983
3326,0xa30d8157911ef23c46c0eb71889efe6a648a41f7,1513244067,0xba8f356f2f597157c2f9375f26752beceeba5b4e,0xeef67996780a2314c11f4c9c894cb94bedc78666983b1346c5d675cb8d856822,10.0
3327,0xa30d8157911ef23c46c0eb71889efe6a648a41f7,1513244107,0x86fa049857e0209aa7d9e616f7eb3b3b78ecfdb0,0x6b9a6fce3059e1166af4e27ba5e1fef541bfe5bc40f5d2d5757c1008f455bb56,0.0
3328,0xa30d8157911ef23c46c0eb71889efe6a648a41f7,1513244233,0xa05911cdbf266ef81386f60ad03f826cccb42bf1,0x06c38f51036345bc407d6cc906a89bce94f381a300b0b969b8170a970a57d6aa,37.1
3329,0xa30d8157911ef23c46c0eb71889efe6a648a41f7,1513244246,0x7d7b20072ffb3901f2d2ef517ba307aa35d4e10b,0xde20c944196f63b357d5a3f2b222f8585ccebb65e35aa4f3166ed3320dcb9da0,599.9900000000001
3330,0xa30d8157911ef23c46c0eb71889efe6a648a41f7,1513244282,0x70bdb3e8a59d81ae83053497b6dab0031462e615,0x38e11022d35f6c29462f246b6aabc35203a2bc1ca25e4bc5e8ca6a8b5595fcab,22.2
3331,0xa30d8157911ef23c46c0eb71889efe6a648a41f7,1513244285,0x60804c0e2660465a5db937d391be3dff48f2a380,0xd0eabfb79842a4c2d7d443f02a064b9f34c0678d9b4aaa8edf75df8540834ba8,10.99
3332,0xa30d8157911ef23c46c0eb71889efe6a648a41f7,1513244285,0x86fa049857e0209aa7d9e616f7eb3b3b78ecfdb0,0x4b6f37c65a398be482e3fedbcc6ed032f507a7f1c29f77597e650b2b9fa7efd1,0.0
3333,0xa30d8157911ef23c46c0eb71889efe6a648a41f7,1513244321,0xdf725d5ba8276bc24d30951b4cedd11bf8923140,0xfdb1ea7e7f6a2e728fe2fdfab6b0df155910377e39236aae921691fd0575dcd7,5.1
3334,0xa30d8157911ef23c46c0eb71889efe6a648a41f7,1513244346,0x86fa049857e0209aa7d9e616f7eb3b3b78ecfdb0,0x7444b11fdfffc3fe78606db4c0c53fd479b22a74a26a4b153a8879a32a915250,0.0
3335,0xa30d8157911ef23c46c0eb71889efe6a648a41f7,1513244376,0x70bdb3e8a59d81ae83053497b6dab0031462e615,0xe29afb010e8a8737ff35c53301f5bc02c6ee225071f28d1dd7eb8db72bac9be2,20.0
3336,0xa30d8157911ef23c46c0eb71889efe6a648a41f7,1513244447,0x744d70fdbe2ba4cf95131626614a1763df805b9e,0xd39db726b9b1ab133e5477767812479a385019c7ba8844f8dbd27e1f25c46c6f,0.0
3337,0xa30d8157911ef23c46c0eb71889efe6a648a41f7,1513244602,0xd26114cd6ee289accf82350c8d8487fedb8a0c07,0x564d2c7182f0dc92c68561a69ea290dbdab8b591c6e92af14737094c772c5783,0.0
3338,0xa30d8157911ef23c46c0eb71889efe6a648a41f7,1513244621,0x7ce0a106e42bf6703c69b89e0eb091d154191bbf,0xf65681fcfb7b168ce1472ba41a77a3f6570cd582da994b4384ce4ca877b47afa,50.0
3339,0xa30d8157911ef23c46c0eb71889efe6a648a41f7,1513244628,0x25d31c022f6317491e269a836d16129532093fca,0x44fd3f2faecfae640ab7f0e3438af8b473fec3372b248fb39cc2484596fb7a92,42.0
3340,0xa30d8157911ef23c46c0eb71889efe6a648a41f7,1513244648,0xe66ffae74c627321c77753a97f6707458f056b9c,0x57863852a1c1b96fe8af807055c7f5504c0b6c55a72c77b5949c818a560fec84,19.99
3341,0xa30d8157911ef23c46c0eb71889efe6a648a41f7,1513244893,0x86fa049857e0209aa7d9e616f7eb3b3b78ecfdb0,0x3b2c0803ce31fd2ce0261fe425fae4f7f20b6f82d581b2025b13036d5cf55a25,0.0
3342,0xa30d8157911ef23c46c0eb71889efe6a648a41f7,1513244915,0x8a301875880e3441fccff5eac294d7eeba042be1,0x713629381d556c8add89cfca8dcb75b8993b244ade30a6f19fa7983ad7a41fc5,1.99
3343,0xa30d8157911ef23c46c0eb71889efe6a648a41f7,1513244976,0x59a6379db1dac60caa241ec5d38ed868e39fd370,0xf67e6a4ba94ff9ccf932131d28605dd54d8adc8ef76cf539b9b16f90c1da40a6,1.98
3344,0xa30d8157911ef23c46c0eb71889efe6a648a41f7,1513244994,0x4516755f620ed23eb22ac49d793769a8158a7888,0x2537dda7bc47baa5a3da41b912f5177154d26e4352ab2f37642afdf9bb9cdee8,12.98
3345,0xa30d8157911ef23c46c0eb71889efe6a648a41f7,1513245128,0x86fa049857e0209aa7d9e616f7eb3b3b78ecfdb0,0x543ab018484cb336d8254dc1d6dffae7d5963b74ca6338aeff45f34be727b308,0.0
3346,0xa30d8157911ef23c46c0eb71889efe6a648a41f7,1513245159,0xac8420bd1326eee377f771c5f3be7d45711f4e79,0xa48e1fcc206a88d15540dd162d864e02b0c5dff1bbf446ed31b10eaaedeaec0b,2.0
3347,0xa30d8157911ef23c46c0eb71889efe6a648a41f7,1513245202,0x86fa049857e0209aa7d9e616f7eb3b3b78ecfdb0,0x761d8592186db75040106e02e21ff709db24542bb21d232e2da3fea375014242,0.0
3348,0xa30d8157911ef23c46c0eb71889efe6a648a41f7,1513245247,0xa42d8e521702827a74b91fce309c847d010d3253,0xcb94f1330ec87d82bfd961dc18ee9e4dc9a010651a5e34522ef3b5d224f1238a,1.1142
3349,0xa30d8157911ef23c46c0eb71889efe6a648a41f7,1513245286,0x86fa049857e0209aa7d9e616f7eb3b3b78ecfdb0,0x3af4718962867796fd8d9e532f29f3f06248e507ad8659102b60a46a82a7d51b,0.0
3350,0xa30d8157911ef23c46c0eb71889efe6a648a41f7,1513245406,0x6d5c09bcdd3eb4338af878d0b33a89ae0c0bf9f1,0x5f6a49422a594953b8ef419d578d5646fd59a9f16eaa6c6c4cf1dbd2912650a6,59.43390695
3351,0xa30d8157911ef23c46c0eb71889efe6a648a41f7,1513245432,0x28dff3109ebbd075c2548d8216feeadae70902a2,0xc6e250f849e37e5d9fb25f53372544a55ed073e5f1153dbd7c20fe3d76e4f3b0,2.3
3352,0xa30d8157911ef23c46c0eb71889efe6a648a41f7,1513245470,0x7c4d45c8791b272180c0c499f0c5c6e4ae31e4e9,0xb8ead9aeab9a4d057dbbdea3c6067da2a41b647ceed324b29a176d2fc573c3a2,18.85
3353,0xa30d8157911ef23c46c0eb71889efe6a648a41f7,1513245470,0x7ba2c47deb8ed18c201e3f37a54ce1cd987cbc5b,0x9cb9c0c52dddcb9e379abb8ea8b2ff60b38999f12199a8635bc9e9c98af5b61d,9.8
3354,0xa30d8157911ef23c46c0eb71889efe6a648a41f7,1513245576,0xb00942b76dd9ff40f600bed8266fd6e21be2cd65,0x2fd591c7f8f5fc2b0dccfabe4e8c4ea3ef7903f913087d9b4919355528917f39,0.7253
3355,0xa30d8157911ef23c46c0eb71889efe6a648a41f7,1513245626,0x6a36492fd141fe6d631b7f1d9d37943583d752eb,0x4f4c0b141a9a52c7f340a5b51fb6e9688bf06403c74a3e32e3f16b5b807b66c3,10.0
3356,0xa30d8157911ef23c46c0eb71889efe6a648a41f7,1513245783,0x86fa049857e0209aa7d9e616f7eb3b3b78ecfdb0,0x334c1eb623bfd6f8c7d62da51081f7acf4544e1f9ace8d77c31b599f278538be,0.0
3357,0xa30d8157911ef23c46c0eb71889efe6a648a41f7,1513245880,0x98266782501f7b2915c577a08d5b2008e7d7ad2a,0xc7e9f3320b2d121a76fd19b033939de4e17f5ea709be925c75ba3037598b6833,13.9
3358,0xa30d8157911ef23c46c0eb71889efe6a648a41f7,1513245921,0xdb063d4606fa7335cd54fcb82ee49cbbaa3539c7,0x9b2f5f80e4580a8ab5cd049654a740b5e8594a6aa6aded8e0c69e5af4060e292,9.9
3359,0xa30d8157911ef23c46c0eb71889efe6a648a41f7,1513245946,0x07d54118f98d07fe77c0ffffccfbc97b806a87c7,0xbdc610ea1256e75e6227bf7b0696e2341883fa2ad058b992b42eb346d1e475b1,19.0
3360,0xa30d8157911ef23c46c0eb71889efe6a648a41f7,1513245960,0x86fa049857e0209aa7d9e616f7eb3b3b78ecfdb0,0x8d99e7009e42c675bb221e9d2f34fc14e8859f5ed96350d1d6eece605c2b89f8,0.0
3361,0xa30d8157911ef23c46c0eb71889efe6a648a41f7,1513245960,0x3454319ba898f7ee3ab45409e1b415e8c16aca3a,0x86b3b65b227df5333e307dae89cad8ec75dac525a1202f2bb09e715b04cfd817,2.0
3362,0xa30d8157911ef23c46c0eb71889efe6a648a41f7,1513246024,0x1c70bc8ec44bedc12fe37b8a67b90f775d2ab9c8,0xaa1439c076c9acd53022d5b265f8f76a46df948e39da84541747ed6bb665e61e,6.0
3363,0xa30d8157911ef23c46c0eb71889efe6a648a41f7,1513246043,0x094cee0acd54c74ef6b09813b65a7a14c94c4bc6,0x13d1d760c580c9c0f8d61c9eb3be83c69f1c2dfbe9d82b3b5d4fbf2d61bcb6f1,142.6
3364,0xa30d8157911ef23c46c0eb71889efe6a648a41f7,1513246043,0x86fa049857e0209aa7d9e616f7eb3b3b78ecfdb0,0x80f146a72e9102e324e3ff250989d00da67d96e88ca584c4c39f886a2bfa33c5,0.0
3365,0xa30d8157911ef23c46c0eb71889efe6a648a41f7,1513246120,0xb5c38af7f3506a473d0df35ce8c0ef0886a0e570,0xfbd36656ee5691d725bd3bc7e8db0ba84e5f1b31866630e6f46eb59ddc719f7f,3.1346
3366,0xa30d8157911ef23c46c0eb71889efe6a648a41f7,1513246190,0x86fa049857e0209aa7d9e616f7eb3b3b78ecfdb0,0xb9c69c0ab260e67efb523e9cbfde941b12b685cffc7742f1357366dfe630275e,0.0
3367,0xa30d8157911ef23c46c0eb71889efe6a648a41f7,1513246222,0x93aeb9f53b361b68e8ffabc5f7691fdde75405f0,0xe9f352a1515afc9c7316cfaff2fc414f918af46751115cf7dfde7b415a553f6d,13.0
3368,0xa30d8157911ef23c46c0eb71889efe6a648a41f7,1513246437,0x455c9e5e743125592a6d308db9c0d1fada4f1d91,0x99a1be1274c652e67a4e044c2f74d36cdd44d4c096b968d5d9e2876016f4d863,2.44
3369,0xa30d8157911ef23c46c0eb71889efe6a648a41f7,1513246496,0x86fa049857e0209aa7d9e616f7eb3b3b78ecfdb0,0x1152fed54c3f011af51d96cdb408243dd4a0d313d2fb6cec15d3f0f4207dc7c5,0.0
3370,0xa30d8157911ef23c46c0eb71889efe6a648a41f7,1513246586,0x5b065dbd51d6ab508df672ce0fdd8358e817b637,0x14687371cbe8e76f08bda9839c167c255370f3920ec1f5f1b07ba860da2e2c46,0.0827951
3371,0xa30d8157911ef23c46c0eb71889efe6a648a41f7,1513246634,0x86fa049857e0209aa7d9e616f7eb3b3b78ecfdb0,0xf5d7d32a4b9afa086f3bbace939462c866c0b886121f7d1ced56d275063dca84,0.0
3372,0xa30d8157911ef23c46c0eb71889efe6a648a41f7,1513246784,0x3f2b75fe8349c01bfd616b79dc9a0df80f1805b1,0x3abf78af38491d88f37c6ccc123e3a06ac706fb2ee5d8f8bf126ce50e9b90eae,5.5
3373,0xa30d8157911ef23c46c0eb71889efe6a648a41f7,1513246815,0xb63b606ac810a52cca15e44bb630fd42d8d1d83d,0x11fa031a3731aa6b16839aec3cbf5765e3d1b61ab0dce1c80fe3c6ffce15e2d4,0.0
3374,0xa30d8157911ef23c46c0eb71889efe6a648a41f7,1513246937,0x86fa049857e0209aa7d9e616f7eb3b3b78ecfdb0,0x7dbdba6b85de618637209180cbb4e59c730f0517053675b97a89ceca1ce6a40a,0.0
3375,0xa30d8157911ef23c46c0eb71889efe6a648a41f7,1513246942,0x5ba3ea6f4a7ac658378dca1eae2c7fb20028f20b,0x6940457eaf79336ad1232fd5ffee92742c1b2248d93d84e27eb2e0efde33755f,8.4
3376,0xa30d8157911ef23c46c0eb71889efe6a648a41f7,1513247191,0x86fa049857e0209aa7d9e616f7eb3b3b78ecfdb0,0x2d64571482865d48585fba294dcd868ba41934b4451c300f051548e2e504d2ea,0.0
3377,0xa30d8157911ef23c46c0eb71889efe6a648a41f7,1513247289,0x86fa049857e0209aa7d9e616f7eb3b3b78ecfdb0,0x1fe96c9f930e5501f27564987ef968afea814935c21df3acb85bca37a5787ca5,0.0
3378,0xa30d8157911ef23c46c0eb71889efe6a648a41f7,1513247353,0xbc3aabb27d62ec6e3125e9ba25295c3847faefc3,0xeeef60b0cd645813ec499207ec2f66ad8a4df4027fe66aa46f520c0dd765a7ad,1.0
3379,0xa30d8157911ef23c46c0eb71889efe6a648a41f7,1513247366,0x86fa049857e0209aa7d9e616f7eb3b3b78ecfdb0,0x9b67812f9cbe046f4b666c82987e4aca977132d4feef8f5d323716daf5edae42,0.0
3380,0xa30d8157911ef23c46c0eb71889efe6a648a41f7,1513247366,0xe0b7927c4af23765cb51314a0e0521a9645f0e2a,0x29372365c93b7584c3971a67e5744cffa7a473bf17d9812562df102703284a1e,0.0
3381,0xa30d8157911ef23c46c0eb71889efe6a648a41f7,1513247417,0xda8c3777d4bc95323169e65be11d4b468daaa3a0,0x76a9535e796ef390ffa6642b383bfd6c30d875eda337b528d11c3e428da295f3,1.98
3382,0xa30d8157911ef23c46c0eb71889efe6a648a41f7,1513247417,0x86fa049857e0209aa7d9e616f7eb3b3b78ecfdb0,0x47c071d0800b83d596da5cb96592168ace884b6464c91f8f618b6b6f916c1004,0.0
3383,0xa30d8157911ef23c46c0eb71889efe6a648a41f7,1513247532,0xb63b606ac810a52cca15e44bb630fd42d8d1d83d,0x244725f61860cf5ff03512e731d250d508c6142a9ba476bad839608c2294626d,0.0
3384,0xa30d8157911ef23c46c0eb71889efe6a648a41f7,1513247664,0xe0b7927c4af23765cb51314a0e0521a9645f0e2a,0x2b52045d9e3badbc52293e9c60346610d53778f69c5371a7be978215e9df6601,0.0
3385,0xa30d8157911ef23c46c0eb71889efe6a648a41f7,1513247679,0xf7920b0768ecb20a123fac32311d07d193381d6f,0x074262de256e70c3beae1ffa763bf4b3d9af55dcd3c46accfff1f601ca369be9,0.0
3386,0xa30d8157911ef23c46c0eb71889efe6a648a41f7,1513247767,0xe0b7927c4af23765cb51314a0e0521a9645f0e2a,0x7eb4d03692c6f68bda66392b84576b5de00c9f632405b71df7fec065da24a107,0.0
3387,0xa30d8157911ef23c46c0eb71889efe6a648a41f7,1513247967,0x49b9fb057020c6aa0dcb1f68e3ceb2bcdea23c0e,0x3af4b8f8707c35fcceb97ae88d326539be2b27d752a1c18df6385e025f8fc178,12.1
3388,0xa30d8157911ef23c46c0eb71889efe6a648a41f7,1513248220,0x86fa049857e0209aa7d9e616f7eb3b3b78ecfdb0,0x9ac53dd7c9dd2deb8585f814afff05d7049b38797bc6ef16f86397d3f34de18a,0.0
3389,0xa30d8157911ef23c46c0eb71889efe6a648a41f7,1513248695,0x513728350d0a17fbfa637f3bafc4f9fda9f90af2,0xde219d70fc272c2ab1c9159e89253690e37cc0a3969d0d4b86f7178666ba1576,9.39
3390,0xa30d8157911ef23c46c0eb71889efe6a648a41f7,1513248710,0x192d1c98091f4a6a29b4e067275a7d27a892b30e,0xc09b9fc2d24d4c2af4aedb578a2403181fcb574b4677248e9f67afd169e0e0f0,27.4
3391,0xa30d8157911ef23c46c0eb71889efe6a648a41f7,1513248780,0x86fa049857e0209aa7d9e616f7eb3b3b78ecfdb0,0x9dfc05f271c441dc970b82fbd843617fd0888e00258fcd789213d61819e8625c,0.0
3392,0xa30d8157911ef23c46c0eb71889efe6a648a41f7,1513248826,0xb63b606ac810a52cca15e44bb630fd42d8d1d83d,0xdad18cc90f62af125438590019eb66378298d6647f05889490db9d761434813a,0.0
3393,0xa30d8157911ef23c46c0eb71889efe6a648a41f7,1513249141,0x86fa049857e0209aa7d9e616f7eb3b3b78ecfdb0,0x95fb42155aed551a3a2dd48fc5457f3eb9f07fce3a2b95793743c2d70d6adecd,0.0
3394,0xa30d8157911ef23c46c0eb71889efe6a648a41f7,1513249160,0x86fa049857e0209aa7d9e616f7eb3b3b78ecfdb0,0x20807e3b9a30efec49bcc988b7f6ccd0d94a9db8b7b84cd53c9bbadaf9df6dc0,0.0
3395,0xa30d8157911ef23c46c0eb71889efe6a648a41f7,1513249556,0x6183a6d0bef218e9285b8366d5f2fe197ebaf7d2,0x7b37030ecc9d6ee514ff3b6e317a7b398ab2444d50308a24ff0aeb77f1dbcd1c,17.05
3396,0xa30d8157911ef23c46c0eb71889efe6a648a41f7,1513249603,0x86fa049857e0209aa7d9e616f7eb3b3b78ecfdb0,0x28f80e108f036504ddc78432dcef533cc8cac7085ef5d14dfa48a15b610c0ba1,0.0
3397,0xa30d8157911ef23c46c0eb71889efe6a648a41f7,1513249693,0xaf513a85ff547321295f2c3c988b3144deaa10bf,0x0186c070bbc2604cae057401096e0f0c2cc1d581cd4972aff2c97ebb96d28b4e,1.0
3398,0xa30d8157911ef23c46c0eb71889efe6a648a41f7,1513249712,0x7b8b632cdd9741b997162f7fea757011a90f44a0,0xd420a78c338691142612d822ca872c4ffd5e048a1990eea80d2233bcd5e17aaa,3.0
3399,0xa30d8157911ef23c46c0eb71889efe6a648a41f7,1513249908,0xcb97e65f07da24d46bcdd078ebebd7c6e6e3d750,0x36cf0ced144a1d9ebfb09dd3b512bf3d472c5ac3eab7f596113a1a7234030611,0.0
3400,0xa30d8157911ef23c46c0eb71889efe6a648a41f7,1513249969,0x0f5d2fb29fb7d3cfee444a200298f468908cc942,0x61ed22a835250bef038018d0d50b81cf32eb1ae193ca6582f5e4396d4e168287,0.0
3401,0xa30d8157911ef23c46c0eb71889efe6a648a41f7,1513250189,0x86fa049857e0209aa7d9e616f7eb3b3b78ecfdb0,0x4ab9a8aa5ca977cbd4ed1ea4e1a2de08e4728537211c05b70c3b15852efeb82d,0.0
3402,0xa30d8157911ef23c46c0eb71889efe6a648a41f7,1513250291,0x86fa049857e0209aa7d9e616f7eb3b3b78ecfdb0,0x7254bb03160208204e5f035b6cdf8ac5fcf28154de1f5a6627c89f64c1c33d66,0.0
3403,0xa30d8157911ef23c46c0eb71889efe6a648a41f7,1513250395,0x6183a6d0bef218e9285b8366d5f2fe197ebaf7d2,0x076f51d6be0147ac97da280509e8e68dead9c23669a0cb430e78fe0bba692d46,20.63
3404,0xa30d8157911ef23c46c0eb71889efe6a648a41f7,1513250436,0x86fa049857e0209aa7d9e616f7eb3b3b78ecfdb0,0x77df4c370a1d88e8001f86cac2c2df8d7cf7301f843880016cccb4e4a694b085,0.0
3405,0xa30d8157911ef23c46c0eb71889efe6a648a41f7,1513250584,0x25f0b8373d22bd517bf79933e248f0221e5f6f0d,0x89ae7c1bf7f45373eb0dfeeaadc749055e3ff7cbdf326e66262b4f0ad91ac35e,1.0
3406,0xa30d8157911ef23c46c0eb71889efe6a648a41f7,1513250668,0x744d70fdbe2ba4cf95131626614a1763df805b9e,0x5cbc9542888593edcc5ac936fe06e6d89c0e5c7f349560884f432f331e14ae79,0.0
3407,0xa30d8157911ef23c46c0eb71889efe6a648a41f7,1513250717,0xf82ed9bd02daf0ced403dc48964eade71443054b,0xd823a6d5d94cdcf36e7d9ed70c2d938304ed03f9923146de132daf1eb583c696,6.0
3408,0xa30d8157911ef23c46c0eb71889efe6a648a41f7,1513250750,0x0d8775f648430679a709e98d2b0cb6250d2887ef,0xdf31862887372bc9c54b20164ff7c9798c93ab90b8facb813f5f6cd333e0cfa2,0.0
3409,0xa30d8157911ef23c46c0eb71889efe6a648a41f7,1513250774,0xc7368d45b9f65504d453993a5157f607ba9f3cbf,0xa2df8d188078f702557ab467bd26c13508077aa20a22161e06d93f92625885a8,0.3
3410,0xa30d8157911ef23c46c0eb71889efe6a648a41f7,1513250789,0x25f0b8373d22bd517bf79933e248f0221e5f6f0d,0xad2452acb301802265f0deee22e38ad9e6a2038a3302f529e3a86c1c2c35d393,4.94
3411,0xa30d8157911ef23c46c0eb71889efe6a648a41f7,1513250885,0x86fa049857e0209aa7d9e616f7eb3b3b78ecfdb0,0xbc5a52c7d156b123bd441b82b1649fc284862be9fbc29cc09a90d59d095554e6,0.0
3412,0xa30d8157911ef23c46c0eb71889efe6a648a41f7,1513250935,0x86fa049857e0209aa7d9e616f7eb3b3b78ecfdb0,0xdcb65e9316dbeac4ca643b2de1c03b63195bf308c16465a9e123b69844584ecf,0.0
3413,0xa30d8157911ef23c46c0eb71889efe6a648a41f7,1513251300,0xa33eab9693b0962cfd3e41f9c6ee8fa6ecb5c25a,0xe3c5eed0c4c46196dfd6675ed79b0ce28569aa3a42592ac524fe03fd132c9c4b,2.5
3414,0xa30d8157911ef23c46c0eb71889efe6a648a41f7,1513251323,0x86fa049857e0209aa7d9e616f7eb3b3b78ecfdb0,0xa0d80d974138affa68c3b940d2d2fcc7058b439c5c505c908c6223bd63e2167c,0.0
3415,0xa30d8157911ef23c46c0eb71889efe6a648a41f7,1513251348,0x02b8cab59082b14ef4940c4806674de704be55c5,0x76738e1374db64679f0a4e9b31a42982b2ad60a848fb52e1a83b418200a77f97,2.0
3416,0xa30d8157911ef23c46c0eb71889efe6a648a41f7,1513251578,0x86fa049857e0209aa7d9e616f7eb3b3b78ecfdb0,0x304e3b4d101b4e93ee04eee7e26203f8208ec50befa8e0b583e2fb65015a3ecc,0.0
3417,0xa30d8157911ef23c46c0eb71889efe6a648a41f7,1513251754,0x86fa049857e0209aa7d9e616f7eb3b3b78ecfdb0,0x886a859ae854c3c821c2285de21e7d14eb645306414d4616ade8f6efc7959590,0.0
3418,0xa30d8157911ef23c46c0eb71889efe6a648a41f7,1513252055,0x13e1a82bde1901cb3d71407bfb3893c5343e8b04,0x4a87bf45d37f449cd52f4098a1ba3b824ffce1d465acccb6df5e9f02b737249f,5.0
3419,0xa30d8157911ef23c46c0eb71889efe6a648a41f7,1513252200,0xb083af6ec3e4ad766346773d40d2ed48ba7be540,0x2a2516ff0a0e5decdd2496aa55dd9b7e52b2e3bde9b8f8789cd097b2e5725823,4.309
3420,0xa30d8157911ef23c46c0eb71889efe6a648a41f7,1513252293,0xd2bca7a25e2812e20f613acedadd6284efbeb0f3,0x4f6d7e588578f552ed312e1db97c7a791e35ebd6ec7477b08adbce47e7342a42,5.8
3421,0xa30d8157911ef23c46c0eb71889efe6a648a41f7,1513252319,0xd0cf19b92ce6377fb616b6bf542d8d65af7446a6,0xe6bb3f52370a3c9c7bbe58ac3a750649e81f909ef6a95b31654bda955622dbbd,50.0
3422,0xa30d8157911ef23c46c0eb71889efe6a648a41f7,1513252367,0x97d5cef5589bef75146f75e535ebdc4e66fa75c4,0x26c062dcc5ab040a55036a7687b515ecb2f3ba2cd25ff7b0b162f96b90ab5425,0.1
3423,0xa30d8157911ef23c46c0eb71889efe6a648a41f7,1513252750,0x86fa049857e0209aa7d9e616f7eb3b3b78ecfdb0,0x4d41731c1cc8636178646d7bfa4c3742ca103d4515702da2efe6e5cd51639802,0.0
3424,0xa30d8157911ef23c46c0eb71889efe6a648a41f7,1513252852,0x86fa049857e0209aa7d9e616f7eb3b3b78ecfdb0,0x009188d15b62e16f2e1d156debec09684aa598f50f77dc7cf7c847b8edd6acb7,0.0
3425,0xa30d8157911ef23c46c0eb71889efe6a648a41f7,1513252944,0x16ebcd38821bf216e340de2e6441faf7317ffb1c,0xdff991ff8a6bd7798f1836efe3c5d6104b5d2d84acc066bb4113f0a68e5c4704,5.0
3426,0xa30d8157911ef23c46c0eb71889efe6a648a41f7,1513253066,0xf7920b0768ecb20a123fac32311d07d193381d6f,0x3867c36e732278a5a2394ffa1acaae115531655178db6bcbfe6594b1850154a5,0.0
3427,0xa30d8157911ef23c46c0eb71889efe6a648a41f7,1513253110,0x86fa049857e0209aa7d9e616f7eb3b3b78ecfdb0,0xee6808077cd7c80ed86e8d49c446b1482822218ef6093df1752a69d25769d1a8,0.0
3428,0xa30d8157911ef23c46c0eb71889efe6a648a41f7,1513253216,0x86fa049857e0209aa7d9e616f7eb3b3b78ecfdb0,0x96a9cb966ac179e4c7d573640e1f985c1357d3efe0de5893b99f13fad5dd672a,0.0
3429,0xa30d8157911ef23c46c0eb71889efe6a648a41f7,1513253244,0xb97048628db6b661d4c2aa833e95dbe1a905b280,0xb5aa9343ae54cf8902901cf42c9d7b4dbb53eba76ed482c921e7b7d4c885ecc8,0.0
3430,0xa30d8157911ef23c46c0eb71889efe6a648a41f7,1513253715,0x86fa049857e0209aa7d9e616f7eb3b3b78ecfdb0,0x8c483326f7463ad556805779e12426dcd660a4506ca8e01bc02ea570d2569318,0.0
3431,0xa30d8157911ef23c46c0eb71889efe6a648a41f7,1513253772,0x86fa049857e0209aa7d9e616f7eb3b3b78ecfdb0,0x25907ce2c12b85943b03ad741581f19af76963999854fc27a9fa60ab68d45de4,0.0
3432,0xa30d8157911ef23c46c0eb71889efe6a648a41f7,1513253929,0x177d39ac676ed1c67a2b268ad7f1e58826e5b0af,0x327484db6f2fa422b048eedf46845940099e4969616fb87e09bb87977177cc82,0.0
3433,0xa30d8157911ef23c46c0eb71889efe6a648a41f7,1513254088,0x86fa049857e0209aa7d9e616f7eb3b3b78ecfdb0,0xf983058c83e9add2bece04a840ff0ae7be6e53ce927f33e7a86e4af10822cdb4,0.0
3434,0xa30d8157911ef23c46c0eb71889efe6a648a41f7,1513254148,0xf7920b0768ecb20a123fac32311d07d193381d6f,0xb57aa821e3ae8f94c1540840b744b3b8319dd2630e0308e9af4e641d94dffabf,0.0
3435,0xa30d8157911ef23c46c0eb71889efe6a648a41f7,1513254254,0x86fa049857e0209aa7d9e616f7eb3b3b78ecfdb0,0x8613be3cbf072198cef5db9bee4f45fa21babc3778f8241538953fa47e19da75,0.0
3436,0xa30d8157911ef23c46c0eb71889efe6a648a41f7,1513254270,0x86fa049857e0209aa7d9e616f7eb3b3b78ecfdb0,0xd448a94e6ebc7dd720eaa697092c52c1647223d802b87e24509acd173445eb4c,0.0
3437,0xa30d8157911ef23c46c0eb71889efe6a648a41f7,1513254429,0xb707a964c028da5d1aee0e5be1552e77e6f0dbbd,0x7b14144e6aca311db64cc69430b7f68bcd520e00ccaec73015f7b43be16bf13b,0.05
3438,0xa30d8157911ef23c46c0eb71889efe6a648a41f7,1513254585,0xb63b606ac810a52cca15e44bb630fd42d8d1d83d,0x21c1e0e080881ddb8091a87cab5da63586e008052ff99523e479542314acc913,0.0
3439,0xa30d8157911ef23c46c0eb71889efe6a648a41f7,1513254616,0x214fee6b8e9a61facd9022edf2fa8b06066aa2df,0xec1d8f2f5b1c32c5458916042ab830fc652af7eebab03d7bf24b6918f4c821bf,68.0
3440,0xa30d8157911ef23c46c0eb71889efe6a648a41f7,1513254683,0x86fa049857e0209aa7d9e616f7eb3b3b78ecfdb0,0x39f7110b9cd64203defc86dbaad16acfe663f61437a6508cb91db66b9be3be80,0.0
3441,0xa30d8157911ef23c46c0eb71889efe6a648a41f7,1513254720,0x86fa049857e0209aa7d9e616f7eb3b3b78ecfdb0,0x519cb95d7d423120ba82763f0a011af44f6e52be2631465d78550cbab17b1718,0.0
3442,0x17bc58b788808dab201a9a90817ff3c168bf3d61,1513254757,0xa30d8157911ef23c46c0eb71889efe6a648a41f7,0x668c1d63ab00aa7d13150c205bb3f667e0512579d309f0e6af7a7b013b0d8389,0.0
3443,0xa30d8157911ef23c46c0eb71889efe6a648a41f7,1513254851,0xd850942ef8811f2a866692a623011bde52a462c1,0x78bd12123c840bca52b2719e19c62de1ce75eaa2011385918154f61eae8480a6,0.0
3444,0xa30d8157911ef23c46c0eb71889efe6a648a41f7,1513255244,0xb63b606ac810a52cca15e44bb630fd42d8d1d83d,0x758d767063f569ad3ae4a407d1fd957019434e4c9ef634457dfc76b894146ff5,0.0
3445,0xa30d8157911ef23c46c0eb71889efe6a648a41f7,1513255383,0xb97048628db6b661d4c2aa833e95dbe1a905b280,0x70070aff5bea16d9759d0763350cefd726f1b0acd6b489e8f01250c7379462d9,0.0
3446,0xa30d8157911ef23c46c0eb71889efe6a648a41f7,1513255460,0xd26114cd6ee289accf82350c8d8487fedb8a0c07,0x66705f3908b47da7e8115b039ceea1daa5d6ccd0044fadd1fcfa85a17db83cbb,0.0
3447,0xa30d8157911ef23c46c0eb71889efe6a648a41f7,1513255528,0x86fa049857e0209aa7d9e616f7eb3b3b78ecfdb0,0x9a69978bf460a06556f5207684a3f279b683af2f5959459bc30cff8036feec8e,0.0
3448,0x17bc58b788808dab201a9a90817ff3c168bf3d61,1513255528,0xa30d8157911ef23c46c0eb71889efe6a648a41f7,0x2d58b2601d82aacfa1790f7562fa02b78286b615a7737540ed072c72d11003f4,0.0
3449,0xa30d8157911ef23c46c0eb71889efe6a648a41f7,1513255598,0x86fa049857e0209aa7d9e616f7eb3b3b78ecfdb0,0x36c04d7c7c06281005e762eaec1cca71787f8d1dd69c9290fac63c9f251e415b,0.0
3450,0x17bc58b788808dab201a9a90817ff3c168bf3d61,1513256098,0xa30d8157911ef23c46c0eb71889efe6a648a41f7,0x53ce2ab1fcb2b48c97e5be73dca9d29b846c7f96b417379e06475695b8651f17,0.0
3451,0xa30d8157911ef23c46c0eb71889efe6a648a41f7,1513256098,0x177d39ac676ed1c67a2b268ad7f1e58826e5b0af,0xfd6027c5aefff3056a9ce53b50c083585818b6e4e12a22898260eb93ca4e3730,0.0
3452,0x17bc58b788808dab201a9a90817ff3c168bf3d61,1513256290,0xa30d8157911ef23c46c0eb71889efe6a648a41f7,0x841d7ad86dae5579f2dddb722e22678a9d5517ce6a2e62efae9b014748bc3a94,529.984444267117
3453,0xa30d8157911ef23c46c0eb71889efe6a648a41f7,1513256333,0x442bc47357919446eabc18c7211e57a13d983469,0xb1be1a53a1e298f4b49ed2385bb126b7f71a2c6a56a187afd3b88652076b98e3,0.0
3454,0xa30d8157911ef23c46c0eb71889efe6a648a41f7,1513256333,0x442bc47357919446eabc18c7211e57a13d983469,0x7186b063ed087f08f7455bcdd117996a574167d12b58026c206aa9f5d9a869b6,0.0
3455,0xa30d8157911ef23c46c0eb71889efe6a648a41f7,1513256333,0x442bc47357919446eabc18c7211e57a13d983469,0x94bb1662bd3ef84a48871d4ec327e6a4b9fb9d5b708b05454a81ecef9cbe2569,0.0
3456,0xa30d8157911ef23c46c0eb71889efe6a648a41f7,1513256352,0x442bc47357919446eabc18c7211e57a13d983469,0x80200ddf158c47535d08cb34832d2ac24ffca589d52d4596c22fed1b117ddce0,0.0
3457,0xa30d8157911ef23c46c0eb71889efe6a648a41f7,1513256352,0x442bc47357919446eabc18c7211e57a13d983469,0xf271377140d0ba4ed1ab6609512ffdc98388125fbf2867ae38d5732a8ab19aeb,0.0
3458,0xa30d8157911ef23c46c0eb71889efe6a648a41f7,1513256352,0x442bc47357919446eabc18c7211e57a13d983469,0xcdcae17adb35d6f6c1faac0999040cfac3c55f5f7268df04dc1365115a3eb4d5,0.0
3459,0xa30d8157911ef23c46c0eb71889efe6a648a41f7,1513256352,0x442bc47357919446eabc18c7211e57a13d983469,0xf3152c893d24123fa163262e97a2eb43ffeff401013f639294343d861a4cc1d5,0.0
3460,0xa30d8157911ef23c46c0eb71889efe6a648a41f7,1513256367,0x442bc47357919446eabc18c7211e57a13d983469,0xb4acfac3a3e46c090ef60e2500e9f1b1e2c834b35b4c49121e0c5a6c7fbd1156,0.0
3461,0xa30d8157911ef23c46c0eb71889efe6a648a41f7,1513256367,0x442bc47357919446eabc18c7211e57a13d983469,0xd6220cb8b71adefbd28888d8a31a4fc5b20c0ca5db062f54b20608fd6b42a5fd,0.0
3462,0xa30d8157911ef23c46c0eb71889efe6a648a41f7,1513256367,0x442bc47357919446eabc18c7211e57a13d983469,0x3778791695da6a13d1c4ddb73d5511cc6e178db9edd9173aea1eec90cbd1df8e,0.0
3463,0xa30d8157911ef23c46c0eb71889efe6a648a41f7,1513256367,0x442bc47357919446eabc18c7211e57a13d983469,0x32ac3c54f6f053bfa5eac9d1dd981bcaf2f003e48fb50d57939bd01c3dcd7e3f,0.0
3464,0xa30d8157911ef23c46c0eb71889efe6a648a41f7,1513256367,0x442bc47357919446eabc18c7211e57a13d983469,0xf5d07bcfcf9ba2afaa12c749ec0d43afeb104b4d1f38acd35dd6b519a7f92625,0.0
3465,0xa30d8157911ef23c46c0eb71889efe6a648a41f7,1513256367,0x442bc47357919446eabc18c7211e57a13d983469,0x98559a25a8e3b276098ff55b9afa2a62677b4e1542f251b0ed6813105cb704f7,0.0
3466,0xa30d8157911ef23c46c0eb71889efe6a648a41f7,1513256367,0x442bc47357919446eabc18c7211e57a13d983469,0xdcc7c62547b316e4f2c423803e06e4f20d374509e7fefc5c9fa1ee5d41a2e6ab,0.0
3467,0xa30d8157911ef23c46c0eb71889efe6a648a41f7,1513256367,0x442bc47357919446eabc18c7211e57a13d983469,0x55d73f4129cd634f7e72f21e60e8de3415b9764efc2fb61e6937b8a28252cf1c,0.0
3468,0xa30d8157911ef23c46c0eb71889efe6a648a41f7,1513256367,0x442bc47357919446eabc18c7211e57a13d983469,0xeb3b9f970b0337df9a089a100eaf4b6711fb772ce50075b5dca92e6f611391f9,0.0
3469,0xa30d8157911ef23c46c0eb71889efe6a648a41f7,1513256367,0x442bc47357919446eabc18c7211e57a13d983469,0x95a98765c71752c32c985e614b041e0da2fffae6e3c4abe8140f810d2a70ec61,0.0
3470,0xa30d8157911ef23c46c0eb71889efe6a648a41f7,1513256367,0x442bc47357919446eabc18c7211e57a13d983469,0x732a214b4b666fa5f0e20096b215190b4d5813c79169894a2683613228ab1a38,0.0
3471,0xa30d8157911ef23c46c0eb71889efe6a648a41f7,1513256367,0x442bc47357919446eabc18c7211e57a13d983469,0xc10f74b98873badb289304b0df783422ea504b30ed6140851545951bb4aaab74,0.0
3472,0xa30d8157911ef23c46c0eb71889efe6a648a41f7,1513256367,0x442bc47357919446eabc18c7211e57a13d983469,0x41cd76c97ef55ca2b8fec39b2e28272097c29124f7ff9cc355ec18e2a4564822,0.0
3473,0xa30d8157911ef23c46c0eb71889efe6a648a41f7,1513256367,0x442bc47357919446eabc18c7211e57a13d983469,0xe39ffcd1aa893d61981b7fa7b63166a48ef5987c07b424d5befebe2aa95f8ebf,0.0
3474,0xa30d8157911ef23c46c0eb71889efe6a648a41f7,1513256367,0x442bc47357919446eabc18c7211e57a13d983469,0x0a0a091f1aebf0df9a6a93d177756cfc2a21e2b84f287b8c666d05e74cf775b3,0.0
3475,0xa30d8157911ef23c46c0eb71889efe6a648a41f7,1513256367,0x442bc47357919446eabc18c7211e57a13d983469,0x79f07cff87c5d1d9ea402f0d35c661e0e92e545c2b2802f0867f36ad31672728,0.0
3476,0xa30d8157911ef23c46c0eb71889efe6a648a41f7,1513256367,0x442bc47357919446eabc18c7211e57a13d983469,0x85b461aa46b01fd453a31cf5f8e2e1ba258cbd329c35742d2b4f0979a646300a,0.0
3477,0xa30d8157911ef23c46c0eb71889efe6a648a41f7,1513256367,0x442bc47357919446eabc18c7211e57a13d983469,0xd12416d5a9a96105432bc63ce5adf6d37bf1cd02fe6c876535acc7f89a62852f,0.0
3478,0xa30d8157911ef23c46c0eb71889efe6a648a41f7,1513256367,0x442bc47357919446eabc18c7211e57a13d983469,0x8ade12270f96e335928b4050001e1513839642ff22da259f7b7bfa3561652ecb,0.0
3479,0xa30d8157911ef23c46c0eb71889efe6a648a41f7,1513256367,0x442bc47357919446eabc18c7211e57a13d983469,0x9892a360db02399104f50ddac0e7a15b98fe76267ef488dcea673ad6a273c640,0.0
3480,0xa30d8157911ef23c46c0eb71889efe6a648a41f7,1513256453,0xb2dcec2f7af2cef130b0474b17415f461759b7a4,0x615484ed6d22f97a48819768f7a998731e394dc834426c9cf4333f42f4f87c8a,1.8
3481,0xa30d8157911ef23c46c0eb71889efe6a648a41f7,1513256555,0x514910771af9ca656af840dff83e8264ecf986ca,0x70e8d1a9d44fe2bf44d293be50957bf3afb4ce3af4bf721db3b5baeeacaa8e46,0.0
3482,0xa30d8157911ef23c46c0eb71889efe6a648a41f7,1513256601,0x63983210165b9212274bc110efd3855c71584ae3,0xe6e45afeb616d3fa8941f3faa75d54923afec890ce7df46055a2dc103d124f59,1.01
3483,0xa30d8157911ef23c46c0eb71889efe6a648a41f7,1513256633,0xe41d2489571d322189246dafa5ebde1f4699f498,0xca1178dc3ce90060a20294eb6c6803b14c0865093ae9784454080479b0642b6e,0.0
3484,0xa30d8157911ef23c46c0eb71889efe6a648a41f7,1513256819,0xa05911cdbf266ef81386f60ad03f826cccb42bf1,0xf8f2d0cbc4e1c180dd5889b8133bc1e8d5f0af309031e7330f7cc8b79436ebe8,50.1
3485,0x17bc58b788808dab201a9a90817ff3c168bf3d61,1513256819,0xa30d8157911ef23c46c0eb71889efe6a648a41f7,0x641ac5ea5747e2b4a7afee786bec31d2dd75d4f32d03149af37a2f4299df7cd3,0.0
3486,0xa30d8157911ef23c46c0eb71889efe6a648a41f7,1513257126,0x442bc47357919446eabc18c7211e57a13d983469,0xf4cf09463c297bc35920cbcac2876513f2ed491a874457a421097251232f93ff,0.0
3487,0xa30d8157911ef23c46c0eb71889efe6a648a41f7,1513257143,0xe0b7927c4af23765cb51314a0e0521a9645f0e2a,0x2ebef619d0400b32417f43af5faeb5c09c401c859bb1d784311ca4f08fb09c30,0.0
3488,0xa30d8157911ef23c46c0eb71889efe6a648a41f7,1513257185,0x86fa049857e0209aa7d9e616f7eb3b3b78ecfdb0,0xde83b7a4995977c0a365dc22380ca681f2acf1cb790a7f68823e6e1a562df87f,0.0
3489,0x17bc58b788808dab201a9a90817ff3c168bf3d61,1513257346,0xa30d8157911ef23c46c0eb71889efe6a648a41f7,0x44bc874ce5eab2c5a57ce604acd1548913d6dabc0e9353716b4a9117a73d8fb1,0.0
3490,0xa30d8157911ef23c46c0eb71889efe6a648a41f7,1513257378,0x4b0123cc4a40f62c4db98987b51a2dc5862c2cdd,0x518c0998a9847b8b655d7ca0ef2ad2f6a4e08807e327f40d167e43368ddbaa22,5.0
3491,0xa30d8157911ef23c46c0eb71889efe6a648a41f7,1513257472,0xf7920b0768ecb20a123fac32311d07d193381d6f,0x01fef62b4acc4ff90eff8b35ccfc38b9cc381a35ef9b0579b2be908b75fc3ec1,0.0
3492,0xa30d8157911ef23c46c0eb71889efe6a648a41f7,1513257570,0x86fa049857e0209aa7d9e616f7eb3b3b78ecfdb0,0x772a4cd4695ddd98874bdc8a606e76115fdd6c1f14bdf43ceac9bffea7c9c00e,0.0
3493,0xa30d8157911ef23c46c0eb71889efe6a648a41f7,1513257695,0x86fa049857e0209aa7d9e616f7eb3b3b78ecfdb0,0x02267620aa39cf9edede3813b6f4d2247263403ccf3a2e5a3915b6655b43c148,0.0
3494,0xa30d8157911ef23c46c0eb71889efe6a648a41f7,1513257732,0x86fa049857e0209aa7d9e616f7eb3b3b78ecfdb0,0x2e3520c9045f73dcd78ea90f3e6d2200b87499a459e346471f1a64ef8b97a328,0.0
3495,0x17bc58b788808dab201a9a90817ff3c168bf3d61,1513257808,0xa30d8157911ef23c46c0eb71889efe6a648a41f7,0xc6a0aa5c1fb722e48812955f53b0d20ab7817f11ffd9c81801d0647c94f03930,0.0
3496,0x17bc58b788808dab201a9a90817ff3c168bf3d61,1513258101,0xa30d8157911ef23c46c0eb71889efe6a648a41f7,0x67fd4307f4b6db6b164a989e039daab8e1096575f182a551c699b4645c85375b,0.0
3497,0xa30d8157911ef23c46c0eb71889efe6a648a41f7,1513258221,0x86fa049857e0209aa7d9e616f7eb3b3b78ecfdb0,0x4e4d29dcac89de6401c938bd24e3fe48d66effd1866a7e51ef4f22d775ffc886,0.0
3498,0xa30d8157911ef23c46c0eb71889efe6a648a41f7,1513258288,0x86fa049857e0209aa7d9e616f7eb3b3b78ecfdb0,0x477c2d63d9c48c9e3c375821ccc7051d8f456b6a113634dd8fd5a71eedb25f22,0.0
3499,0xa30d8157911ef23c46c0eb71889efe6a648a41f7,1513258374,0x0ef37b3e729feb84249bf069b55d1d617141b9fa,0x2b6498fdf497409b34160c5b71a4ac75741aa2c42001b28b8836b4b8b556bd72,30.01
3500,0xa30d8157911ef23c46c0eb71889efe6a648a41f7,1513258748,0x86fa049857e0209aa7d9e616f7eb3b3b78ecfdb0,0xd70e53a3b6125834f0892295670dba8c24396b49d7565d6b201779c903ba2fd8,0.0
3501,0xa30d8157911ef23c46c0eb71889efe6a648a41f7,1513258917,0x744d70fdbe2ba4cf95131626614a1763df805b9e,0x09646c6b39d9d76598fd99d1283c1a3fbe801c7bf640e238fb2c78c2b3ae2462,0.0
3502,0xa30d8157911ef23c46c0eb71889efe6a648a41f7,1513259125,0xcb97e65f07da24d46bcdd078ebebd7c6e6e3d750,0x4ade6ecae814dba58099d9ed1477bbd1e7d066a63b40dece0c00b6f049fcfd92,0.0
3503,0xa30d8157911ef23c46c0eb71889efe6a648a41f7,1513259293,0x4290563c2d7c255b5eec87f2d3bd10389f991d68,0xa9f6a49f29ff595ef08e4aef3e49431983acb2aaf37930c69daec885bc6f29b9,0.0
3504,0xa30d8157911ef23c46c0eb71889efe6a648a41f7,1513259445,0x242f20589e3aa594d5014a58501f376861984f65,0x2c0fe638398d04b628025534af85fd451139676ddec828fac019f7487ef466c2,5.6
3505,0xa30d8157911ef23c46c0eb71889efe6a648a41f7,1513259615,0x0f5d2fb29fb7d3cfee444a200298f468908cc942,0xfd5af0e0e0b4c8e63e680d8c2fc2b7a2b707e957e5ffebbeb63d8d9740312a09,0.0
3506,0xa30d8157911ef23c46c0eb71889efe6a648a41f7,1513259722,0x86fa049857e0209aa7d9e616f7eb3b3b78ecfdb0,0x5fdf4cf2a034db64f3c271307832cf2b27ad12b575051400ef0121395bae2dc7,0.0
3507,0xa30d8157911ef23c46c0eb71889efe6a648a41f7,1513259739,0x86fa049857e0209aa7d9e616f7eb3b3b78ecfdb0,0xd028e6eccc66030388e621f4ccd589a50e808a3a064e7500afda56df082b6f85,0.0
3508,0x17bc58b788808dab201a9a90817ff3c168bf3d61,1513259749,0xa30d8157911ef23c46c0eb71889efe6a648a41f7,0x04687e0a1bd8c0c84a17d9872445bd1eef05185c81c441a185e9ce2a6d9eab61,0.0
3509,0xa30d8157911ef23c46c0eb71889efe6a648a41f7,1513259892,0xf7920b0768ecb20a123fac32311d07d193381d6f,0x946dab082d7eefce09a35a5d7ce74c503dc2c44fea01e6bd2d4ac16c78b27b9f,0.0
3510,0x17bc58b788808dab201a9a90817ff3c168bf3d61,1513259993,0xa30d8157911ef23c46c0eb71889efe6a648a41f7,0x9f0e26feb99b4325d9ede53f9ccac5e64c9a426e9016c300c2acc8ede384df61,0.0
3511,0x17bc58b788808dab201a9a90817ff3c168bf3d61,1513260160,0xa30d8157911ef23c46c0eb71889efe6a648a41f7,0xe421e99f3337411e6831c6950de47a3d3168c0caa7364a2ec924986ece27d80c,0.0
3512,0xa30d8157911ef23c46c0eb71889efe6a648a41f7,1513260273,0x846003ab19f5f72e63bf087aa86da32e06209d6a,0xfbe6d94ced4cbdde379597bb410352e27c31ef177318cdeb7dc42d7d684f000e,5.0
3513,0xa30d8157911ef23c46c0eb71889efe6a648a41f7,1513260307,0x86fa049857e0209aa7d9e616f7eb3b3b78ecfdb0,0x606965703f73dd8a3411424a465ada2519f939c6bc2b01e3d1cdf15985afe33a,0.0
3514,0xa30d8157911ef23c46c0eb71889efe6a648a41f7,1513260331,0x86fa049857e0209aa7d9e616f7eb3b3b78ecfdb0,0x7703875e21440b419aeae8a266911b8dbab5b957814ec7ce445cf0380b9f71e4,0.0
3515,0xa30d8157911ef23c46c0eb71889efe6a648a41f7,1513260581,0x86fa049857e0209aa7d9e616f7eb3b3b78ecfdb0,0xc4d30095449bab2e81475997e40a38ca3f77d92be81c1d01ef31948b8b0d5af2,0.0
3516,0xa30d8157911ef23c46c0eb71889efe6a648a41f7,1513260581,0x86fa049857e0209aa7d9e616f7eb3b3b78ecfdb0,0x957155d863e7a30799bf31a70da0fe8841c016bfcf2d92fe0a6d96d6a6522cb3,0.0
3517,0xa30d8157911ef23c46c0eb71889efe6a648a41f7,1513260643,0x86fa049857e0209aa7d9e616f7eb3b3b78ecfdb0,0xcb1a33c7d3acb2782f600588c7ca319336c74aed51fcfcaf816c04ea433a487f,0.0
3518,0xa30d8157911ef23c46c0eb71889efe6a648a41f7,1513260696,0x86fa049857e0209aa7d9e616f7eb3b3b78ecfdb0,0x6c35d5e1c8360a200b11ed8b04ebf9f6a6b8bb8dc08d03b8ddea9febdcc36793,0.0
3519,0xa30d8157911ef23c46c0eb71889efe6a648a41f7,1513260733,0x86fa049857e0209aa7d9e616f7eb3b3b78ecfdb0,0x1088302a4af53a451a45fc7cfc6936cb01611bddc73a1599b42219575cfe251d,0.0
3520,0xa30d8157911ef23c46c0eb71889efe6a648a41f7,1513260755,0x86fa049857e0209aa7d9e616f7eb3b3b78ecfdb0,0x84eb6cc00ae00a68fbcdd305c4c830cba4ccbc5c4730f12516562418f668061e,0.0
3521,0x17bc58b788808dab201a9a90817ff3c168bf3d61,1513260880,0xa30d8157911ef23c46c0eb71889efe6a648a41f7,0x0541a2fab29f6d0d017f4f5753534e3c05d9482553587ba1964a02c9eedc3ca2,529.984444267117
3522,0xa30d8157911ef23c46c0eb71889efe6a648a41f7,1513260944,0x0dff0617fbb72a6bb70d624010f8896b9b52160a,0x1c7ca504cad26a6f5a581384422af66ec309649b93f9c295f0eb21dd863f3ae9,0.0282
3523,0x17bc58b788808dab201a9a90817ff3c168bf3d61,1513261057,0xa30d8157911ef23c46c0eb71889efe6a648a41f7,0xe857f4612759779a8af9aebf3ff6cbeb9df05e67a224401e1e3c07d90a61e8e9,0.0
3524,0xa30d8157911ef23c46c0eb71889efe6a648a41f7,1513261077,0x177d39ac676ed1c67a2b268ad7f1e58826e5b0af,0xc61bd6461415a9654c62dc2d51d2c4780cd9eacfdb6054a2219bd13170a45380,0.0
3525,0xa30d8157911ef23c46c0eb71889efe6a648a41f7,1513261223,0x86fa049857e0209aa7d9e616f7eb3b3b78ecfdb0,0x5d770b0e9360240cd283eafac7f1e7f26ab18029de27e392912721d519366425,0.0
3526,0xa30d8157911ef23c46c0eb71889efe6a648a41f7,1513261306,0x2fb2d01bd6683cd83dcffba02d1a53ee91571ebe,0x8efa322cbdcffea0886912f4f5d183ab58755dbfaf304f9cb5a85765c00d5864,0.3808
3527,0xa30d8157911ef23c46c0eb71889efe6a648a41f7,1513261464,0x0f5d2fb29fb7d3cfee444a200298f468908cc942,0x440e657d57b5feba0f4d5ae014f3a55c91d1f04705fa25a0566a02829a3e4500,0.0
3528,0xa30d8157911ef23c46c0eb71889efe6a648a41f7,1513261559,0x86fa049857e0209aa7d9e616f7eb3b3b78ecfdb0,0x59239d2f124cb8a613ce8d3647b2ac46052481ef25bed33d37bd898da5262a7b,0.0
3529,0xa30d8157911ef23c46c0eb71889efe6a648a41f7,1513261651,0x86fa049857e0209aa7d9e616f7eb3b3b78ecfdb0,0x2eec48dae401a29fc8b5bb8bdfa97fc94a42f14f06ec9ba0c024aff161eda8b0,0.0
3530,0xa30d8157911ef23c46c0eb71889efe6a648a41f7,1513261715,0x86fa049857e0209aa7d9e616f7eb3b3b78ecfdb0,0xbb209be265eaeb7b574fe2d0dbf086abfc53a53894d4bed28664bc77640c7679,0.0
3531,0xa30d8157911ef23c46c0eb71889efe6a648a41f7,1513261779,0x0f5d2fb29fb7d3cfee444a200298f468908cc942,0xf7cc5051699ba899eaae8a1a3b0d33eddd94d1bfeb6a76a6a337d5d1c26ec78c,0.0
3532,0xa30d8157911ef23c46c0eb71889efe6a648a41f7,1513261793,0xa3d4fbb8b0ab11bcf431b10396dccdb62bf933ce,0x3d45b3394ab2fdbc76a6e1f17351fac95dae4cec121363076721bd002acf9227,0.2
3533,0xa30d8157911ef23c46c0eb71889efe6a648a41f7,1513261814,0x442bc47357919446eabc18c7211e57a13d983469,0x3971c0e0fa3663e2aacdba5105f243837884af7258e88a5aa4bf05ce19b8bdf4,0.0
3534,0xa30d8157911ef23c46c0eb71889efe6a648a41f7,1513261900,0x86fa049857e0209aa7d9e616f7eb3b3b78ecfdb0,0xcbc2463d168327a884d0e4da6e9a3ff92d361b4724b7818e89f7254f3aed7ac0,0.0
3535,0xa30d8157911ef23c46c0eb71889efe6a648a41f7,1513262061,0x86fa049857e0209aa7d9e616f7eb3b3b78ecfdb0,0xa6283f6b0e093d2ea7d8e1d10a4a8484cffcdc9e6dadc7332f7dd476ce3205d1,0.0
3536,0xa30d8157911ef23c46c0eb71889efe6a648a41f7,1513262097,0x0f5d2fb29fb7d3cfee444a200298f468908cc942,0x1a5ce09ae12f1bf84cb30fd213e2a176744954f5e2fbac2e0b7fcfd3b093dac7,0.0
3537,0xa30d8157911ef23c46c0eb71889efe6a648a41f7,1513262119,0x86fa049857e0209aa7d9e616f7eb3b3b78ecfdb0,0x31e6e87a191834eedab850ddf1787928aeeab3e7a864fc466a4cbe34ed36d8af,0.0
3538,0xa30d8157911ef23c46c0eb71889efe6a648a41f7,1513262170,0xd850942ef8811f2a866692a623011bde52a462c1,0xf5dbafd2c2c8c49de6d58736fe4f37ee312c711d51b79d8f3e11bdf85aebe602,0.0
3539,0xa30d8157911ef23c46c0eb71889efe6a648a41f7,1513262253,0xb63b606ac810a52cca15e44bb630fd42d8d1d83d,0x90faf2a2ec91fac50522eb6101f5266c92806c341650e464815e66c6ad5d56eb,0.0
3540,0xa30d8157911ef23c46c0eb71889efe6a648a41f7,1513262322,0xaf30d2a7e90d7dc361c8c4585e9bb7d2f6f15bc7,0x4f9c62d4fb68857c495622b7a78f208f9eb358f034112546b03c04f23172f8da,0.0
3541,0xa30d8157911ef23c46c0eb71889efe6a648a41f7,1513262428,0x86fa049857e0209aa7d9e616f7eb3b3b78ecfdb0,0x07e40e352dc1ec487a9b5e33c79b0c2da3612b36a8f42e7b57d5855eb4096d17,0.0
3542,0xa30d8157911ef23c46c0eb71889efe6a648a41f7,1513262460,0x86fa049857e0209aa7d9e616f7eb3b3b78ecfdb0,0x32db4bbc8d81f9960dfde33d455fc18ded5ea265bb1dfc3f6e7c7e67baa8fc9f,0.0
3543,0xa30d8157911ef23c46c0eb71889efe6a648a41f7,1513263050,0x86fa049857e0209aa7d9e616f7eb3b3b78ecfdb0,0x6f22feea27d1bbfb4d6276650f05db90b040098f5df3b65a1c0e2363d9604c83,0.0
3544,0xa30d8157911ef23c46c0eb71889efe6a648a41f7,1513263219,0x86fa049857e0209aa7d9e616f7eb3b3b78ecfdb0,0x17ece1838e054aa356dc7b591c02628773a50eb305acb11588ebd668457ef0fe,0.0
3545,0xa30d8157911ef23c46c0eb71889efe6a648a41f7,1513263326,0x86fa049857e0209aa7d9e616f7eb3b3b78ecfdb0,0x77a6c818c8a845b19215d922bebee951e8b6bca4a021c072cdbac971d9a6935d,0.0
3546,0xa30d8157911ef23c46c0eb71889efe6a648a41f7,1513263326,0x86fa049857e0209aa7d9e616f7eb3b3b78ecfdb0,0xeb3153fc23de4702f82c2da47b5786c090292aa86c8cde8d38e7b056c73ae397,0.0
3547,0xa30d8157911ef23c46c0eb71889efe6a648a41f7,1513263476,0x846003ab19f5f72e63bf087aa86da32e06209d6a,0xf5f484646c23ceb861b68039eed6c0556bc5b02a79dafcb4c2ee030dd04f9aea,15.0
3548,0xa30d8157911ef23c46c0eb71889efe6a648a41f7,1513263522,0x86fa049857e0209aa7d9e616f7eb3b3b78ecfdb0,0xa5c94011e298c36bb452048d19558de346b0999c2fbdb3620a493c020374b470,0.0
3549,0xa30d8157911ef23c46c0eb71889efe6a648a41f7,1513263561,0x0503eae4f8d991cb8b5272c68780063beca2bb33,0x9c349821df3769f6595f7ba1270dc05ba3c84614b1c50022b3509cb679c19d6b,2.4348
3550,0xa30d8157911ef23c46c0eb71889efe6a648a41f7,1513263666,0x86fa049857e0209aa7d9e616f7eb3b3b78ecfdb0,0x953229038d3d122c927fdc44b01dd84e848e7dac0eea067fd0394f098de29284,0.0
3551,0xa30d8157911ef23c46c0eb71889efe6a648a41f7,1513263751,0x86fa049857e0209aa7d9e616f7eb3b3b78ecfdb0,0x54c4d11ce28b828478d2a274f0194881cc372f8d3e1e37918fd1860dcffdd44e,0.0
3552,0xa30d8157911ef23c46c0eb71889efe6a648a41f7,1513263886,0x86fa049857e0209aa7d9e616f7eb3b3b78ecfdb0,0x0ea4e843e57f8998233f9ee1e8ce4753295bc3700481b3986f765cb0dada0dde,0.0
3553,0xa30d8157911ef23c46c0eb71889efe6a648a41f7,1513264062,0x86fa049857e0209aa7d9e616f7eb3b3b78ecfdb0,0xc88c63efb21053b5c1eaf2527e702a23e55d650b0c69fe0c08c65f17d7a94a1f,0.0
3554,0xa30d8157911ef23c46c0eb71889efe6a648a41f7,1513264218,0x86fa049857e0209aa7d9e616f7eb3b3b78ecfdb0,0x1f49db50c46ef8041838f7c06f87aec126b34b72be740373b337613f7dd9e531,0.0
3555,0xa30d8157911ef23c46c0eb71889efe6a648a41f7,1513264303,0x609ebed0e62e467b724f3fda9a7a2301fbf54eb5,0x432b54d856d4eacee19bb5544cb3285e5bdf9b719607d275042008a53fff6dac,5.0
3556,0xa30d8157911ef23c46c0eb71889efe6a648a41f7,1513264449,0x3b0d0bedb56a50f5d19c272b4866429b0da0315e,0xf8e176fdc90666e0d44888753b15797b6c091cb808595ec90bd419b61ef72631,6.79
3557,0xa30d8157911ef23c46c0eb71889efe6a648a41f7,1513264551,0x86fa049857e0209aa7d9e616f7eb3b3b78ecfdb0,0x46a9bbef9dace4042f9d7cc171324e95b8b1990566817a13b13be8ae35bb121d,0.0
3558,0xa30d8157911ef23c46c0eb71889efe6a648a41f7,1513264688,0xf7920b0768ecb20a123fac32311d07d193381d6f,0xba195f82544593652df2971569746957a490eb67e6efce1911edb7209a32bc21,0.0
3559,0xa30d8157911ef23c46c0eb71889efe6a648a41f7,1513264821,0x0f5d2fb29fb7d3cfee444a200298f468908cc942,0xbd59929771015782aa6a97c044f3727d0fa6d721741362cba2b26a6891cdb7dc,0.0
3560,0xa30d8157911ef23c46c0eb71889efe6a648a41f7,1513264837,0x86fa049857e0209aa7d9e616f7eb3b3b78ecfdb0,0x5b0d17a15d935517613bd156c40037460c2edfbb50180fb927007b654eef65bb,0.0
3561,0xa30d8157911ef23c46c0eb71889efe6a648a41f7,1513264845,0xb63b606ac810a52cca15e44bb630fd42d8d1d83d,0xeea82ab04556e4305dd877544844a16a1d99b37e3c46c6cb9070dca99d7b2b37,0.0
3562,0xa30d8157911ef23c46c0eb71889efe6a648a41f7,1513265161,0xdfd9ad726ae5604167fffd964b07abab8689727a,0x20df330a8e7cfdc2fb70e8aca5af559c17c490680cba4e64c14d82ec188945cc,0.05
3563,0xa30d8157911ef23c46c0eb71889efe6a648a41f7,1513265280,0x8676916315d73046d2ae3eb39ba16fcd0fb42dd7,0xc31cf92573d502409aa2fcfde4ad059ca3adae4faeea92a3240c1e28dd8015c8,0.026000000000000002
3564,0xa30d8157911ef23c46c0eb71889efe6a648a41f7,1513265280,0xaff6a4a1df519f1a0c0e7dd7d669451675c4ea30,0x863c6a962d43a316c2cb76d94983d4afbbe56f7a2bfa37cd492d6df11a6e6ddb,0.015
3565,0xa30d8157911ef23c46c0eb71889efe6a648a41f7,1513265357,0xb85c0477f74d82cf33b9432ba117f8f962794ce4,0x5499bbec5ac113e50dda9712553e5e74d394420f3667799d85bd824d8ee03e1d,0.01
3566,0xa30d8157911ef23c46c0eb71889efe6a648a41f7,1513265557,0x86fa049857e0209aa7d9e616f7eb3b3b78ecfdb0,0x5ffc631befe39c2e54450f022544edf225f44a50f2f33aacb3f9fa26c177222b,0.0
3567,0xa30d8157911ef23c46c0eb71889efe6a648a41f7,1513265686,0x86fa049857e0209aa7d9e616f7eb3b3b78ecfdb0,0xbf5972c6d8544233a0af2f3459bdba8e227f498c6b96f8a7bdfde8eb7bc40739,0.0
3568,0xa30d8157911ef23c46c0eb71889efe6a648a41f7,1513265838,0x177d39ac676ed1c67a2b268ad7f1e58826e5b0af,0x7189d9a5d21f9569dfc808086cfd9ebe0b4360751f2400d3d46d30a56be7e962,0.0
3569,0xa30d8157911ef23c46c0eb71889efe6a648a41f7,1513266088,0xe41d2489571d322189246dafa5ebde1f4699f498,0xf9e338b0bf3e4f87d6da87462a6589e56eba3fe2aca58f7af044b5b48c45738a,0.0
3570,0xa30d8157911ef23c46c0eb71889efe6a648a41f7,1513266699,0xb3abd92828beea2387ce40e065be4743a663cde8,0x81e6272afac9e025bd721a863d6b3eb326c77e893ece028264667f9313a90edb,5.4
3571,0x17bc58b788808dab201a9a90817ff3c168bf3d61,1513266816,0xa30d8157911ef23c46c0eb71889efe6a648a41f7,0xa8925044d454050e9f1a680c3555e6b04d587d7bfe4b484c1fcd7c47ef8ded15,0.0
3572,0xa30d8157911ef23c46c0eb71889efe6a648a41f7,1513266885,0x744d70fdbe2ba4cf95131626614a1763df805b9e,0xd1e64837dad8c89ae89fa1f28be30f34565c6d2e2ac2777545cc6e13bb16e91b,0.0
3573,0xa30d8157911ef23c46c0eb71889efe6a648a41f7,1513266959,0x86fa049857e0209aa7d9e616f7eb3b3b78ecfdb0,0xdf75e83ee828661f47f8b6f7a97cf5951cd6d19b9dea2f53e5cf6eda6925857b,0.0
3574,0xa30d8157911ef23c46c0eb71889efe6a648a41f7,1513266994,0x685b98c7ff31f165e2b73513ed12b04037e70960,0xfeb65dea5a7d559537f4cb375029d51233d67acbe76813475d201ddf0e4e858b,3.4221
3575,0xa30d8157911ef23c46c0eb71889efe6a648a41f7,1513267071,0xafa077e2e045c85f3b52faa0205c1207d8c6213e,0xc638ede01a05a632ea0b76995e82570a682e6143050cff4db8ff3d5cbfb51634,1.0041
3576,0xa30d8157911ef23c46c0eb71889efe6a648a41f7,1513267127,0x0f5d2fb29fb7d3cfee444a200298f468908cc942,0x15eba506607093dd5d85e1f6374deb33f551a0343b646e6f277ac875a65c2788,0.0
3577,0xa30d8157911ef23c46c0eb71889efe6a648a41f7,1513267185,0xaf30d2a7e90d7dc361c8c4585e9bb7d2f6f15bc7,0x3120767ca4905d36a9c4e06ba8f136a8ec57c7c121a6369e711bfb56cadd2bc8,0.0
3578,0xa30d8157911ef23c46c0eb71889efe6a648a41f7,1513267249,0x0f5d2fb29fb7d3cfee444a200298f468908cc942,0xeb0f50572b3d852dc142c68d509bfc4fb4d1c936b0f08b375b40a4da236c9a81,0.0
3579,0xa30d8157911ef23c46c0eb71889efe6a648a41f7,1513267263,0x442bc47357919446eabc18c7211e57a13d983469,0x7a2417cc507932973b068cf251729387d341d84f37a0bc3aabbd6abd281e7cf9,0.0
3580,0x17bc58b788808dab201a9a90817ff3c168bf3d61,1513267335,0xa30d8157911ef23c46c0eb71889efe6a648a41f7,0x3865a08c872d802eba8c16ecf9ef6c47912263af78f00df47058d020c3e06816,0.0
3581,0xa30d8157911ef23c46c0eb71889efe6a648a41f7,1513267335,0x86fa049857e0209aa7d9e616f7eb3b3b78ecfdb0,0x4a329437d8fa48fc8c060b6088f4fd72b9d458fd44964b49fa84c7bea729445d,0.0
3582,0xa30d8157911ef23c46c0eb71889efe6a648a41f7,1513267353,0x0f5d2fb29fb7d3cfee444a200298f468908cc942,0x4664e917c5097078c9d1ba6452d0f7ae7f823b2d387437edbf9b35aa08116d59,0.0
3583,0xa30d8157911ef23c46c0eb71889efe6a648a41f7,1513267541,0x0f5d2fb29fb7d3cfee444a200298f468908cc942,0xdea59d87001e40f070ce346d21da44e912b2ef6788303db89b04c65fa1065f36,0.0
3584,0xa30d8157911ef23c46c0eb71889efe6a648a41f7,1513267561,0x86fa049857e0209aa7d9e616f7eb3b3b78ecfdb0,0xf236bd5b9f224605800eedb49749dcf23cdc99e18adb9d6518b63582f5284bac,0.0
3585,0xa30d8157911ef23c46c0eb71889efe6a648a41f7,1513268811,0x0f5d2fb29fb7d3cfee444a200298f468908cc942,0xccc1073b05e211d4446ffa0bcc380949c8daccf40c2df9a108200186fd79f531,0.0
3586,0xa30d8157911ef23c46c0eb71889efe6a648a41f7,1513268988,0x442bc47357919446eabc18c7211e57a13d983469,0xbc5ee0c22e393336a6c4ef14eb7fcc287e34c7c5dd3634d5e0187fb3e98d581b,0.0
3587,0xa30d8157911ef23c46c0eb71889efe6a648a41f7,1513269014,0xb63b606ac810a52cca15e44bb630fd42d8d1d83d,0x0beafd74e995a5c95bf750e8b64c2bb0da42e569ddee1f03b44af13427abfa39,0.0
3588,0xa30d8157911ef23c46c0eb71889efe6a648a41f7,1513269185,0x0f5d2fb29fb7d3cfee444a200298f468908cc942,0x4b703e28ddee94eece6b96be370cae9617a05a4d1ff8723eb5ddfdef54c3c04d,0.0
3589,0xa30d8157911ef23c46c0eb71889efe6a648a41f7,1513269302,0xb63b606ac810a52cca15e44bb630fd42d8d1d83d,0xe2b82ca4ba8c45f0708967577bd4efa154bcebe9fc6f922507605737ecae04f9,0.0
3590,0xa30d8157911ef23c46c0eb71889efe6a648a41f7,1513269738,0x86fa049857e0209aa7d9e616f7eb3b3b78ecfdb0,0xd09877296d01af3a942ad580d99d74d6e0b6fe767836d527f2413a545ed7d7ff,0.0
3591,0xa30d8157911ef23c46c0eb71889efe6a648a41f7,1513269754,0x0f5d2fb29fb7d3cfee444a200298f468908cc942,0x51f877c24342c7d07a66f2777dc8bec54012924b70cf1037bc8529da3f05277e,0.0
3592,0xa30d8157911ef23c46c0eb71889efe6a648a41f7,1513269916,0x19ba24c63d6c7abe5cbc687052a7a03563acb543,0xc29849bacc511008acc07f0f4b0a48103ca0d7027a63bfce416cff30887b7e6d,5.4
3593,0xa30d8157911ef23c46c0eb71889efe6a648a41f7,1513269958,0x0f5d2fb29fb7d3cfee444a200298f468908cc942,0x8cf4ae8501aa10b446f40ff4ed8db2b7faf223ac8ed9f477d31cdadff6bf243f,0.0
3594,0xa30d8157911ef23c46c0eb71889efe6a648a41f7,1513270149,0x156ef9ba370149570dd6184ffe8e6b054184c864,0x26d0362c57045f6a7dece6ec13c6ed8949530ceb1657538e1a34be0ded5c57e0,2.1
3595,0xa30d8157911ef23c46c0eb71889efe6a648a41f7,1513270545,0xe0b7927c4af23765cb51314a0e0521a9645f0e2a,0x40092cf3a177ae995946d3b6034920b230b546bff5bd1933b71a2f41338d81fe,0.0
3596,0xa30d8157911ef23c46c0eb71889efe6a648a41f7,1513270782,0x86fa049857e0209aa7d9e616f7eb3b3b78ecfdb0,0x71ed63eb6ad49eaddaf77488b6b039e1a2a0c3fe99be35e2aab130b0f000584c,0.0
3597,0xa30d8157911ef23c46c0eb71889efe6a648a41f7,1513271854,0xaf30d2a7e90d7dc361c8c4585e9bb7d2f6f15bc7,0xacaa096e688bd8f2d90d53c3efd635f808acb79dce41cd77a417bbd0277ee5c8,0.0
3598,0xa30d8157911ef23c46c0eb71889efe6a648a41f7,1513272721,0xb63b606ac810a52cca15e44bb630fd42d8d1d83d,0x368025a328bf12a380fcd4b9d9fce24844dc68cccfb373cea26dfd8af98a0e18,0.0
3599,0xa30d8157911ef23c46c0eb71889efe6a648a41f7,1513273108,0x0f5d2fb29fb7d3cfee444a200298f468908cc942,0x2d103942ab51822c2ccec452c8a765f1e1f806750bef86048232f265f7fb935f,0.0
3600,0xa30d8157911ef23c46c0eb71889efe6a648a41f7,1513273188,0x86fa049857e0209aa7d9e616f7eb3b3b78ecfdb0,0xaf52e7606ad7994d8e42230238dff049f94a8505d679eb6f590c2040f8bbb39d,0.0
3601,0xa30d8157911ef23c46c0eb71889efe6a648a41f7,1513273264,0x6706dfb81c1c43d0d1177878d55cb546f5278b53,0xb04d7c897ac5ce9f9a47052004a0f384a0e0bd01f820534115952424af3354c4,0.5
3602,0xa30d8157911ef23c46c0eb71889efe6a648a41f7,1513273675,0x86fa049857e0209aa7d9e616f7eb3b3b78ecfdb0,0x1211a5046af202654ef6e8deeac26c6815f67e28e218be66400fad8a408b6df7,0.0
3603,0xa30d8157911ef23c46c0eb71889efe6a648a41f7,1513275094,0x86fa049857e0209aa7d9e616f7eb3b3b78ecfdb0,0xa1446fd6bcae16c01387fbbefc51975b4a5c23be547984dacc088b87cb60423b,0.0
3604,0xa30d8157911ef23c46c0eb71889efe6a648a41f7,1513275994,0x86fa049857e0209aa7d9e616f7eb3b3b78ecfdb0,0xaad258120088dca46746fab21c2c030b47d74fdd118c5f13b93e0f9a9c11fccd,0.0
3605,0xa30d8157911ef23c46c0eb71889efe6a648a41f7,1513286905,0x86fa049857e0209aa7d9e616f7eb3b3b78ecfdb0,0xb763cf7cfd4648974becc919023d8b762780943b4b67144ea8a606bb80635d7f,0.0
3606,0xa30d8157911ef23c46c0eb71889efe6a648a41f7,1513287008,0xb63b606ac810a52cca15e44bb630fd42d8d1d83d,0x3abfda96591db3e143922d253c0f5fede53be31235b451edceb1783d43ee0c85,0.0
3607,0xa30d8157911ef23c46c0eb71889efe6a648a41f7,1513287110,0xe0b7927c4af23765cb51314a0e0521a9645f0e2a,0x09d6f2b59f86770484e18534e3d4aa1b7de02ff83cda68ac167ee11a0dafe30d,0.0
3608,0xa30d8157911ef23c46c0eb71889efe6a648a41f7,1513288217,0x86fa049857e0209aa7d9e616f7eb3b3b78ecfdb0,0xf1e62b7e8472b107030aece0e45ae5fc0277fd3150e1219d778746c716bc36c9,0.0
3609,0xa30d8157911ef23c46c0eb71889efe6a648a41f7,1513288277,0x86fa049857e0209aa7d9e616f7eb3b3b78ecfdb0,0x9a67ba9dfec25d11b968095c9d0018ffdf4f1bec05318c7c8905c09307ecf65b,0.0
3610,0xa30d8157911ef23c46c0eb71889efe6a648a41f7,1513290115,0x170b3c137a87689ed3920d3efe0ba3968e2ec111,0xa06f422f3b95d32dab9d72adba0c5d97a8f5b0ff186eb63a45adfd4fbe25831e,1.025
3611,0xa30d8157911ef23c46c0eb71889efe6a648a41f7,1513291182,0x6fd6c1a38860fbbc545afadad9f16349f555e950,0x97857cb6f5e3c5c37c597b632182d85835fbfd8d9d3fbbeca4c44e8e50d6a0fe,4.6
3612,0xa30d8157911ef23c46c0eb71889efe6a648a41f7,1513291373,0x86fa049857e0209aa7d9e616f7eb3b3b78ecfdb0,0x53b509bb8c2fd73cb5b50da9ee0696b07375be1885ecfe6d0530c5b1ff064058,0.0
3613,0xa30d8157911ef23c46c0eb71889efe6a648a41f7,1513291916,0x86fa049857e0209aa7d9e616f7eb3b3b78ecfdb0,0x4fc87f29eacfbf3974c746d760a920fde620e9fdaf623cddad28de86c0b93cd9,0.0
3614,0xa30d8157911ef23c46c0eb71889efe6a648a41f7,1513292138,0x86fa049857e0209aa7d9e616f7eb3b3b78ecfdb0,0xc291042df8bd7f65548ac824fcc9bdbb7f2556b4393e5c354bfed49db27019b0,0.0
3615,0xa30d8157911ef23c46c0eb71889efe6a648a41f7,1513292318,0x86fa049857e0209aa7d9e616f7eb3b3b78ecfdb0,0x7a9e62525d61bd25d15fa1852ad6c942bfe08b1cef3f4570834cfcc4bf7bacb7,0.0
3616,0xa30d8157911ef23c46c0eb71889efe6a648a41f7,1513292428,0x3121245dfe0dc7a033b0ba01b2223f30a4765983,0x0a87d2a6bc7828ff00811a81db76c3b5ea1ba8791791051ce4b347945b3b90d4,0.05
3617,0xa30d8157911ef23c46c0eb71889efe6a648a41f7,1513293116,0x0383880e607f69e77247ee0bd50ca6b815e9ba27,0xcd08eba60169f17c683668ac91fca502866290845a5385711f67aebe3df8ec32,1.0
3618,0xa30d8157911ef23c46c0eb71889efe6a648a41f7,1513293888,0x97d5cef5589bef75146f75e535ebdc4e66fa75c4,0xaf78d23d78fc9094420cc2705f69178931bb829e5cf820ecdd29fc6e85885f19,21.8
3619,0xa30d8157911ef23c46c0eb71889efe6a648a41f7,1513294085,0xaf30d2a7e90d7dc361c8c4585e9bb7d2f6f15bc7,0x53cbf21fb889d7dda3224578adc3278af888b8b7f07a5ee05b0c681bd4fb6d45,0.0
3620,0xa30d8157911ef23c46c0eb71889efe6a648a41f7,1513294095,0x86fa049857e0209aa7d9e616f7eb3b3b78ecfdb0,0x221cfb0b83eb50f7f4c9bc632b3a1531a3e6a616bde7af3f828d576180cf2f4a,0.0
3621,0xa30d8157911ef23c46c0eb71889efe6a648a41f7,1513294743,0x86fa049857e0209aa7d9e616f7eb3b3b78ecfdb0,0xf92fc07d6bb9e8e3c4141f33e0403ce72be70f327df0e0b0d2de7911c1d4baa0,0.0
3622,0xa30d8157911ef23c46c0eb71889efe6a648a41f7,1513295028,0x86fa049857e0209aa7d9e616f7eb3b3b78ecfdb0,0x99319b692cc15561f9991cce68fcdeb13cfb8ac3d65ab69cacdfc2207ed8aab0,0.0
3623,0xa30d8157911ef23c46c0eb71889efe6a648a41f7,1513295146,0x02f339d22c39f79e52615e39797f66b87566ad0f,0x28e76bfddefb869977f474b2ef39b03f7a0958ac1b0e41b756a720d9856acaf2,0.012
3624,0xa30d8157911ef23c46c0eb71889efe6a648a41f7,1513295348,0x0f5d2fb29fb7d3cfee444a200298f468908cc942,0x64e3936f3b8f006191e084b02bcba384d5677e1ac0d1eaceb1a412cecc001fd6,0.0
3625,0xa30d8157911ef23c46c0eb71889efe6a648a41f7,1513295429,0x8c5aa723dcba9179a2a0c828e8c083b76eae5dc9,0x146f176da8506a208f68da7f7824c79c8abbb45a99c8da7be8684ecf803d9415,1.2835
3626,0xa30d8157911ef23c46c0eb71889efe6a648a41f7,1513295590,0x0f5d2fb29fb7d3cfee444a200298f468908cc942,0xe273fb20730ec1d9699744d26de49e894894701d072adea86b1f8014813d94d3,0.0
3627,0xa30d8157911ef23c46c0eb71889efe6a648a41f7,1513296176,0x86fa049857e0209aa7d9e616f7eb3b3b78ecfdb0,0x00c19cec3df07d49b7beddce623eb8321dd8fb463ebd3edf77989fbb768262d7,0.0
3628,0xa30d8157911ef23c46c0eb71889efe6a648a41f7,1513297684,0x08f5a9235b08173b7569f83645d2c7fb55e8ccd8,0x2ea2cdc7b7b9109f41ab0386ee23c2c6f3b1104a87a6619238a69e86e6aee036,0.0
3629,0xa30d8157911ef23c46c0eb71889efe6a648a41f7,1513297765,0x438dccd8ab4ab0d3912a5281e8813745e1ebb5c7,0x46567143cf92e0768d8486b652f2c9a0b48fd57a0f78c11b06f2b88a6660afcc,0.01
3630,0xa30d8157911ef23c46c0eb71889efe6a648a41f7,1513297806,0xf7920b0768ecb20a123fac32311d07d193381d6f,0x1d9ec4055bb8c0db17aa12b0f53ecd54a6078cd6ebc51271bbda9e952c558b16,0.0
3631,0xa30d8157911ef23c46c0eb71889efe6a648a41f7,1513298149,0xb63b606ac810a52cca15e44bb630fd42d8d1d83d,0x1e938ec7a7397f3a7871b334019ac1fe76318c3c95f6dcfb931c2d5c7de473a9,0.0
3632,0xa30d8157911ef23c46c0eb71889efe6a648a41f7,1513298157,0x86fa049857e0209aa7d9e616f7eb3b3b78ecfdb0,0xc2d64af26fe67872f17e75f9eacd7ec28eda7df76814c0c6877e5196fab5a842,0.0
3633,0xa30d8157911ef23c46c0eb71889efe6a648a41f7,1513298219,0x86fa049857e0209aa7d9e616f7eb3b3b78ecfdb0,0x0bf5fb4432fedac6230c150b5da0bd8626a1886fff3e296f6e381d4a674660ff,0.0
3634,0xa30d8157911ef23c46c0eb71889efe6a648a41f7,1513298711,0xb63b606ac810a52cca15e44bb630fd42d8d1d83d,0x3934beb70434e5867345536adb058fa17e1e30a085660ef5c5b1358dda4e6890,0.0
3635,0xa30d8157911ef23c46c0eb71889efe6a648a41f7,1513299278,0xe41d2489571d322189246dafa5ebde1f4699f498,0x7c0c290c21429754852c9ba5818ad6592b2d2df7459adbaf6bf07e36a8896827,0.0
3636,0xa30d8157911ef23c46c0eb71889efe6a648a41f7,1513299504,0x86fa049857e0209aa7d9e616f7eb3b3b78ecfdb0,0xe1bd1bb5abb181ffffa96d6954c99c2207141dc327fe11ed5b18b9fcbb5bd240,0.0
3637,0xa30d8157911ef23c46c0eb71889efe6a648a41f7,1513300202,0x86fa049857e0209aa7d9e616f7eb3b3b78ecfdb0,0x9f831e8d9689d89fff403a58beac0c3eb53ba1eb429366a30bf2b529234b3ade,0.0
3638,0xa30d8157911ef23c46c0eb71889efe6a648a41f7,1513300255,0xb97048628db6b661d4c2aa833e95dbe1a905b280,0xeb2717ad8684dd765ced08b40d39152578006449bc252f9705c7e4e7342579a7,0.0
3639,0xa30d8157911ef23c46c0eb71889efe6a648a41f7,1513300402,0xa74476443119a942de498590fe1f2454d7d4ac0d,0x7ce13ac0723af52e4831a972dc38cf91982e47d569a255d9e466586c15a7939a,0.0
3640,0xa30d8157911ef23c46c0eb71889efe6a648a41f7,1513300443,0xf7920b0768ecb20a123fac32311d07d193381d6f,0x5498fd1357d60b2900577a28d142f08a558f37d67af10787c5ee8b1f331bc91d,0.0
3641,0xa30d8157911ef23c46c0eb71889efe6a648a41f7,1513300955,0xaf30d2a7e90d7dc361c8c4585e9bb7d2f6f15bc7,0xd0f0ddd02ccc589f567e98e5c47530b4b5d77e339c8ef7520d5617662f3028e0,0.0
3642,0xa30d8157911ef23c46c0eb71889efe6a648a41f7,1513301087,0xb85c0477f74d82cf33b9432ba117f8f962794ce4,0xf4076c666d90b5f4c7446e3612b94d06a5752ecc5b482b7c065ec0474f406f01,2.62
3643,0xa30d8157911ef23c46c0eb71889efe6a648a41f7,1513301987,0x86fa049857e0209aa7d9e616f7eb3b3b78ecfdb0,0x9e8b467d1a00eee8f048487927046e48f1f17c71aefabc088395a7636ad9c862,0.0
3644,0xa30d8157911ef23c46c0eb71889efe6a648a41f7,1513302063,0x86fa049857e0209aa7d9e616f7eb3b3b78ecfdb0,0x0ab5d23491e20b894e3cebbd7b71d9d81b8f85375236536fc6d0dc9fbb5b716a,0.0
3645,0xa30d8157911ef23c46c0eb71889efe6a648a41f7,1513302150,0x86fa049857e0209aa7d9e616f7eb3b3b78ecfdb0,0xc065409ce6b2783ec2b22fda76b0ad0e95fe0b9451284f5910c3ec774a99ff52,0.0
3646,0xa30d8157911ef23c46c0eb71889efe6a648a41f7,1513302339,0x86fa049857e0209aa7d9e616f7eb3b3b78ecfdb0,0x8eefc8874c21e7d3b0499d482c1583858e220d9131ed31f08619f0e22805d976,0.0
3647,0xa30d8157911ef23c46c0eb71889efe6a648a41f7,1513302442,0x86fa049857e0209aa7d9e616f7eb3b3b78ecfdb0,0x4a35ef540868982e917df4611ae8fd567eb1a0f7f8d60230a35197f7bd499aa7,0.0
3648,0xa30d8157911ef23c46c0eb71889efe6a648a41f7,1513302529,0x86fa049857e0209aa7d9e616f7eb3b3b78ecfdb0,0xe69f46085073b95b4f2e4663c278e8fd2eb0d41d1088c1c92501189b74f25149,0.0
3649,0xa30d8157911ef23c46c0eb71889efe6a648a41f7,1513302599,0x984c4be3596bc6a1c8cde914c684ce80fa90dda1,0xe117c897e67c010ba45e929ebbd06931a40eac9c382e50b1d227e93a3f404a22,35.0
3650,0xa30d8157911ef23c46c0eb71889efe6a648a41f7,1513302658,0x86fa049857e0209aa7d9e616f7eb3b3b78ecfdb0,0xed01162043b5b3af4046044be209a1f5b0669c3d60a07527dab295c6066827fe,0.0
3651,0xa30d8157911ef23c46c0eb71889efe6a648a41f7,1513302683,0x86fa049857e0209aa7d9e616f7eb3b3b78ecfdb0,0xef5bf32c8e938d9e7ef75df62feb183058c13e9ab02ecf04ffe8de630ba08971,0.0
3652,0xa30d8157911ef23c46c0eb71889efe6a648a41f7,1513302770,0x86fa049857e0209aa7d9e616f7eb3b3b78ecfdb0,0x781cf7eb46c600df6742b54c056dd053ddd14c80a2f4c9660c2dab2f462d5060,0.0
3653,0xa30d8157911ef23c46c0eb71889efe6a648a41f7,1513303047,0xf5f2a804134f1a8fffb68f71e83365f8e463e680,0xb5af9c9c1fef334f72e383728e2bd901b71285acba0a97f03b289c8ec437cbc0,4.2496
3654,0xa30d8157911ef23c46c0eb71889efe6a648a41f7,1513303240,0x86fa049857e0209aa7d9e616f7eb3b3b78ecfdb0,0x1d5d328c4dab063d392e29b49efd9b8373caa068861ae2a62fbbea510ce2d227,0.0
3655,0xa30d8157911ef23c46c0eb71889efe6a648a41f7,1513303270,0x86fa049857e0209aa7d9e616f7eb3b3b78ecfdb0,0x530927e706e5e3393ed7a03f86237feee8e379cab707b3ef49d70ec4c3e7b19a,0.0
3656,0xa30d8157911ef23c46c0eb71889efe6a648a41f7,1513303300,0xe0cfc5d296a124c5aa353f4094c4a4232c0a4728,0x74ac8837668faf56292dc916adfd729784133c890a54a9728ea3380fba13fe7a,3.9
3657,0xa30d8157911ef23c46c0eb71889efe6a648a41f7,1513303625,0x678498badbe31d20f718a303e51324a6d039e7af,0x6835bc73ceeee35e58dee29e9285db78cb7ecd1cdfcbd49578759eccedf3e115,19.5
3658,0xa30d8157911ef23c46c0eb71889efe6a648a41f7,1513303629,0xdd974d5c2e2928dea5f71b9825b8b646686bd200,0xad8ccec7a0260e75545d41d078b91c4b7aae33e4705babe50e5926d4b3999192,0.0
3659,0xa30d8157911ef23c46c0eb71889efe6a648a41f7,1513303734,0x86fa049857e0209aa7d9e616f7eb3b3b78ecfdb0,0x8b19cd70dff0dab79f598bef0967f9cac1863f50b4cc14cf2bd5ce2aeecfafa1,0.0
3660,0xa30d8157911ef23c46c0eb71889efe6a648a41f7,1513303840,0x86fa049857e0209aa7d9e616f7eb3b3b78ecfdb0,0x1a488572bec5d5998183d5db6eba235f1881a212b2c51d0ac57b59047b63d51e,0.0
3661,0xa30d8157911ef23c46c0eb71889efe6a648a41f7,1513304012,0xf7920b0768ecb20a123fac32311d07d193381d6f,0x138211f774549b329d64d2072d685a2804889794883a0fecd45b10189e7c4f0e,0.0
3662,0xa30d8157911ef23c46c0eb71889efe6a648a41f7,1513304085,0x44845604e8625e75d54acda9a33c090bb314fd2c,0x0dae71608191ac8ac93bb60162a67e5f48fd3d0429abe6d68ee2a0ebd6b596e1,33.8
3663,0xa30d8157911ef23c46c0eb71889efe6a648a41f7,1513304085,0xf7920b0768ecb20a123fac32311d07d193381d6f,0xfbd071e5271e67e7a7080894b35e0225991fca7445e2f2b7f22abe6cb24a2248,0.0
3664,0xa30d8157911ef23c46c0eb71889efe6a648a41f7,1513304417,0x86fa049857e0209aa7d9e616f7eb3b3b78ecfdb0,0xd6805f32b661939e1de0649dc143c2e9209c42f9a3ff05eb177eb019a6d1d13e,0.0
3665,0xa30d8157911ef23c46c0eb71889efe6a648a41f7,1513304613,0xf7920b0768ecb20a123fac32311d07d193381d6f,0x02dd6e188c1896ddfc5d24338b2c19b72c8ec91722e883dee3773df2d3d8f0d6,0.0
3666,0xa30d8157911ef23c46c0eb71889efe6a648a41f7,1513304752,0x86fa049857e0209aa7d9e616f7eb3b3b78ecfdb0,0xde1c86aa63fe954a557108131d40d27322169ecf267efcbe0881f7b8b0f7bd87,0.0
3667,0xa30d8157911ef23c46c0eb71889efe6a648a41f7,1513304752,0x86fa049857e0209aa7d9e616f7eb3b3b78ecfdb0,0xabdc8c957e39674d8a4a9ea2d9b8acf64f5b49d8fb74f5e10b4acdc646d272dc,0.0
3668,0xa30d8157911ef23c46c0eb71889efe6a648a41f7,1513304760,0xb63b606ac810a52cca15e44bb630fd42d8d1d83d,0xcd5efe82727a09840e09e4ff714bb4fc64ae4d3c7e525a7d1eab139d09cf5501,0.0
3669,0xa30d8157911ef23c46c0eb71889efe6a648a41f7,1513305449,0x86fa049857e0209aa7d9e616f7eb3b3b78ecfdb0,0xa6edf2b3bf5282dab25eb70d4b92d1f30616d01c9d3e80d46d1ced2a281edb06,0.0
3670,0xa30d8157911ef23c46c0eb71889efe6a648a41f7,1513305607,0xe0b7927c4af23765cb51314a0e0521a9645f0e2a,0x459d3c6f54ff40e2a91358b6ee2090e59505d244c8891430b0492e34d9735e93,0.0
3671,0xa30d8157911ef23c46c0eb71889efe6a648a41f7,1513305648,0xe0b7927c4af23765cb51314a0e0521a9645f0e2a,0x49a71ad4f0c1aa95d571f155ee2889fa873b385e00b6c46f2032b9c3778d8d33,0.0
3672,0xa30d8157911ef23c46c0eb71889efe6a648a41f7,1513305706,0xdd974d5c2e2928dea5f71b9825b8b646686bd200,0x0ebe58b13fe827a259b2110ca3f5ff1a52fe5f1e54d6f595cf5ccc0fa9d210a8,0.0
3673,0xa30d8157911ef23c46c0eb71889efe6a648a41f7,1513305822,0xbed402d20b4153c7e4ac9b52eaef036f468b9030,0xbc5b7e0468519b71557de6a652d92c0079117424a4e091ef9cd63b8d7a5f943e,374.96
3674,0xa30d8157911ef23c46c0eb71889efe6a648a41f7,1513305868,0xfaedbc0f06443fb9e18e5c454425ad440e853151,0x2062da8f9e90096a864cfe247044b10efe0cab2a77180cdeb67c1304d6debd43,2.0
3675,0xa30d8157911ef23c46c0eb71889efe6a648a41f7,1513306140,0x378651b720e649729cff66664362b6adb1cc8ba8,0xe6fafda2dc048b1a47b77b2b759f11b86a5982f05f2685151992e7b0dcff3608,0.59
3676,0xa30d8157911ef23c46c0eb71889efe6a648a41f7,1513306264,0x86fa049857e0209aa7d9e616f7eb3b3b78ecfdb0,0x379d77510db31cb1bc4edfaa0fe9a8790b27412a20d79822706f8902d0cd64a6,0.0
3677,0xa30d8157911ef23c46c0eb71889efe6a648a41f7,1513306479,0x61916af385eaaa11b7118f94c6bc9a2432ad4dbf,0xff7c7099a3dd9275263c43a2ca80faac83b4e21a2d8ca2f13a4e08c637b21b54,0.002
3678,0xa30d8157911ef23c46c0eb71889efe6a648a41f7,1513306667,0x442bc47357919446eabc18c7211e57a13d983469,0xbdecd8499c437f7c197e8ee5dc81212c7e5f2cef18faff55f5bd1a9b7e82f145,0.0
3679,0xa30d8157911ef23c46c0eb71889efe6a648a41f7,1513306731,0xf7920b0768ecb20a123fac32311d07d193381d6f,0xeca57955797849996ac3a8d839afe02b316e3228e21f0a4e2f9cbabe00f57955,0.0
3680,0xa30d8157911ef23c46c0eb71889efe6a648a41f7,1513306746,0xf7920b0768ecb20a123fac32311d07d193381d6f,0x16ad1c69026d9da04dde44f07cca5ef62459492e3d3d1ad7924212cf363d0680,0.0
3681,0xa30d8157911ef23c46c0eb71889efe6a648a41f7,1513307045,0xe0b7927c4af23765cb51314a0e0521a9645f0e2a,0x9847e5008657b8e964329d69ae5fd720ca56f8008911b2856c1233dede33ad75,0.0
3682,0xa30d8157911ef23c46c0eb71889efe6a648a41f7,1513307085,0x829401896c693550c8830030cee92eb23437e394,0x18a37d9bc419224be8b156353f7b2b4bf4509473451bb530116837daff8dd4fa,2.34
3683,0xa30d8157911ef23c46c0eb71889efe6a648a41f7,1513307232,0x7146ed3ff6548d607779d09caaf60cc667bc43d9,0x7a7936d762910c398d8b2da0c648aebfd51942e3c37c27c292f7693d55670eaa,5.6784
3684,0xa30d8157911ef23c46c0eb71889efe6a648a41f7,1513307238,0xb2a3f4491e221a1b5bfc4e65bdd4ba80505d2af7,0x2d4151d9776cb485a38bab851de5260d075b246c60475f11742beb9066cf118b,5.0
3685,0xa30d8157911ef23c46c0eb71889efe6a648a41f7,1513307264,0x86fa049857e0209aa7d9e616f7eb3b3b78ecfdb0,0xfa93c3c803f72c66c51e4e3c2d3a691899158267a6bac93a2fc7d7220cb2e3c6,0.0
3686,0xa30d8157911ef23c46c0eb71889efe6a648a41f7,1513307648,0x954d40d4100d99f459202b38fe3ec2c390e1168f,0x27b7891dae10721e4a1b9cc5945061add1dcb42e4a4d514f30dd8fcd6198c512,5.3
3687,0xa30d8157911ef23c46c0eb71889efe6a648a41f7,1513307715,0x86fa049857e0209aa7d9e616f7eb3b3b78ecfdb0,0xe6e004389a8964bf58593d69434d8b83097657f746d363eefa4f7dc25e525e11,0.0
3688,0xa30d8157911ef23c46c0eb71889efe6a648a41f7,1513307747,0x0f5d2fb29fb7d3cfee444a200298f468908cc942,0xa5ffd7a3816d53a945695d53ce07bad5c76ea90409072c9e12029b2d4166f50f,0.0
3689,0xa30d8157911ef23c46c0eb71889efe6a648a41f7,1513307844,0x0f5d2fb29fb7d3cfee444a200298f468908cc942,0x4f578eca2ec45fa7cf1d7ac033464f8f457f726c5ee3cdb9ae80af51c1891487,0.0
3690,0xa30d8157911ef23c46c0eb71889efe6a648a41f7,1513308171,0x86fa049857e0209aa7d9e616f7eb3b3b78ecfdb0,0x46595524bea140b4cf9712c8aff1044c98e41268dd6336e4e8595cc910802a2b,0.0
3691,0xa30d8157911ef23c46c0eb71889efe6a648a41f7,1513308318,0x1ad81376179a4b83f80e81310178d2b3e4f3e073,0x2c4faea725766c4a44887e82c3ec0333d6e62d2e939734478b7f85a801c16098,6.3
3692,0xa30d8157911ef23c46c0eb71889efe6a648a41f7,1513308498,0xf7920b0768ecb20a123fac32311d07d193381d6f,0x5bdb7a9356532dbf45398d1279a461f5ccf876860b3d36ad27be5ea4d780f842,0.0
3693,0xa30d8157911ef23c46c0eb71889efe6a648a41f7,1513308504,0xf7920b0768ecb20a123fac32311d07d193381d6f,0xaaa7bc1e74618d89c5341a03695bfb46400bf253a922b3e979b50fc14464ceb2,0.0
3694,0xa30d8157911ef23c46c0eb71889efe6a648a41f7,1513308553,0x86fa049857e0209aa7d9e616f7eb3b3b78ecfdb0,0x2d07966b34ef840c2c7f21ab3c854cabe3f769b077796ebe261e521ae2f5e345,0.0
3695,0xa30d8157911ef23c46c0eb71889efe6a648a41f7,1513308693,0x86fa049857e0209aa7d9e616f7eb3b3b78ecfdb0,0xb4233c2ee53767508103fe41e7d6e2cc4e03478cf9df1a5ba681de479a3ce8fc,0.0
3696,0xa30d8157911ef23c46c0eb71889efe6a648a41f7,1513308716,0xe0b7927c4af23765cb51314a0e0521a9645f0e2a,0xb894f23fec38fb417e5ba6a98c44d9d2720eee2edbf849fdd0e7bd6d2846e1a1,0.0
3697,0x17bc58b788808dab201a9a90817ff3c168bf3d61,1513308787,0xa30d8157911ef23c46c0eb71889efe6a648a41f7,0x6e0ae4da7df2b39589e382785ee0722d2fe7f57ace72b0a672dbc329e1e03055,665.5089456899293
3698,0xa30d8157911ef23c46c0eb71889efe6a648a41f7,1513308900,0x1c49cbd59c794bf1f1c0384a6b89a76a5f072731,0x4eda65b8754c99761956f665c82f8a86a08903ba312aed198d3b0c92570c86d0,2.176
3699,0xa30d8157911ef23c46c0eb71889efe6a648a41f7,1513308911,0x7892c1abb968b9c31f8f21ffb9c6d0a39052efe4,0x5aad1ee0d3ba9743a3dac830b43dd860d86884816fc3e73033c7865eb15b63cc,6.0
3700,0xa30d8157911ef23c46c0eb71889efe6a648a41f7,1513308911,0xbc73e29a85216b6e8856bd63dbd91eef9ec6791c,0x6509b0a4cfcbab7271971668b32b63fba5f73e1b5f4040b6f4f397d986c840cf,2.4
3701,0xa30d8157911ef23c46c0eb71889efe6a648a41f7,1513308950,0x86fa049857e0209aa7d9e616f7eb3b3b78ecfdb0,0x94438b3c752dac65c37ece9c7971b64c5fcea0cae055179d1998574ffed87866,0.0
3702,0xa30d8157911ef23c46c0eb71889efe6a648a41f7,1513309021,0x75c31ee71f8c07fc2d11a040e391c3d3613eabe6,0x8def4b17c69eb10f440a9dcedb08495d1d6553a2b36d2ed9eec39b0f6c845fbf,1.0
3703,0xa30d8157911ef23c46c0eb71889efe6a648a41f7,1513309211,0x744d70fdbe2ba4cf95131626614a1763df805b9e,0xb8c9ad0e881b7fd5f8506f7d03ba86c0a57bf90e9786f80a0e7759b8bb11e1de,0.0
3704,0xa30d8157911ef23c46c0eb71889efe6a648a41f7,1513309244,0xe0b7927c4af23765cb51314a0e0521a9645f0e2a,0xee001f41284a49333edd575143bd81447549f1768584bd7670fed1b61594ad6f,0.0
3705,0xa30d8157911ef23c46c0eb71889efe6a648a41f7,1513309365,0x86fa049857e0209aa7d9e616f7eb3b3b78ecfdb0,0x412b533366c6d1bd612bb628cc1218c98525fdbcd2a8de9f52283a37b43f0654,0.0
3706,0xa30d8157911ef23c46c0eb71889efe6a648a41f7,1513309416,0x3891bc06586ceaac7c92a39638fa6259598ff8e5,0x957c830dfe0b96587bf9a1d5d7ae358d14fb4dc974be4b51940bb1056715ca3b,0.19176596
3707,0xa30d8157911ef23c46c0eb71889efe6a648a41f7,1513309548,0x86fa049857e0209aa7d9e616f7eb3b3b78ecfdb0,0xda66f679608d72a3d0d302d233b4f2dced3fc3248fd1cf96f252acf7e19379a9,0.0
3708,0xa30d8157911ef23c46c0eb71889efe6a648a41f7,1513309579,0x75c31ee71f8c07fc2d11a040e391c3d3613eabe6,0xa3b12e7409a17a3af95c4db69b083a447616b4614094a6c741a66b2f59720085,5.7708
3709,0xa30d8157911ef23c46c0eb71889efe6a648a41f7,1513309689,0x86fa049857e0209aa7d9e616f7eb3b3b78ecfdb0,0x29c7d79559206e4ad7ab6428d1c79248752d6baed7849465fbaf5c50e6f82715,0.0
3710,0xa30d8157911ef23c46c0eb71889efe6a648a41f7,1513310002,0x86fa049857e0209aa7d9e616f7eb3b3b78ecfdb0,0xa21725f6ba2efbd4856fbd96656dbace65d63e97a82af170ae195ce5d41d972e,0.0
3711,0xa30d8157911ef23c46c0eb71889efe6a648a41f7,1513310087,0xd850942ef8811f2a866692a623011bde52a462c1,0xdbac2d78c223fa1bc4c9b3168df05ee41dfc16407814f7d9f6b474e552fec045,0.0
3712,0xa30d8157911ef23c46c0eb71889efe6a648a41f7,1513310285,0x177d39ac676ed1c67a2b268ad7f1e58826e5b0af,0x898085da5af1df9507de247305338414c3e8e8a130a63ea0a5f486654cc69094,0.0
3713,0xa30d8157911ef23c46c0eb71889efe6a648a41f7,1513310398,0xb97048628db6b661d4c2aa833e95dbe1a905b280,0x5d91a74e27cb3c19f771eece49689b2fe36b2f2907ecd2e5114cc4456a0a8693,0.0
3714,0xa30d8157911ef23c46c0eb71889efe6a648a41f7,1513310501,0xb63b606ac810a52cca15e44bb630fd42d8d1d83d,0xdafaac077573fafa4f7a5a8f5ae8c17c82f6cfb2384786b8a64d1ca2cf435078,0.0
3715,0xa30d8157911ef23c46c0eb71889efe6a648a41f7,1513310555,0xd850942ef8811f2a866692a623011bde52a462c1,0xbd65af0ee80eaa08dafe3feaf7d1623922d9925c37dce175cb0a118e0ad2966b,0.0
3716,0xa30d8157911ef23c46c0eb71889efe6a648a41f7,1513310661,0x86fa049857e0209aa7d9e616f7eb3b3b78ecfdb0,0x8a3f580e51d5e1b2d53f159aee1578491fccdf41d486c1686c5c44961e912da2,0.0
3717,0xa30d8157911ef23c46c0eb71889efe6a648a41f7,1513310667,0x98a7e8b8888077698dbccaa0de51b924e4108741,0xe4db358e04a5bae818c5ec62161c59d2c2bfb9d3c041202f578de47ee1e8a1d7,18.0
3718,0xa30d8157911ef23c46c0eb71889efe6a648a41f7,1513310828,0xaf7ff29fec380a45dc5ff5dc89ec38e6e1cb6e9f,0xef5c5a3151d6622bc278475c453224d1a0607b93e6241c2a01f711e3b1c1c3b3,15.9483
3719,0xa30d8157911ef23c46c0eb71889efe6a648a41f7,1513310876,0x86fa049857e0209aa7d9e616f7eb3b3b78ecfdb0,0xfacdbc2ceeda3c88650c558b8ab2723f5911980ceed7e730fb6fab82327dbba4,0.0
3720,0x17bc58b788808dab201a9a90817ff3c168bf3d61,1513310983,0xa30d8157911ef23c46c0eb71889efe6a648a41f7,0xec9aa6c14bb12c61f24aa857c0ef2a2cb63fd9dc6e53d61372ce48ad0975eba2,367.83458613916366
3721,0xa30d8157911ef23c46c0eb71889efe6a648a41f7,1513311241,0x86fa049857e0209aa7d9e616f7eb3b3b78ecfdb0,0x40ce1eefeb7a50e95640319b0d25c2021802f3485c8b7049496bb1d2abf9c15a,0.0
3722,0xa30d8157911ef23c46c0eb71889efe6a648a41f7,1513311295,0xc2d3c59b9053d995edac9e35b94b580c5ef9c2b8,0x42427a6ecd5fc481eb660315ff3f3cea033c82547c373a755235bb426da396da,20.0
3723,0xa30d8157911ef23c46c0eb71889efe6a648a41f7,1513311485,0xd850942ef8811f2a866692a623011bde52a462c1,0x047d1a68baaf2d2d80fa984f95a14b55e3481b21b16a172864c77c944380e8d2,0.0
3724,0xa30d8157911ef23c46c0eb71889efe6a648a41f7,1513311598,0x0f5d2fb29fb7d3cfee444a200298f468908cc942,0x4c8bbd2ce4514d2e983bf9c7673366f03cdb156f4959361e67398fcb35b58358,0.0
3725,0xa30d8157911ef23c46c0eb71889efe6a648a41f7,1513311903,0xb97048628db6b661d4c2aa833e95dbe1a905b280,0x7aeec3f95110878228bfde912ca9facf6f53b7c2f023642b536b27b1eb58de43,0.0
3726,0xa30d8157911ef23c46c0eb71889efe6a648a41f7,1513312080,0x744d70fdbe2ba4cf95131626614a1763df805b9e,0x21fef9c11d6595b54a3d6dfac6cea5667c8878357d075e5a083b11e0d2e132f0,0.0
3727,0xa30d8157911ef23c46c0eb71889efe6a648a41f7,1513312100,0x6f69f63da243b65925101098dca2a6e13862d3c7,0xfa6a7dbdcc091c0198271bf55f4cd2d67fc2940c09f4e021207552e072dbdcac,3.08
3728,0xa30d8157911ef23c46c0eb71889efe6a648a41f7,1513312287,0x86fa049857e0209aa7d9e616f7eb3b3b78ecfdb0,0xd6cfeb5b5fb9bd349c052b19ee9aa0a9627c4eea4653f83a11cac3173216f795,0.0
3729,0xa30d8157911ef23c46c0eb71889efe6a648a41f7,1513312448,0x25b0c2398d8ead53b5cc68927c0b6bd13d5a080e,0x559096298d73b1bd22f76ddb849ecfec62ff6306d85e58d63e911adaebcbf320,3.49
3730,0xa30d8157911ef23c46c0eb71889efe6a648a41f7,1513312534,0xcb97e65f07da24d46bcdd078ebebd7c6e6e3d750,0x9620b6e8578a0496fa11214cc6663f2fd1dfb7bd9c8074f4dc75278014a94719,0.0
3731,0xa30d8157911ef23c46c0eb71889efe6a648a41f7,1513312575,0x02baaca30d75eb3c0f2ddd2f6fe9d0883b76de74,0x2cde533282f30c4e98d0528b2685f04061ebe136c63442cd7e80f5ee91dd06f8,483.0
3732,0xa30d8157911ef23c46c0eb71889efe6a648a41f7,1513312866,0x4d4cc06703728d422f8cfe893bc6c2d35f29ba0c,0x3d076d190232b7f06c9f0aa6e2532265f50cbb03671107b982eb3592fb575fd1,50.0
3733,0xa30d8157911ef23c46c0eb71889efe6a648a41f7,1513312961,0x5fbe8fb941b79771da5ffcbda99cd52d2abf4c3c,0xfd72da61987802807be104e5a776640b80cb6eb2e87990e45b46c10a4da3df59,0.015
3734,0xa30d8157911ef23c46c0eb71889efe6a648a41f7,1513313264,0x744d70fdbe2ba4cf95131626614a1763df805b9e,0x6ffe7f3b42f6b1d6f07100cf37c8456e9cd4102f6cc75f311fde614a360330b7,0.0
3735,0xa30d8157911ef23c46c0eb71889efe6a648a41f7,1513313358,0x7d888940ee489ddbc099acb69f11a6c6cde5223e,0x4f56561f38aa2854ece5ecbd06dcceb22917f103359b295375786e16ebcfe750,3.9939
3736,0xa30d8157911ef23c46c0eb71889efe6a648a41f7,1513313676,0xb6cf4db6a9b2bf02524be1f44df4af6b1c44808b,0x8ad74887b37e50ba2322b6233a821b15290fdb814a66557a7b0c87045ac7de9e,10.01
3737,0xa30d8157911ef23c46c0eb71889efe6a648a41f7,1513313793,0x0f5d2fb29fb7d3cfee444a200298f468908cc942,0x7ac49df6d1b274eb5bb0d7fb632f53d89d2c7cfc58dc1a778c907ab77180b5e3,0.0
3738,0xa30d8157911ef23c46c0eb71889efe6a648a41f7,1513313832,0xc923f47f35d507534993eb682b89d57e3415f497,0xa43df25b0b16629fd83e638aa5208386f0d12ba648bd1641ab6358f7a67bb2f2,30.0
3739,0xa30d8157911ef23c46c0eb71889efe6a648a41f7,1513313869,0x03eb2ada3379eca953b448869d3d86e5a46329e0,0x186ea89afd8db49420ac18a42c0b6b9d85a521a2210236500fe7648fe1e6b9e5,237.0
3740,0xa30d8157911ef23c46c0eb71889efe6a648a41f7,1513313884,0x86fa049857e0209aa7d9e616f7eb3b3b78ecfdb0,0x457c9df63628a3b43b9727c7978ec89a2e961d81f86b7992a19348bd48793da8,0.0
3741,0xa30d8157911ef23c46c0eb71889efe6a648a41f7,1513313910,0x86fa049857e0209aa7d9e616f7eb3b3b78ecfdb0,0xefa9b20a1b17a5df0a32e5d9412a8f6c760a75e03f349941923c9450b3b58df2,0.0
3742,0xa30d8157911ef23c46c0eb71889efe6a648a41f7,1513313953,0x46a28b66960415978fc818469e6c7bcb0339241d,0x8cea59866e74f44f6809c82994a11d2f81ef542a9a42828a720c338df6312dbf,2.9602
3743,0xa30d8157911ef23c46c0eb71889efe6a648a41f7,1513314750,0x86fa049857e0209aa7d9e616f7eb3b3b78ecfdb0,0x511b3b29e55a67e7bdef24148dce82daf041211fb84c08c2394ad0d48867cc05,0.0
3744,0xa30d8157911ef23c46c0eb71889efe6a648a41f7,1513314909,0x86fa049857e0209aa7d9e616f7eb3b3b78ecfdb0,0x65f4b655799851d9c2c6e9d0b8897eb7c4da83fdf510d6701ed9f538c7add63a,0.0
3745,0xa30d8157911ef23c46c0eb71889efe6a648a41f7,1513315119,0x0550f3815acf3cc8a2cda5673e664bf0877e690f,0x31f18c6d4a71fc1f543459e0642e4f358681e0da1c5f8a5ad8e6fb18394ad048,117.0
3746,0xa30d8157911ef23c46c0eb71889efe6a648a41f7,1513315137,0x86fa049857e0209aa7d9e616f7eb3b3b78ecfdb0,0x16f7bc71d082f660345ac6081a5eb8f23a8ad39fa04b90378f4b526ce30b4623,0.0
3747,0xa30d8157911ef23c46c0eb71889efe6a648a41f7,1513316270,0x86fa049857e0209aa7d9e616f7eb3b3b78ecfdb0,0x9a27d8e6da64a3f13bacfef648027422a203fe6a336d94972d66380176798b8c,0.0
3748,0xa30d8157911ef23c46c0eb71889efe6a648a41f7,1513316310,0xbd6fc9c1b3d0131e31334422155bfea5d44fced7,0xc8da303143b81a462901eefa11fe552b9cd1172b358fdf431865b181ebf60de7,6.59
3749,0xa30d8157911ef23c46c0eb71889efe6a648a41f7,1513316341,0x887834d3b8d450b6bab109c252df3da286d73ce4,0xff2a0858c7f26c0b6888dd0e69be6bffd370c535ef82908702972762c015b76f,0.0
3750,0xa30d8157911ef23c46c0eb71889efe6a648a41f7,1513316934,0xf7920b0768ecb20a123fac32311d07d193381d6f,0xec9cc42ea8e6c96c06b5279ea7a5a6c55099d63d9a8eae32ff281dae443365b1,0.0
3751,0xa30d8157911ef23c46c0eb71889efe6a648a41f7,1513317255,0xb63b606ac810a52cca15e44bb630fd42d8d1d83d,0x459ee12f473c9a3d9353a6f82e009cc16c8ccac6dddd1f0e7af4b6c386081c25,0.0
3752,0xa30d8157911ef23c46c0eb71889efe6a648a41f7,1513317665,0xa8d6fae4cef3cb1fc3b6781e279c51e03dc08481,0x39f311fd1b0529bab761f1854d49c392999c6d4952df4026f76ea7f6c2da4dbf,0.2268
3753,0xa30d8157911ef23c46c0eb71889efe6a648a41f7,1513317919,0xb63b606ac810a52cca15e44bb630fd42d8d1d83d,0x69427817f8c9cafc3c124cca89763f9316fd0d42ef1dbe763c0affa36eed6836,0.0
3754,0xa30d8157911ef23c46c0eb71889efe6a648a41f7,1513318166,0xf7920b0768ecb20a123fac32311d07d193381d6f,0xa7e529eaebbd09d4ae175a1abf1a7307f542f279876d7baba093ed9a4f7b224b,0.0
3755,0xa30d8157911ef23c46c0eb71889efe6a648a41f7,1513318564,0x91cbc56a2d707b4a5606c8fd55647c95ddebf302,0xbd9705283f1af2b053e065b03bf35fa0949e243b3f87bb7ea2578ad6ab62b9e8,1.0
3756,0xa30d8157911ef23c46c0eb71889efe6a648a41f7,1513318621,0xf7a3b50d9b1382f46d7c6ce894fb733ab3d25707,0x37830b8d4126afebc6227d297c5266692cd6ba6738a719547f45948c76a7413d,5.1
3757,0xa30d8157911ef23c46c0eb71889efe6a648a41f7,1513318740,0xc82d7223b1545d46143dc3bcc8b84c77c88f038b,0x4adf02a90cd32c666043ea27b55ca3656bd67a7bdd14ef13ba73346d5c692a6c,0.82
3758,0xa30d8157911ef23c46c0eb71889efe6a648a41f7,1513318867,0x86fa049857e0209aa7d9e616f7eb3b3b78ecfdb0,0x43e2830f2b58c5fbde944437c8197c383f13b9c96ea1e05614dee863fc7fa56e,0.0
3759,0xa30d8157911ef23c46c0eb71889efe6a648a41f7,1513318882,0xaf30d2a7e90d7dc361c8c4585e9bb7d2f6f15bc7,0xc602de153a264d06bc159ce4afc60a70e1d4115d8ffc3f1d4251c7a20dd05d2e,0.0
3760,0xa30d8157911ef23c46c0eb71889efe6a648a41f7,1513319052,0x86fa049857e0209aa7d9e616f7eb3b3b78ecfdb0,0xe28acf106001265bce75547f857a17f9977ae9460b5edc32a988b7bfaa9f0c0f,0.0
3761,0xa30d8157911ef23c46c0eb71889efe6a648a41f7,1513319342,0xf7920b0768ecb20a123fac32311d07d193381d6f,0xdf5a00bd355433dafb90a9317c9fa65b20ac719c50b93114256adada2369fceb,0.0
3762,0xa30d8157911ef23c46c0eb71889efe6a648a41f7,1513319385,0xf7920b0768ecb20a123fac32311d07d193381d6f,0x20afdfb4f9bd4744b7ed0ee6874bec90cbed33da5a738a966a224b0dec4a1bbb,0.0
3763,0xa30d8157911ef23c46c0eb71889efe6a648a41f7,1513319481,0x86fa049857e0209aa7d9e616f7eb3b3b78ecfdb0,0x492a6e878ae0c7379d43e8537c37e23e9b57b7e39b83a5e568997d561eaacfce,0.0
3764,0xa30d8157911ef23c46c0eb71889efe6a648a41f7,1513319520,0xf7920b0768ecb20a123fac32311d07d193381d6f,0x9fdabe1708618e1d7e75554923018b88e499308a3faec72b87239c1e15e21e2a,0.0
3765,0xa30d8157911ef23c46c0eb71889efe6a648a41f7,1513319520,0x86fa049857e0209aa7d9e616f7eb3b3b78ecfdb0,0x40c634000898a8e1ff9103074ffbc857ba6b2c7da6dafef688a31fa5da334fa8,0.0
3766,0xa30d8157911ef23c46c0eb71889efe6a648a41f7,1513319578,0x0f5d2fb29fb7d3cfee444a200298f468908cc942,0x2d6512077b713eabc85fb4aa683d03022c5698bcd181edaf8ccc1ddf09bd1e3a,0.0
3767,0xa30d8157911ef23c46c0eb71889efe6a648a41f7,1513319619,0xecfea4b01d68d7cb2ceebc312be0cb2a4f827ad1,0x4d7a7da033eb0155367b64a12a8b1fe89da0ae4f10556ad472b115722204aab9,7.46
3768,0xa30d8157911ef23c46c0eb71889efe6a648a41f7,1513319740,0xf7920b0768ecb20a123fac32311d07d193381d6f,0x8e438cf7830251bdd2f497a1b4aecfee419202df655cd84ce755d832127417af,0.0
3769,0xa30d8157911ef23c46c0eb71889efe6a648a41f7,1513319787,0xf7920b0768ecb20a123fac32311d07d193381d6f,0x027908bde5064c00d743a6672806a48507629766fbafa3750a38cc0250603cad,0.0
3770,0xa30d8157911ef23c46c0eb71889efe6a648a41f7,1513319833,0xf7920b0768ecb20a123fac32311d07d193381d6f,0xc9c40f3dbc55d36d7abe318102bd7eee573aa0c3a8a00417694793db377a1981,0.0
3771,0xa30d8157911ef23c46c0eb71889efe6a648a41f7,1513319833,0xd850942ef8811f2a866692a623011bde52a462c1,0x5e4bfa055509768f6d62fd48c3fc4bb9aaf87540be045c0034292b9c427e5747,0.0
3772,0xa30d8157911ef23c46c0eb71889efe6a648a41f7,1513319833,0xf7920b0768ecb20a123fac32311d07d193381d6f,0x363684e219f4399bc68127a3adcf5144b097f20e3a3c996f8048a2e990e416f0,0.0
3773,0xa30d8157911ef23c46c0eb71889efe6a648a41f7,1513319860,0xf7920b0768ecb20a123fac32311d07d193381d6f,0x9d654854d79e1e331e80e66ec427fb6ea54285927fc6e582e55c4ce1918d198a,0.0
3774,0xa30d8157911ef23c46c0eb71889efe6a648a41f7,1513320054,0xd850942ef8811f2a866692a623011bde52a462c1,0xd5c387938c74754b9726dd06102174f2a85805c07c4dfb0b50179bb5bba52e66,0.0
3775,0xa30d8157911ef23c46c0eb71889efe6a648a41f7,1513320078,0xd850942ef8811f2a866692a623011bde52a462c1,0xb8be4c90f7eac3718f6c41be12c4d5bd483e50e406eb46ecb1f20525d966d981,0.0
3776,0xa30d8157911ef23c46c0eb71889efe6a648a41f7,1513320185,0xaf30d2a7e90d7dc361c8c4585e9bb7d2f6f15bc7,0x42e4eeccc11c7b5c98d5b973e5a5bc2c03e744c0abf22312946c560286f36b3a,0.0
3777,0xa30d8157911ef23c46c0eb71889efe6a648a41f7,1513320368,0x0f5d2fb29fb7d3cfee444a200298f468908cc942,0xc14e7bd1737bbe621f7217ec5a0cce7babfbc980a54c9a89df5329f0f9a2b915,0.0
3778,0xa30d8157911ef23c46c0eb71889efe6a648a41f7,1513320431,0xf7920b0768ecb20a123fac32311d07d193381d6f,0x5cc69bd3b6f23d4c850ba6ed2988c32827b22665a41671919db6e042fc56e83f,0.0
3779,0xa30d8157911ef23c46c0eb71889efe6a648a41f7,1513320470,0xf7920b0768ecb20a123fac32311d07d193381d6f,0x1996dbf690b34db3f6dac3697a0b6b062817fd71dec6c04c94a4ffafbe1f58a8,0.0
3780,0xa30d8157911ef23c46c0eb71889efe6a648a41f7,1513320610,0xf7920b0768ecb20a123fac32311d07d193381d6f,0x85f08d5e07002988c573d9a09a4ba5e4b711c0434765d958a47cc7addbb2d98f,0.0
3781,0xa30d8157911ef23c46c0eb71889efe6a648a41f7,1513320742,0xf7920b0768ecb20a123fac32311d07d193381d6f,0xcc7653a466e4bc4f7a25aec6e89f0e2bfceee055bdabe512b575d249c45ae83a,0.0
3782,0xa30d8157911ef23c46c0eb71889efe6a648a41f7,1513320764,0xf7920b0768ecb20a123fac32311d07d193381d6f,0xf2e9ce16d57292c49e82de1ef8456f9db72ec852341d6d03344af3dda5d44b2d,0.0
3783,0xa30d8157911ef23c46c0eb71889efe6a648a41f7,1513320771,0xf7920b0768ecb20a123fac32311d07d193381d6f,0xa9dc9dc5466d53bc70d0cf27cedd84f3008ec140ef72f578fbf5d4103e16f754,0.0
3784,0xa30d8157911ef23c46c0eb71889efe6a648a41f7,1513320850,0xda45daaec0c84ff4c36f35f9c1962bfe092362e2,0x8b3fc2aaa4532510e3e075f709afdb2d718c2616f8e89313ef102b12e4d2f3ef,40.0
3785,0xa30d8157911ef23c46c0eb71889efe6a648a41f7,1513320951,0xf7920b0768ecb20a123fac32311d07d193381d6f,0x2bb05b2930237ff882db62162afa2dddbe3fc974534dd975813300d15af67e0c,0.0
3786,0xa30d8157911ef23c46c0eb71889efe6a648a41f7,1513320976,0x8effd494eb698cc399af6231fccd39e08fd20b15,0xa5ab92f98b74b9d683e8e85c561ac1cdcfae0b6dd5854d371433874519f5a873,0.0
3787,0xa30d8157911ef23c46c0eb71889efe6a648a41f7,1513321260,0xd850942ef8811f2a866692a623011bde52a462c1,0x4e75e0efa85db54a963405f76d8e8543eaf918a89116222367b0b23faf2eaeec,0.0
3788,0xa30d8157911ef23c46c0eb71889efe6a648a41f7,1513321509,0x20c1af00a2dd51b2b4645901743ec11a07e45d85,0xf08ab24505f0411566f6d4c206aa4beb842e7e95d917032b7a4a23fa0a45d76d,0.01
3789,0xa30d8157911ef23c46c0eb71889efe6a648a41f7,1513321595,0xf7920b0768ecb20a123fac32311d07d193381d6f,0x3c56c3b202a5af3f93c12c5849d0922755ae39d4d91adada40f4f0294f0c3f44,0.0
3790,0xa30d8157911ef23c46c0eb71889efe6a648a41f7,1513321649,0xf7920b0768ecb20a123fac32311d07d193381d6f,0xbaf76b3ddd07e37722c69def532759194b2ab0a801a0af82b5a443ba42fb4668,0.0
3791,0xa30d8157911ef23c46c0eb71889efe6a648a41f7,1513321732,0xe0b7927c4af23765cb51314a0e0521a9645f0e2a,0x6dbac10897634ff7133ec26f6c8da86bb67b579052a3c32245f5578eede1c266,0.0
3792,0xa30d8157911ef23c46c0eb71889efe6a648a41f7,1513321798,0xb63b606ac810a52cca15e44bb630fd42d8d1d83d,0xca4130bbd0d1741e5c7a869ef08cc6ccd174da92a706f895a78f027f6a5c24ca,0.0
3793,0xa30d8157911ef23c46c0eb71889efe6a648a41f7,1513321831,0xb63b606ac810a52cca15e44bb630fd42d8d1d83d,0x0d90e3302a5f156f87044ea858a16af47c145d106f6134950b433f42f7537221,0.0
3794,0xa30d8157911ef23c46c0eb71889efe6a648a41f7,1513321883,0xf7920b0768ecb20a123fac32311d07d193381d6f,0xa36709de15c5d49451f6f4707ab7eb0bdaa48a6a0f5f0ddfa6447c8b2765b674,0.0
3795,0xa30d8157911ef23c46c0eb71889efe6a648a41f7,1513321973,0x86fa049857e0209aa7d9e616f7eb3b3b78ecfdb0,0x6b403d43445aa465988620254a827d5912a99c488f8407ddd57859bc55b14c8a,0.0
3796,0xa30d8157911ef23c46c0eb71889efe6a648a41f7,1513322218,0xe0b7927c4af23765cb51314a0e0521a9645f0e2a,0x01e9d5e3cf6a8f208388753bc93ef8c27795515bb516a76563d327065c9eeb75,0.0
3797,0xa30d8157911ef23c46c0eb71889efe6a648a41f7,1513322348,0xb63b606ac810a52cca15e44bb630fd42d8d1d83d,0x7f4b2662663ebadecd6e35b10e4f7121459889970d1ed5d0975d86b5e47ab232,0.0
3798,0xa30d8157911ef23c46c0eb71889efe6a648a41f7,1513322357,0x461733c17b0755ca5649b6db08b3e213fcf22546,0xe85e1cccfef0559a1b49258128e73431f2a2ace71a4c1a54caa01fd7ac65aa08,0.0
3799,0xa30d8157911ef23c46c0eb71889efe6a648a41f7,1513322564,0x86fa049857e0209aa7d9e616f7eb3b3b78ecfdb0,0xed2a33f78667fdf2792f6ff6cb1f9a48b8bd2ffa74a95f720aac5d693898997c,0.0
3800,0xa30d8157911ef23c46c0eb71889efe6a648a41f7,1513322590,0x86fa049857e0209aa7d9e616f7eb3b3b78ecfdb0,0x54492478b115452b2a5c579ff7a5a0379aa4271220c9d5de9d238986d0bf3bea,0.0
3801,0xa30d8157911ef23c46c0eb71889efe6a648a41f7,1513322605,0xf7920b0768ecb20a123fac32311d07d193381d6f,0xc320ca9ee1157c8ee01503a7b1f278259044104ee87ff760ba0dd6d918d9fa35,0.0
3802,0xa30d8157911ef23c46c0eb71889efe6a648a41f7,1513322800,0xd850942ef8811f2a866692a623011bde52a462c1,0x8235f1ef3925fd4a7b12ded4782b859031d837b2a5a94c24b822b618966c4ad4,0.0
3803,0xa30d8157911ef23c46c0eb71889efe6a648a41f7,1513322822,0xfa05a73ffe78ef8f1a739473e462c54bae6567d9,0x76bee9902b7cb83d7af3b10d58df3c43b5e2cdb03bccf368d775e1fc5bf45c47,0.0
3804,0xa30d8157911ef23c46c0eb71889efe6a648a41f7,1513322899,0xb97048628db6b661d4c2aa833e95dbe1a905b280,0x97debbcf4035e7b7b4e003812a028e40ed6acda10be879107710efbd90870182,0.0
3805,0xa30d8157911ef23c46c0eb71889efe6a648a41f7,1513322899,0xf7920b0768ecb20a123fac32311d07d193381d6f,0x449a5084364405a97882a65fa0091a067d30066f38124512064439b0a957611f,0.0
3806,0xa30d8157911ef23c46c0eb71889efe6a648a41f7,1513322936,0x2e3d43f8e83cb41283ab1acb062444d9c64a6e58,0x186283703630cc24fa5539c1a3b39b9b68b217971673ecfff45c6a9d51484aa5,2.0
3807,0xa30d8157911ef23c46c0eb71889efe6a648a41f7,1513322953,0xf7920b0768ecb20a123fac32311d07d193381d6f,0x30b376d7d87539597dfebed160251ff8deda19aca2bf8602efb105a3e01435ba,0.0
3808,0xa30d8157911ef23c46c0eb71889efe6a648a41f7,1513323018,0xf7920b0768ecb20a123fac32311d07d193381d6f,0x483c88b46cdea3553d66a290a39fc5138c8921fb13d4be786d3d5757426221ba,0.0
3809,0xa30d8157911ef23c46c0eb71889efe6a648a41f7,1513323129,0xf7920b0768ecb20a123fac32311d07d193381d6f,0x7be4b2f5a2191b952ac2d26921c6632e021972f03931f587785f09363b6da97b,0.0
3810,0xa30d8157911ef23c46c0eb71889efe6a648a41f7,1513323202,0x0f5d2fb29fb7d3cfee444a200298f468908cc942,0x79c92f93e98533361f7a7d62cbc62ae1051a4af2051eec0374df89ed0975160d,0.0
3811,0xa30d8157911ef23c46c0eb71889efe6a648a41f7,1513323239,0x0f5d2fb29fb7d3cfee444a200298f468908cc942,0x7fe04205d53879bed185b6a93f3814d19769b449ed0a50f3f76cf826e36a24dd,0.0
3812,0xa30d8157911ef23c46c0eb71889efe6a648a41f7,1513323264,0x86fa049857e0209aa7d9e616f7eb3b3b78ecfdb0,0xb07c50c22f741041b2ee7668a05957aa45de55aae503a8779e592abae723d7c8,0.0
3813,0xa30d8157911ef23c46c0eb71889efe6a648a41f7,1513323297,0xf7920b0768ecb20a123fac32311d07d193381d6f,0x74384a6dae908666584e8a5c801ad69012425bbef29edb43b49c667a78978f0c,0.0
3814,0xa30d8157911ef23c46c0eb71889efe6a648a41f7,1513323316,0xf7920b0768ecb20a123fac32311d07d193381d6f,0x8792e75aafbe365c300c16b9f62e2ee8853318124f1a9394ee30fedc152258cb,0.0
3815,0xa30d8157911ef23c46c0eb71889efe6a648a41f7,1513323525,0xf7920b0768ecb20a123fac32311d07d193381d6f,0xf5794ff3e4f3f373ca79e9140ecb3279f4587ee2914f1846e02f8258bcb454e1,0.0
3816,0xa30d8157911ef23c46c0eb71889efe6a648a41f7,1513323555,0xf7920b0768ecb20a123fac32311d07d193381d6f,0xdd603111a86e3aa637ac2337057a8ffa19b7bc35098b2184909e99490f1cbbae,0.0
3817,0xa30d8157911ef23c46c0eb71889efe6a648a41f7,1513323593,0x208c25ea26f411a2927ad1cfdf93af79794dca2c,0xe91ac00cc786ac096b70f862251b15d869c5fa9c358ab47e80450620d221d1fb,0.0464
3818,0xa30d8157911ef23c46c0eb71889efe6a648a41f7,1513323637,0xf7920b0768ecb20a123fac32311d07d193381d6f,0xcc901a2e94079c238936223ec86b2300ac1de4c0f5a48aeed261542c2d37ea4d,0.0
3819,0xa30d8157911ef23c46c0eb71889efe6a648a41f7,1513323736,0xf7920b0768ecb20a123fac32311d07d193381d6f,0x3eaa9c841dd00735116336c9648e3d25d8736447f77d260b94e676e0e1c17cfb,0.0
3820,0xa30d8157911ef23c46c0eb71889efe6a648a41f7,1513323736,0xf7920b0768ecb20a123fac32311d07d193381d6f,0x32299c67b1bab0ea4f8d078b936a0464ef67788432d1177adb7ce6b6c67cb473,0.0
3821,0xa30d8157911ef23c46c0eb71889efe6a648a41f7,1513323779,0xf7920b0768ecb20a123fac32311d07d193381d6f,0xe192c93715259f05003c644ebe2d4cb7cd7f3de0eb69e060573db38e1f19d43f,0.0
3822,0xa30d8157911ef23c46c0eb71889efe6a648a41f7,1513323784,0xf7920b0768ecb20a123fac32311d07d193381d6f,0xd8cdf58c9f495a84ac0860165ee68baa9ce11cc9386f0e9b2c752b663a6f086d,0.0
3823,0xa30d8157911ef23c46c0eb71889efe6a648a41f7,1513323902,0x6eef944b09a8659e3df1344e4014ee49d97c73e6,0x36ab53788d97fb746fe810429f94b744c15c0ae60a959395994ea11ae07e47b1,1.99
3824,0xa30d8157911ef23c46c0eb71889efe6a648a41f7,1513323939,0xf27db1e170bb7b6d3e045eccf4df10c663b7b184,0x64038358537daa0a1953ff5e3253ef305a866cfd94fc43236dbc80de19c313d8,1.35
3825,0xa30d8157911ef23c46c0eb71889efe6a648a41f7,1513323939,0xa74476443119a942de498590fe1f2454d7d4ac0d,0xf226d0fcb6c8d87dd06195470e9601fede60c984bdf8c7bc53cb7187c5f5e63e,0.0
3826,0xa30d8157911ef23c46c0eb71889efe6a648a41f7,1513323939,0xf7920b0768ecb20a123fac32311d07d193381d6f,0x80f680a93361c17228ebc85c9cb28db7e58f7968c1d5b209966b5ab568c38a65,0.0
3827,0xa30d8157911ef23c46c0eb71889efe6a648a41f7,1513323985,0xf7920b0768ecb20a123fac32311d07d193381d6f,0x7b5402daeb2bf80bf0f66e546e36a8fe72ea254b8905e82165253501d1c2d47d,0.0
3828,0xa30d8157911ef23c46c0eb71889efe6a648a41f7,1513323993,0xf7920b0768ecb20a123fac32311d07d193381d6f,0x6fc07a6c479e40672fcb0f32a1eb11644893e5e39f8015d19ff0c21d92e99423,0.0
3829,0xa30d8157911ef23c46c0eb71889efe6a648a41f7,1513324080,0xf7920b0768ecb20a123fac32311d07d193381d6f,0x3a4f9e220d84e65d8802a0eb9f186168b00d832e65ba941632c3cb1ff47b5a3f,0.0
3830,0xa30d8157911ef23c46c0eb71889efe6a648a41f7,1513324094,0x9c43c9066f4f68323de9ccf8e76bed3e4de57697,0x940338899e5b620c017f54db90c6dcd72894e34b92825e9a45c26d6f498ef702,2.19
3831,0xa30d8157911ef23c46c0eb71889efe6a648a41f7,1513324094,0xf7920b0768ecb20a123fac32311d07d193381d6f,0xf91b816627b7b5e888aa7c474f4c10ad565982b8b8ea555c5b05336fc4d9adde,0.0
3832,0xa30d8157911ef23c46c0eb71889efe6a648a41f7,1513324167,0x0f5d2fb29fb7d3cfee444a200298f468908cc942,0xeeb09193a7fd4b177dda745de674964b9751664230cb69f2439ab7213c5fc0c4,0.0
3833,0xa30d8157911ef23c46c0eb71889efe6a648a41f7,1513324193,0xf7920b0768ecb20a123fac32311d07d193381d6f,0x2fbe463422ab492185ce0bdb9aca9bddcbce455f90bf3ff5aeb7c96e63eeac2b,0.0
3834,0xa30d8157911ef23c46c0eb71889efe6a648a41f7,1513324243,0xf7920b0768ecb20a123fac32311d07d193381d6f,0xc7bfa866c8ad58fd225ccc6b53b1e59aeeafc5c4b7e724a594542e4e753ac522,0.0
3835,0xa30d8157911ef23c46c0eb71889efe6a648a41f7,1513324267,0xf7920b0768ecb20a123fac32311d07d193381d6f,0x7af6c95eeeec4c9668a7ca81689207a8329345a464374a21ece132570ffd5669,0.0
3836,0xa30d8157911ef23c46c0eb71889efe6a648a41f7,1513324375,0xd850942ef8811f2a866692a623011bde52a462c1,0x49e4458dd7367d204d6ad191e15dae0648e89234e935e3254aa2fbc185b3619a,0.0
3837,0xa30d8157911ef23c46c0eb71889efe6a648a41f7,1513324380,0xf7920b0768ecb20a123fac32311d07d193381d6f,0xa8a84f253992373d84e0050875c04d0d279e54215a69f31ca155bcd2e3497a0f,0.0
3838,0xa30d8157911ef23c46c0eb71889efe6a648a41f7,1513324422,0xf7920b0768ecb20a123fac32311d07d193381d6f,0x02c21be8b876aaaa5f9a74bd43dc22e908db24bf4ec7417a43999f8402d7df6c,0.0
3839,0xa30d8157911ef23c46c0eb71889efe6a648a41f7,1513324422,0xf7920b0768ecb20a123fac32311d07d193381d6f,0x79baa8db9ffb16e192b25e7d04bbb12e157825ac83b9e74efe345a58d5210973,0.0
3840,0xa30d8157911ef23c46c0eb71889efe6a648a41f7,1513324422,0xf7920b0768ecb20a123fac32311d07d193381d6f,0x6da78037c80f85cdb86b8d740339222f6abc88308ac366336d9e92300f9dcd10,0.0
3841,0xa30d8157911ef23c46c0eb71889efe6a648a41f7,1513324538,0xf7920b0768ecb20a123fac32311d07d193381d6f,0x34edd3e0b84de5a927d080cff6b76437bbc23a5f8a28b44b146d73c055610b3a,0.0
3842,0xa30d8157911ef23c46c0eb71889efe6a648a41f7,1513324575,0xf7920b0768ecb20a123fac32311d07d193381d6f,0xccd712566bf4c0f89b46177d8a727fa93f18cfc22004427cbd320c59fb72bb47,0.0
3843,0xa30d8157911ef23c46c0eb71889efe6a648a41f7,1513324590,0xf7920b0768ecb20a123fac32311d07d193381d6f,0x5516f694aa1c7c7086817f88b7df15b026690b4aa8abfb9411c9373fe1683f13,0.0
3844,0xa30d8157911ef23c46c0eb71889efe6a648a41f7,1513324609,0x0f5d2fb29fb7d3cfee444a200298f468908cc942,0x583ad6b52844a33f6fe061ca45fac1d9d7731b3e5564b95edaebf89cbd1ab632,0.0
3845,0xa30d8157911ef23c46c0eb71889efe6a648a41f7,1513324730,0xf7920b0768ecb20a123fac32311d07d193381d6f,0xefc9c39eba45a8688b92d69af6d2d3e758ff044b628f3fbacc024e4ad49e8aa7,0.0
3846,0xa30d8157911ef23c46c0eb71889efe6a648a41f7,1513324783,0x6c9b0ce2643aac06c582ca23f98761610b01e6c8,0xf47579837ce98efaec1746033e4d3366464624660a672cd30d5a5108252ab0a6,1.0
3847,0xa30d8157911ef23c46c0eb71889efe6a648a41f7,1513324849,0x86fa049857e0209aa7d9e616f7eb3b3b78ecfdb0,0xbef5577d267426a395fc9cbee263183cca06c3daa437caa42427826529f2f06d,0.0
3848,0xa30d8157911ef23c46c0eb71889efe6a648a41f7,1513324862,0x0f5d2fb29fb7d3cfee444a200298f468908cc942,0x1bf93f381bbbd97717cb08c308599ddc8588d2deea19c7f029f4e1f0458f0515,0.0
3849,0xa30d8157911ef23c46c0eb71889efe6a648a41f7,1513324906,0xf7920b0768ecb20a123fac32311d07d193381d6f,0xd813704fcdf1cbd41fb45b9ad79384997cbf97be2b3a547d74bec5ca7030f00c,0.0
3850,0xa30d8157911ef23c46c0eb71889efe6a648a41f7,1513324941,0xf7920b0768ecb20a123fac32311d07d193381d6f,0x921094631639fc691a9b423ecf10334e607af0f48afa098b728392dd4871c835,0.0
3851,0xa30d8157911ef23c46c0eb71889efe6a648a41f7,1513325072,0xf7920b0768ecb20a123fac32311d07d193381d6f,0x8bc97f6566da6e53f91670e00f4db557859593dda1cd315442fc7810bcd81baf,0.0
3852,0xa30d8157911ef23c46c0eb71889efe6a648a41f7,1513325072,0xf7920b0768ecb20a123fac32311d07d193381d6f,0x70d4ac759e3c9cee0d466d519d28f1ef0ebb4745297ee5a7db2a983182d28390,0.0
3853,0xa30d8157911ef23c46c0eb71889efe6a648a41f7,1513325083,0xf7920b0768ecb20a123fac32311d07d193381d6f,0x8a114c19441714efad916f7827d84c9a04a598bb6e39f906c17c1185ca260301,0.0
3854,0xa30d8157911ef23c46c0eb71889efe6a648a41f7,1513325199,0xab6335bf5e4f10ada6272c8df1cf155436d0015a,0xc228dc490c158138d89a6d249093ffe3f0f9ef0e6ac8b5f570e482d3043cfc0a,150.0
3855,0xa30d8157911ef23c46c0eb71889efe6a648a41f7,1513325237,0xf7920b0768ecb20a123fac32311d07d193381d6f,0xf02b3c9daeb5bdb6658e74512c5bd6542b24ac28a7e2be1b12285e4bb42f2fad,0.0
3856,0xa30d8157911ef23c46c0eb71889efe6a648a41f7,1513325290,0xf7920b0768ecb20a123fac32311d07d193381d6f,0x1a302642cc71627df564030d4b9e1535fd5b1c6e621296dcd3241f584439b4cb,0.0
3857,0xa30d8157911ef23c46c0eb71889efe6a648a41f7,1513325314,0x86fa049857e0209aa7d9e616f7eb3b3b78ecfdb0,0xae74eb588b4fe7f0da9b51c72e5ffd04fe8f9deb8e9989029a37a28ce9cccd4f,0.0
3858,0xa30d8157911ef23c46c0eb71889efe6a648a41f7,1513325413,0xf7920b0768ecb20a123fac32311d07d193381d6f,0x1b1b1049162f1dd40d49e18fb7f08240b3b2ac7fc54f5e87f8b2962e1a0fba25,0.0
3859,0xa30d8157911ef23c46c0eb71889efe6a648a41f7,1513325428,0xed133beb3fe32b331b4b49ae2e0be7aa0fb85295,0xa17431fcc02f6667feae49a5d20f1db4e192d21f6d8aa5e02cbc26704e2b8a43,9.99
3860,0xa30d8157911ef23c46c0eb71889efe6a648a41f7,1513325437,0xf7920b0768ecb20a123fac32311d07d193381d6f,0xcee7221d1ea5c2b07353377c18db803cd69a5cd8cebf1b06f84f771e8456ce10,0.0
3861,0xa30d8157911ef23c46c0eb71889efe6a648a41f7,1513325453,0xf7920b0768ecb20a123fac32311d07d193381d6f,0x758cb45fc7ddc5da5ea10b228b23cc53989f5f3cc128b6d85366311a0a1db605,0.0
3862,0xa30d8157911ef23c46c0eb71889efe6a648a41f7,1513325479,0xf7920b0768ecb20a123fac32311d07d193381d6f,0x09fa7089fa208934dfa96469f93b155c123a3952d489b515cea4afca1537b5cf,0.0
3863,0xa30d8157911ef23c46c0eb71889efe6a648a41f7,1513325556,0xf7920b0768ecb20a123fac32311d07d193381d6f,0xbd0a819af33e5a9266211c77cd3ee127018acbcadaac4811e4f855dad426e844,0.0
3864,0xa30d8157911ef23c46c0eb71889efe6a648a41f7,1513325576,0xf7920b0768ecb20a123fac32311d07d193381d6f,0x2dbdcf313237bdeeb65f2dff305227bb01656a75f3fe1099e26f4afabd5be5c2,0.0
3865,0xa30d8157911ef23c46c0eb71889efe6a648a41f7,1513325576,0xf7920b0768ecb20a123fac32311d07d193381d6f,0xc2db4e19523724397d570e73220b8b9be278993509c90beef1ef56cc0a8d30e6,0.0
3866,0xa30d8157911ef23c46c0eb71889efe6a648a41f7,1513325637,0x86fa049857e0209aa7d9e616f7eb3b3b78ecfdb0,0xd3aa277b2e063651bed9e4dd7c90450c02390e3e0436af98633fe2058c579fe1,0.0
3867,0xa30d8157911ef23c46c0eb71889efe6a648a41f7,1513325789,0xd850942ef8811f2a866692a623011bde52a462c1,0xaebbedad93e0912f7da796ab81fb15c4f14e9de059330735a27096b078760f8e,0.0
3868,0xa30d8157911ef23c46c0eb71889efe6a648a41f7,1513325821,0xf7920b0768ecb20a123fac32311d07d193381d6f,0x6b426b433c1e84c79e6515e427b8c9bab581be84df5a1c26d9fc22d977af5bde,0.0
3869,0xa30d8157911ef23c46c0eb71889efe6a648a41f7,1513325887,0xf7920b0768ecb20a123fac32311d07d193381d6f,0xdf87a40e19039efd38c3cdd7e2a0a61eff157c88106b186af3d524dba7a333d0,0.0
3870,0xa30d8157911ef23c46c0eb71889efe6a648a41f7,1513326089,0xf7920b0768ecb20a123fac32311d07d193381d6f,0x2be8230dd025944efed967bfe5b41b8dde887469c87644cac418d2da1db3295f,0.0
3871,0xa30d8157911ef23c46c0eb71889efe6a648a41f7,1513326098,0xf7920b0768ecb20a123fac32311d07d193381d6f,0x4107b6dbba782b3259ee75a0fd0703f514a37b4c3e51ab17f68659e8423ffe9a,0.0
3872,0xa30d8157911ef23c46c0eb71889efe6a648a41f7,1513326239,0x86fa049857e0209aa7d9e616f7eb3b3b78ecfdb0,0xc250ca8edd175da7f62d6d2da3017988fc657bc8cb2402e0d155f86360d0cd99,0.0
3873,0xa30d8157911ef23c46c0eb71889efe6a648a41f7,1513326363,0x86fa049857e0209aa7d9e616f7eb3b3b78ecfdb0,0x39cb5c28f032dddabd588d5a76739b3ce59f33e864efad56fdeb952e45f8ddcb,0.0
3874,0xa30d8157911ef23c46c0eb71889efe6a648a41f7,1513326453,0xf7920b0768ecb20a123fac32311d07d193381d6f,0xee84b7360b3f03cf1799a3c1dfeb2c4fd4837820d75b261f77f49736168f035c,0.0
3875,0xa30d8157911ef23c46c0eb71889efe6a648a41f7,1513326511,0x9ef5dcd71a624fe30ef9c7ebc47090e80fbeaaf9,0x130f543e47cdfeca0ebda431600deee0dea87145137358c7df4e024f52b8d9ee,0.8809999999999999
3876,0xa30d8157911ef23c46c0eb71889efe6a648a41f7,1513326544,0xf7920b0768ecb20a123fac32311d07d193381d6f,0x84d5db182f0f62bce120bb9d57d704d507cf9fd1fe9672d700074cbf7756c197,0.0
3877,0xa30d8157911ef23c46c0eb71889efe6a648a41f7,1513326587,0x6c9b0ce2643aac06c582ca23f98761610b01e6c8,0xbc0de180dd42e8628dab21b9d42696673580513b46bc3b469f840535515464e2,1.3
3878,0xa30d8157911ef23c46c0eb71889efe6a648a41f7,1513326674,0x3dfce1e1dd8b8250f828ec1d2dc74f0c0dbbedcd,0x8234120751edb4606662e032ad95e09c284689de70e399befca9c80a2f770e26,2.0
3879,0xa30d8157911ef23c46c0eb71889efe6a648a41f7,1513326709,0x744d70fdbe2ba4cf95131626614a1763df805b9e,0x54b585522f588cc985f320ce10066e95e774888211563090e4f1b56584a84524,0.0
3880,0xa30d8157911ef23c46c0eb71889efe6a648a41f7,1513326795,0x55adcaa7c2f5b8faac805d32e6c021ec98098ed3,0xbc601dee893eb9953109e0112f4fe09041388b6f36b65bc5ff4575070ed3a4a1,3.0
3881,0xa30d8157911ef23c46c0eb71889efe6a648a41f7,1513326800,0x86fa049857e0209aa7d9e616f7eb3b3b78ecfdb0,0x68d985ffe0424ac1adf5cb9ecaa914c2e2a8ba676964d2bac25de1ad0cbc232c,0.0
3882,0xa30d8157911ef23c46c0eb71889efe6a648a41f7,1513326823,0x86fa049857e0209aa7d9e616f7eb3b3b78ecfdb0,0x07f9a7d0a090eddfb182d9e611ae45e2907c5c51753f57267b036ab87ef1da6f,0.0
3883,0xa30d8157911ef23c46c0eb71889efe6a648a41f7,1513326935,0x86fa049857e0209aa7d9e616f7eb3b3b78ecfdb0,0x4e597c56e9710a58131e4672d9152384d7bd4af442e069cdfcccc5d63d622a33,0.0
3884,0x4be2166a8dbe25e79a9b30b4ce26858e10d21e92,1513326966,0xdecad07bcba1a655d908307617d7cc48e6228b99,0x52b6af6bacf3265fb19bc726a89d6fd3c9f26786a2021abcf5a0057dbdd1f5ab,0.0
3885,0xa30d8157911ef23c46c0eb71889efe6a648a41f7,1513327035,0x86fa049857e0209aa7d9e616f7eb3b3b78ecfdb0,0xf831faddb43050576ea27d1587467713670e53907d73378c7c796f2680c2c050,0.0
3886,0xa30d8157911ef23c46c0eb71889efe6a648a41f7,1513327044,0xf7920b0768ecb20a123fac32311d07d193381d6f,0x4fba94915b39fdf9941af38dc95398ab0acff3e121e9c20d57df27a42eb74697,0.0
3887,0xa30d8157911ef23c46c0eb71889efe6a648a41f7,1513327047,0xf7920b0768ecb20a123fac32311d07d193381d6f,0x295a95d9d1dc06355d91bd3f30c16f9f234eb542c8df4aef99e60343ea3994d8,0.0
3888,0x4be2166a8dbe25e79a9b30b4ce26858e10d21e92,1513327064,0xdecad07bcba1a655d908307617d7cc48e6228b99,0x92cadcddf2f84c5921496f0706e5313a4d60c234254440e3b166a884cca5060c,0.0
3889,0x17bc58b788808dab201a9a90817ff3c168bf3d61,1513327146,0xa30d8157911ef23c46c0eb71889efe6a648a41f7,0x4698cf71ce55e2b979be5455c20c42465f0e05189f14da644e021991b07536ac,310.43835058592566
3890,0xa30d8157911ef23c46c0eb71889efe6a648a41f7,1513327329,0xf7920b0768ecb20a123fac32311d07d193381d6f,0x0066ba4f6322eb9f870849af493959dd4a295f38a60e2f5b461d7b9c96075a95,0.0
3891,0x4be2166a8dbe25e79a9b30b4ce26858e10d21e92,1513327472,0xdecad07bcba1a655d908307617d7cc48e6228b99,0x725408be40fc78120a0f8f59c5fdb456deee58ad0b1fd335ce5f45623a53fd75,0.0
3892,0xa30d8157911ef23c46c0eb71889efe6a648a41f7,1513327562,0x0f5d2fb29fb7d3cfee444a200298f468908cc942,0xf8a6af4059eb9488986bc9e1759742fd344412eb1fcc4fa0a4fbc63dff7dd713,0.0
3893,0xa30d8157911ef23c46c0eb71889efe6a648a41f7,1513327584,0x744d70fdbe2ba4cf95131626614a1763df805b9e,0xc97fff9e4f8e61cbe81db37b3f7641d1dec18b6eee7e2ed38ac3f09c7a8aff4a,0.0
3894,0xa30d8157911ef23c46c0eb71889efe6a648a41f7,1513327616,0xa74476443119a942de498590fe1f2454d7d4ac0d,0x2122ced6ed3a4a88247bbd4d844d0872aa944f61b941403577af4887ac9905b0,0.0
3895,0x4be2166a8dbe25e79a9b30b4ce26858e10d21e92,1513327616,0xdecad07bcba1a655d908307617d7cc48e6228b99,0xd15252e05a366eecbf6490d89acc91077d40a0fe5c141492261f85f25e20e3c4,0.0
3896,0x4be2166a8dbe25e79a9b30b4ce26858e10d21e92,1513327722,0xdecad07bcba1a655d908307617d7cc48e6228b99,0x27a3e4ee5422b0c9d42f22ec5c1b00b8f3f5cbc7ebfac7ac53caecd30a8561af,0.0
3897,0xa30d8157911ef23c46c0eb71889efe6a648a41f7,1513327788,0x86fa049857e0209aa7d9e616f7eb3b3b78ecfdb0,0x80048f9cc0a2a8f281d767779dc3c7c576225bc4bc535b84b2c7c75e1833df4c,0.0
3898,0x4be2166a8dbe25e79a9b30b4ce26858e10d21e92,1513327822,0xdecad07bcba1a655d908307617d7cc48e6228b99,0x78897a3d4f11103375ae406765fa7b20114fdc481f3c0df41bd2ed1a11f1fdcd,0.0
3899,0xa30d8157911ef23c46c0eb71889efe6a648a41f7,1513327858,0x744d70fdbe2ba4cf95131626614a1763df805b9e,0x2078316200288953c813c8acbb67d67c72a56193770911680f1bfc93668cd1e9,0.0
3900,0x4be2166a8dbe25e79a9b30b4ce26858e10d21e92,1513327925,0xdecad07bcba1a655d908307617d7cc48e6228b99,0xafa3538ace424184987cc64faf264bf4295da02e81cfcddfd80477102221ebe6,0.0
3901,0xa30d8157911ef23c46c0eb71889efe6a648a41f7,1513327950,0x89c2d02b3fb3f99da27f3979c1eb7080816a9645,0xbf463a68a0e98c861a3555b0f650887c26bd967b7aeaf16fb843ceb3792efbac,11.98448
3902,0x4be2166a8dbe25e79a9b30b4ce26858e10d21e92,1513328121,0xdecad07bcba1a655d908307617d7cc48e6228b99,0xf7bf5e1dade4a052effd09869246387bdd2cd24f5796cf2e3bf4fea9b8f5a867,0.0
3903,0x4be2166a8dbe25e79a9b30b4ce26858e10d21e92,1513328308,0xdecad07bcba1a655d908307617d7cc48e6228b99,0x0e102a0fbd46e5188e24d0583b5219260389f93a1285b6d90e814b32ca18ae4d,0.0
3904,0xa30d8157911ef23c46c0eb71889efe6a648a41f7,1513328364,0xd850942ef8811f2a866692a623011bde52a462c1,0x4fe623bb3ccff5d61901bcc3a55a0515126dfb9b4f81e17a0c31314d14ceb606,0.0
3905,0xa30d8157911ef23c46c0eb71889efe6a648a41f7,1513328453,0x86fa049857e0209aa7d9e616f7eb3b3b78ecfdb0,0x07457fd9ffac8f55728f126ec3e36d827f4f1521befaab983ef2d62e5e4e8e46,0.0
3906,0x4be2166a8dbe25e79a9b30b4ce26858e10d21e92,1513328483,0xdecad07bcba1a655d908307617d7cc48e6228b99,0x6fffa461451f649f4dae6116d1d94c02fc1de5b8c6641c1fd2568f7d56790ebb,0.0
3907,0xa30d8157911ef23c46c0eb71889efe6a648a41f7,1513328483,0xf7920b0768ecb20a123fac32311d07d193381d6f,0x9f77dfdac4a40eddbfbcafc8bdfc6e2b31ab3e87d509896d82b4bb94f7426b8e,0.0
3908,0xa30d8157911ef23c46c0eb71889efe6a648a41f7,1513328552,0xf7920b0768ecb20a123fac32311d07d193381d6f,0x8cf1705727cd4a9f1f69892e2daeb959de537c239e704bc9ebe2ca3463d06e90,0.0
3909,0xa30d8157911ef23c46c0eb71889efe6a648a41f7,1513328751,0xf7920b0768ecb20a123fac32311d07d193381d6f,0x7cb8b5d5eb174f0336afca6892424f555f6ee1a8d907a7365478193cfad0629e,0.0
3910,0xa30d8157911ef23c46c0eb71889efe6a648a41f7,1513328779,0x5bf36d5057b82bc591fd2f686057c3db528bca6d,0xa23951f1018a8079e0c5f30e8ee1199ad4710b7f49fbb3e3df092ac12e67f226,1.1243
3911,0xa30d8157911ef23c46c0eb71889efe6a648a41f7,1513328909,0xf7920b0768ecb20a123fac32311d07d193381d6f,0x0dad79adffd88d74b6905b736666ca13cb090d51f52ab45a6f54a69ab3232f13,0.0
3912,0xa30d8157911ef23c46c0eb71889efe6a648a41f7,1513328936,0xf7920b0768ecb20a123fac32311d07d193381d6f,0x07be8d4ef5037a118c5b3fdc8d682473dd4e967add2bdd26099acb66d21db580,0.0
3913,0xa30d8157911ef23c46c0eb71889efe6a648a41f7,1513329325,0xf7920b0768ecb20a123fac32311d07d193381d6f,0xd502bc38fbb4f86f10f82d7631686bae2e65b770d3e6c2d22a2a1a4cca57b521,0.0
3914,0xa30d8157911ef23c46c0eb71889efe6a648a41f7,1513329363,0xf7920b0768ecb20a123fac32311d07d193381d6f,0x8b6c6fd8f4e48709ad1079d693628c4fbbc2be5ea3230350bfbe86879a4a9777,0.0
3915,0xa30d8157911ef23c46c0eb71889efe6a648a41f7,1513329465,0x11af24ce07a226def250bcd144812888be618393,0x349fc3976a33f004f824dd05c076a6598d056a3c5cf586be8bcadc5b0e3ae879,1.53
3916,0xa30d8157911ef23c46c0eb71889efe6a648a41f7,1513329495,0x86fa049857e0209aa7d9e616f7eb3b3b78ecfdb0,0x785609ba31076c3bb572df33a12deacf26a4a063eba7e865f95c8e82ad06566e,0.0
3917,0xa30d8157911ef23c46c0eb71889efe6a648a41f7,1513329789,0xf7920b0768ecb20a123fac32311d07d193381d6f,0x0ede98331f57cc32926f285dca105bd70002f03f5ca116541c8093a8db72adcd,0.0
3918,0xa30d8157911ef23c46c0eb71889efe6a648a41f7,1513329946,0x442bc47357919446eabc18c7211e57a13d983469,0xd9318b477fabe202e0adec71dfcac031b3bbc2641e76d4606ba3d4681e0a3672,0.0
3919,0xa30d8157911ef23c46c0eb71889efe6a648a41f7,1513330153,0x8569513eade4fb21b730425b08f06a5b186c39ef,0xf07b0ab2a4eb0422f5f8aa477c85c3f185bff14b4fbab70b164515f6271e5497,5.0
3920,0xa30d8157911ef23c46c0eb71889efe6a648a41f7,1513330476,0x86fa049857e0209aa7d9e616f7eb3b3b78ecfdb0,0x9ef66643e4fa616949732e8d75650fa19ac1bf93db45f5e82ad3b8a4b6aa1024,0.0
3921,0xa30d8157911ef23c46c0eb71889efe6a648a41f7,1513330537,0xb63b606ac810a52cca15e44bb630fd42d8d1d83d,0xccda1300d76a3fc780aefd536242faf208d5c0dade18c086e35e6119b61a752f,0.0
3922,0xa30d8157911ef23c46c0eb71889efe6a648a41f7,1513330555,0x744d70fdbe2ba4cf95131626614a1763df805b9e,0x6f794ec65c91e92c38ddac2aa9f6fb6fc6e36c796086a9e6d16aa6a22065c29c,0.0
3923,0xa30d8157911ef23c46c0eb71889efe6a648a41f7,1513330823,0x04e0fb675316fe6649f4cb6dfc2d8c766246a817,0x6a72dada2f9d753cf0a0c220f2f8ad0e6efbe2cdef261641c831830f4fc529ce,0.1
3924,0xa30d8157911ef23c46c0eb71889efe6a648a41f7,1513330952,0x86fa049857e0209aa7d9e616f7eb3b3b78ecfdb0,0xf6767000cc02f807b3beade9edbbe3a15c40525a8b6a569425af67575b2bc859,0.0
3925,0xa30d8157911ef23c46c0eb71889efe6a648a41f7,1513331273,0x86fa049857e0209aa7d9e616f7eb3b3b78ecfdb0,0xd6b2a8ad6d035240e2f55ca1fd8d0730693af29494899ea18bd9a3e6b526ce64,0.0
3926,0xa30d8157911ef23c46c0eb71889efe6a648a41f7,1513331682,0xf7920b0768ecb20a123fac32311d07d193381d6f,0x746d5a4918aea639a843438b02e658914dadca02fc4127884286d5f906077d5a,0.0
3927,0xa30d8157911ef23c46c0eb71889efe6a648a41f7,1513331751,0x86fa049857e0209aa7d9e616f7eb3b3b78ecfdb0,0x133a045c2068a69ba779be868d1fb7737c61208c8bbaebb46525b00dc2489b5f,0.0
3928,0xa30d8157911ef23c46c0eb71889efe6a648a41f7,1513332074,0x86fa049857e0209aa7d9e616f7eb3b3b78ecfdb0,0x00b350c55bfa881d0def46d61bf12b2c06e8a393f51985f529567193cf8b47c9,0.0
3929,0xa30d8157911ef23c46c0eb71889efe6a648a41f7,1513332074,0x86fa049857e0209aa7d9e616f7eb3b3b78ecfdb0,0x32114e8ef8a2fd831b593be91279d440db17ee9d84ec6e3db5275a5150558310,0.0
3930,0xa30d8157911ef23c46c0eb71889efe6a648a41f7,1513332102,0x86fa049857e0209aa7d9e616f7eb3b3b78ecfdb0,0x08c411ffbe928cf42e8961512b965ca9528d316e86846eb49e942b91021b4049,0.0
3931,0xa30d8157911ef23c46c0eb71889efe6a648a41f7,1513332299,0x86fa049857e0209aa7d9e616f7eb3b3b78ecfdb0,0x4f58115c2e7ff9fbcf81f8fa4f0362d9a92708bc0ecc0733ab3f8e92a3c8f992,0.0
3932,0xa30d8157911ef23c46c0eb71889efe6a648a41f7,1513332393,0x442bc47357919446eabc18c7211e57a13d983469,0x6e0da601dc74e37b8a71ca26a32958857ff9b09c8713d1b56d253eef1812cc0c,0.0
3933,0xa30d8157911ef23c46c0eb71889efe6a648a41f7,1513332534,0x86fa049857e0209aa7d9e616f7eb3b3b78ecfdb0,0x7cede1e6d61dc1ad2d5a9e621bc5cad7317dc9c376e0e34fa9df4203f52356af,0.0
3934,0xa30d8157911ef23c46c0eb71889efe6a648a41f7,1513332651,0x04e0fb675316fe6649f4cb6dfc2d8c766246a817,0xb41e2d03b20c789852083bba55ce8455cc670ccfe8e21537e631875433bde427,4.7
3935,0xa30d8157911ef23c46c0eb71889efe6a648a41f7,1513332674,0x86fa049857e0209aa7d9e616f7eb3b3b78ecfdb0,0x0885abfca3e58fb34ac626cf26ba171c6ee9e6cb586d742d7c104b651eaca865,0.0
3936,0xa30d8157911ef23c46c0eb71889efe6a648a41f7,1513332839,0xf82e6c7cff8abe996d3918e4aa6e2875c79e2f77,0xfc8018bd1d0e7a282ad015eed0b9fd4de8b2fbf60657993d4d1d3c106eccd40f,7.2
3937,0xa30d8157911ef23c46c0eb71889efe6a648a41f7,1513332935,0x86fa049857e0209aa7d9e616f7eb3b3b78ecfdb0,0x6701d1b3ba657da7de6908e9c67d5fe476bb62776468895c03d5b5917fb338fb,0.0
3938,0xa30d8157911ef23c46c0eb71889efe6a648a41f7,1513333087,0xf7920b0768ecb20a123fac32311d07d193381d6f,0xac2f0def45a896f24444f7ebe4c03a9de4923d03f629dba24c59c272eb3c0d4c,0.0
3939,0xa30d8157911ef23c46c0eb71889efe6a648a41f7,1513333365,0xf7920b0768ecb20a123fac32311d07d193381d6f,0xc9736419c50245b86b1f0bfa019ac55d562b0d08e9f1d0c9d203cfda1fb204df,0.0
3940,0xa30d8157911ef23c46c0eb71889efe6a648a41f7,1513333730,0xf7920b0768ecb20a123fac32311d07d193381d6f,0x49d31eadd33d4ed4bf0dc14666562a460e334b94fad7455cdb9da5ab90e4bb22,0.0
3941,0xa30d8157911ef23c46c0eb71889efe6a648a41f7,1513333969,0x86fa049857e0209aa7d9e616f7eb3b3b78ecfdb0,0xbc2c895df938eaad6901e00f74f5121451ce83f6281788baad115e4449ec6de7,0.0
3942,0xa30d8157911ef23c46c0eb71889efe6a648a41f7,1513334198,0x86fa049857e0209aa7d9e616f7eb3b3b78ecfdb0,0x46ea19277006de7b31aa3da0f798a0d1cf2d3a70b657b751922151037cd10ff0,0.0
3943,0xa30d8157911ef23c46c0eb71889efe6a648a41f7,1513334260,0x86fa049857e0209aa7d9e616f7eb3b3b78ecfdb0,0x6d1a1b9e7d758c9cbd54e0364f443d1443f33a5f8e646ddec35f9265b7b521e4,0.0
3944,0xa30d8157911ef23c46c0eb71889efe6a648a41f7,1513334844,0xf7920b0768ecb20a123fac32311d07d193381d6f,0xcae5eacbb3b2a67f16efba2e0d4b47804fa369d002d81c31558f18f9ce7592ff,0.0
3945,0xa30d8157911ef23c46c0eb71889efe6a648a41f7,1513334946,0x86fa049857e0209aa7d9e616f7eb3b3b78ecfdb0,0x8d50a7261369b1236d6e0ea00fd1a8fbee29b03d4ef9ef04b5fac8350466fcfd,0.0
3946,0xa30d8157911ef23c46c0eb71889efe6a648a41f7,1513334980,0x86fa049857e0209aa7d9e616f7eb3b3b78ecfdb0,0x92df96ef8595ef10bb66e85b08ce37a5b48caa233428840fecc3ee85c8bed931,0.0
3947,0xa30d8157911ef23c46c0eb71889efe6a648a41f7,1513335162,0x86fa049857e0209aa7d9e616f7eb3b3b78ecfdb0,0x9593e7c75c446cab1f9d977f0cc4c6024e840d6e7771b38da08fe977e1a878ef,0.0
3948,0xa30d8157911ef23c46c0eb71889efe6a648a41f7,1513335296,0xf7920b0768ecb20a123fac32311d07d193381d6f,0x55f8b1f67130bf1c10ab253e015c4d40282c9b7939ecf4608b72fe11257779c2,0.0
3949,0xa30d8157911ef23c46c0eb71889efe6a648a41f7,1513335712,0x86fa049857e0209aa7d9e616f7eb3b3b78ecfdb0,0xf818a36579ec46861ddc783789f5149adc83ffe191699e8873328d76527a4da6,0.0
3950,0xa30d8157911ef23c46c0eb71889efe6a648a41f7,1513335989,0xc8f683a9498fffc98788be929161b8f5a0b19c6e,0x084e697f0211f680e234a47f0ae34396d33be8c19b29983508a0794363b632be,0.0294
3951,0xa30d8157911ef23c46c0eb71889efe6a648a41f7,1513336221,0xf7920b0768ecb20a123fac32311d07d193381d6f,0x2cd8635c39ef5c9be7ce1337a0377e019eb75535ecf1bbeb9a6043deec1ffe44,0.0
3952,0xa30d8157911ef23c46c0eb71889efe6a648a41f7,1513336262,0x86fa049857e0209aa7d9e616f7eb3b3b78ecfdb0,0x481155a20894bcf5d149ee59239bc190c113a59c2550e9b7cd86257478a02380,0.0
3953,0xa30d8157911ef23c46c0eb71889efe6a648a41f7,1513336319,0x5ca9a71b1d01849c0a95490cc00559717fcf0d1d,0xd0b3f49f67e0bc664778d478256a8429b13f86c75a7e7eaa35f5cdc28c418e37,0.0
3954,0xa30d8157911ef23c46c0eb71889efe6a648a41f7,1513336388,0x4cf20d7a9528ab7d9a8c9d3765bc6424d0aa3163,0xaade8eb436faddc3172ee333e729e6c6854a1ecee570d708b7d642404caca8af,0.7708
3955,0xa30d8157911ef23c46c0eb71889efe6a648a41f7,1513336431,0x36312d50587956c8e284ae5bc9a4cf8fdecb49f0,0x3aa9dae56cd452a0460d5e044e21aa11bbbc30d6f039e492146a0e5785eaff82,1.0
3956,0xa30d8157911ef23c46c0eb71889efe6a648a41f7,1513336540,0xd850942ef8811f2a866692a623011bde52a462c1,0x03be567ce4445748bd7df98e492ceae30e9507690e4ef58863660d8b8931ee82,0.0
3957,0xa30d8157911ef23c46c0eb71889efe6a648a41f7,1513336612,0xd850942ef8811f2a866692a623011bde52a462c1,0xc19bc4229c77d12a9decdde1b217a0b638189230c32229beeed98828335f6c3b,0.0
3958,0xa30d8157911ef23c46c0eb71889efe6a648a41f7,1513337073,0xcb97e65f07da24d46bcdd078ebebd7c6e6e3d750,0xff11b8fef7e3750a5d3d25dd524b2d2851371d92c106d13522a1dbd5e6a1123f,0.0
3959,0xa30d8157911ef23c46c0eb71889efe6a648a41f7,1513337118,0xf7920b0768ecb20a123fac32311d07d193381d6f,0xec8ff829990dc76edd81810951970e27ea7d795ddb8fee56e4e016a5f624eb7c,0.0
3960,0xa30d8157911ef23c46c0eb71889efe6a648a41f7,1513337258,0x786f299ff277aa3ea458bb340c400ae38cf5de9f,0x75edecf336e80e667868127b53e36a82a67554a092a74f4d5a7fee8077aaab82,2.6655
3961,0xa30d8157911ef23c46c0eb71889efe6a648a41f7,1513337350,0x86fa049857e0209aa7d9e616f7eb3b3b78ecfdb0,0xe66e936a03385cb670d9caecf83d94ab800ddc8c1ef72dad60775f3ebe143d86,0.0
3962,0xa30d8157911ef23c46c0eb71889efe6a648a41f7,1513337350,0xf7920b0768ecb20a123fac32311d07d193381d6f,0xd4dc8695508ce3af56a2118788c7b1b751f2a9cbeb6613290835399fdbde9392,0.0
3963,0xa30d8157911ef23c46c0eb71889efe6a648a41f7,1513337458,0xf7920b0768ecb20a123fac32311d07d193381d6f,0x0eaa19d82082a8fdd6d917eb930308e7478eb2b551ee5e016bce5aad34c1b80d,0.0
3964,0xa30d8157911ef23c46c0eb71889efe6a648a41f7,1513337496,0x86fa049857e0209aa7d9e616f7eb3b3b78ecfdb0,0xc9a4a215bff891c947611d5f6503c40406df02bacdfea2aec41f2bac3d71d042,0.0
3965,0xa30d8157911ef23c46c0eb71889efe6a648a41f7,1513337581,0xab9ce24312243ea21f74f72354390a984f225c52,0x8f4966b12e64461c3eacf689df57b2c6c63acd86f068527980d2a9bfc1c8f16c,5.0
3966,0xa30d8157911ef23c46c0eb71889efe6a648a41f7,1513337790,0x86fa049857e0209aa7d9e616f7eb3b3b78ecfdb0,0xf754e8d08718abfb087e8769e811674af683dedd0cadacd99ed796b449408cd8,0.0
3967,0xa30d8157911ef23c46c0eb71889efe6a648a41f7,1513337993,0xd850942ef8811f2a866692a623011bde52a462c1,0xe4ae47b34962454f7c6190d18c531dccadfe982b208fa5d510c8a52709b58105,0.0
3968,0xa30d8157911ef23c46c0eb71889efe6a648a41f7,1513338082,0xd2a7a7f5776b4f69401a50fb2c464d5aead8391a,0xb1dd9e66c1fadd2de88211c2eaff1290256071bb3b24fe5d8f5aebde83c5a838,30.01
3969,0xa30d8157911ef23c46c0eb71889efe6a648a41f7,1513338282,0x86fa049857e0209aa7d9e616f7eb3b3b78ecfdb0,0xb37b380e18bb4dcf46a11b390b0d76fe7d5ec77bf79dee5bdf1c9209de69d446,0.0
3970,0xa30d8157911ef23c46c0eb71889efe6a648a41f7,1513338350,0x86fa049857e0209aa7d9e616f7eb3b3b78ecfdb0,0x0eae5ba4f4c6c1031860c795a0a1036c679167b3df76bd61828d0d99b47bae0d,0.0
3971,0xa30d8157911ef23c46c0eb71889efe6a648a41f7,1513338713,0xf7920b0768ecb20a123fac32311d07d193381d6f,0x0e772c8960c2d78ad9d6d370cab8ec76f820cde6cf46466d30f29435a117b6bc,0.0
3972,0xa30d8157911ef23c46c0eb71889efe6a648a41f7,1513338721,0x762eb3f5b61e925b80f170be159fd76d3b449707,0xb7fb81ea256c069a71e5c73254b116bc8677d88f281fcdde3b4b91bf70bfdee1,2.138
3973,0xa30d8157911ef23c46c0eb71889efe6a648a41f7,1513339118,0x5dc866d188a4307743ace0258513e58d0652d713,0xeec9f8cbdedeafad811fc534f5a84876aa58b9e489524a67a77faabab3704197,62.01
3974,0xa30d8157911ef23c46c0eb71889efe6a648a41f7,1513339310,0xd850942ef8811f2a866692a623011bde52a462c1,0xdd06153d36461778a7e10fd0076a3ffb4fc905ace65953b8b51b9e6a0b1de5bf,0.0
3975,0xa30d8157911ef23c46c0eb71889efe6a648a41f7,1513339384,0x3dbf9fa491ca61ab2c51037330f7d61079878aba,0x5b3e33bab6b5bf10d331ddb344fdb7b4c54ee914e8b8cdbf0c9189765441f35c,42.71
3976,0xa30d8157911ef23c46c0eb71889efe6a648a41f7,1513339642,0xd850942ef8811f2a866692a623011bde52a462c1,0x1de018c0d41c56c52f5834556c73c440ed206535c676a19da717c6d473923f0a,0.0
3977,0xa30d8157911ef23c46c0eb71889efe6a648a41f7,1513339684,0x86fa049857e0209aa7d9e616f7eb3b3b78ecfdb0,0x28e4cdfb345b3fd9aca395aa9d08ac0548569e0d5d4407d7b3abe045c7ae0371,0.0
3978,0xa30d8157911ef23c46c0eb71889efe6a648a41f7,1513339911,0x1725c6d8d4583c3ddda01bfd74490871bfc9c318,0x97afe935b1368d40df6340ca19a9776fb2c738095e9e55695ed86990b0cca0c0,0.02
3979,0xa30d8157911ef23c46c0eb71889efe6a648a41f7,1513340015,0xa4b2df867d932cf9e155a23621103cf68703b8d3,0x5689d995c53c44ce8f7d465cf2b9b27a64cc7425d0fc88dcab605b017eabf875,0.64
3980,0xa30d8157911ef23c46c0eb71889efe6a648a41f7,1513340069,0x177d39ac676ed1c67a2b268ad7f1e58826e5b0af,0xf5d50c8c7535cd98aa83a1216a822b0e6e882e03c62f9e6b9ee62f0cbf3ef2b8,0.0
3981,0xa30d8157911ef23c46c0eb71889efe6a648a41f7,1513340232,0xf7920b0768ecb20a123fac32311d07d193381d6f,0xe3f25af6f3104eab06d1061493f67e549ef4c61509130cce9af94d9df65b0014,0.0
3982,0xa30d8157911ef23c46c0eb71889efe6a648a41f7,1513340263,0xe0b7927c4af23765cb51314a0e0521a9645f0e2a,0x8a498e4585cedc274db5f29192c34b64aae5024a18bac00c4656894751a95a8c,0.0
3983,0xa30d8157911ef23c46c0eb71889efe6a648a41f7,1513340331,0xd26114cd6ee289accf82350c8d8487fedb8a0c07,0x19abd21864c7294f7fd4153bff939ba8334535961874d99f60553cfbad5e1178,0.0
3984,0xa30d8157911ef23c46c0eb71889efe6a648a41f7,1513340455,0xd850942ef8811f2a866692a623011bde52a462c1,0x32169d6407ca65099a0e0d0b52847efde06b8f11f62981fe5fc00c937d70bfbd,0.0
3985,0xa30d8157911ef23c46c0eb71889efe6a648a41f7,1513340465,0xd850942ef8811f2a866692a623011bde52a462c1,0x15fa8c7a7e8117c42ed748724fc5a1422171e8559088e5d76409ea5bbdd5c386,0.0
3986,0xa30d8157911ef23c46c0eb71889efe6a648a41f7,1513340745,0xb65f83503814fc3f95ab7558809cd0854a6c3649,0x265530214a80c171569af0272a344a05987e6c723c83c4c4ecf5a0d5072b4a5c,1.6
3987,0xa30d8157911ef23c46c0eb71889efe6a648a41f7,1513340759,0x86fa049857e0209aa7d9e616f7eb3b3b78ecfdb0,0xcf7923971d71bbf117d83a88e09c0885aa3aff326f9004197c5acbe18a5fecd9,0.0
3988,0xa30d8157911ef23c46c0eb71889efe6a648a41f7,1513340847,0x86fa049857e0209aa7d9e616f7eb3b3b78ecfdb0,0x951eab920db129ec6b3724a0319634a7984e93ec8113b2d8d3bc979c029efdca,0.0
3989,0xa30d8157911ef23c46c0eb71889efe6a648a41f7,1513341028,0x86fa049857e0209aa7d9e616f7eb3b3b78ecfdb0,0xdb6154c0d080810177fcaee8c8de5d27e0951ca04eff31872db25beaef6d55b4,0.0
3990,0xa30d8157911ef23c46c0eb71889efe6a648a41f7,1513341037,0x83c482bd96407f7a219c144f96f33b2b72d13edf,0x55fb1c004f7e9156b3ed4f185097a92b4215c38d614f91d650c7e55553ba20e2,10.0
3991,0xa30d8157911ef23c46c0eb71889efe6a648a41f7,1513341094,0x86fa049857e0209aa7d9e616f7eb3b3b78ecfdb0,0x14a5311e189c178e8604a8dcb2657d06d918497c4367a5241d5dc1c3cfed160e,0.0
3992,0xa30d8157911ef23c46c0eb71889efe6a648a41f7,1513341234,0x86fa049857e0209aa7d9e616f7eb3b3b78ecfdb0,0x54b350cfdc94b47c17064b59ec719b6066e06e1af6440282007ef88bb22c4c97,0.0
3993,0xa30d8157911ef23c46c0eb71889efe6a648a41f7,1513341430,0xdc76112fbcbde910c9e91a3eae0b3c8d0147dfd7,0xb1ba142c039e995c8d9a84b2223467ceb2cf5832461b2f5bfc9adc03a5f0be70,1.99
3994,0xa30d8157911ef23c46c0eb71889efe6a648a41f7,1513341491,0xa40771d60d913c3635b65f46a251a46b929027c4,0x87d128cec339af0cac73da2be403a6dd51da5211b0c30e172293d9945af3de18,0.3092
3995,0xa30d8157911ef23c46c0eb71889efe6a648a41f7,1513341517,0x4290563c2d7c255b5eec87f2d3bd10389f991d68,0x5dbaaf000a06aa11a3a207780f39bdcec1e08b6db36bece39bc265b45c07aa19,0.0
3996,0xa30d8157911ef23c46c0eb71889efe6a648a41f7,1513341663,0x86fa049857e0209aa7d9e616f7eb3b3b78ecfdb0,0x4215438cf906bc799584ec2b8bac35b2a7ca65105de50c31edccfad7d420040c,0.0
3997,0xa30d8157911ef23c46c0eb71889efe6a648a41f7,1513341911,0x2b3e81c2a86720e3fc042de089829d978885f0d9,0x9ab4d285ef09eaefed43fe53ba6332b55d9daf8b3298031e95b1582487a57c72,3.62
3998,0xa30d8157911ef23c46c0eb71889efe6a648a41f7,1513341920,0x745111993a6c1ae7eb361c6df3bc48e604476177,0xb324c899272aa6b0422e3fd41caa0d60e4940069c2235405eed64893f8b585e4,1.81
3999,0xa30d8157911ef23c46c0eb71889efe6a648a41f7,1513341960,0xa40771d60d913c3635b65f46a251a46b929027c4,0x3330dd4b9d056723961772af407aea70da5ae445c310d11e73b044baf26126f3,0.0948
4000,0xa30d8157911ef23c46c0eb71889efe6a648a41f7,1513342144,0x86fa049857e0209aa7d9e616f7eb3b3b78ecfdb0,0xea53d45720cfa0ce466a4fa6e4f8a98ea258682489201ea01087998609883526,0.0
4001,0xa30d8157911ef23c46c0eb71889efe6a648a41f7,1513342392,0xf7920b0768ecb20a123fac32311d07d193381d6f,0x294f3fdfa4a5492c40f95b00dac773b2b0c5782ff21beb21d01db78832153c1b,0.0
4002,0xa30d8157911ef23c46c0eb71889efe6a648a41f7,1513343067,0x86fa049857e0209aa7d9e616f7eb3b3b78ecfdb0,0xebabb16db8b2d2dec54472dddd9f86c1979e0b7caa7a40059ebda8fe55a0ba83,0.0
4003,0xa30d8157911ef23c46c0eb71889efe6a648a41f7,1513343435,0xc4e55c090318bd51b1032f79521b1cd6d82427aa,0x6a16646c5a2c02d12657879d289b014b48226dd27c2d4d67eccb4bd3ee0e39f1,1.729
4004,0xa30d8157911ef23c46c0eb71889efe6a648a41f7,1513343519,0xd850942ef8811f2a866692a623011bde52a462c1,0x5da589201f0c77b5426af7ba209c10edb4f5a3e74388f2c9ca92a8c2c54fae8b,0.0
4005,0xa30d8157911ef23c46c0eb71889efe6a648a41f7,1513343611,0x44a98ee52271213cbc576217a1693759e97f4b43,0x3bf3b58642f23fe778c423c3176b464e9f9175c017bbe5236557b80a000f11fd,0.1
4006,0xa30d8157911ef23c46c0eb71889efe6a648a41f7,1513343785,0xf7920b0768ecb20a123fac32311d07d193381d6f,0x427dbc018a6e6deff24759f3a8f5515df339ce5b86fe2c4740e0fcf5d0bb57bb,0.0
4007,0xa30d8157911ef23c46c0eb71889efe6a648a41f7,1513343823,0x442bc47357919446eabc18c7211e57a13d983469,0x6d325044236392e723d53c2e1233b55e2edf1e0c27199d4a8bbb25132cd6dba4,0.0
4008,0xa30d8157911ef23c46c0eb71889efe6a648a41f7,1513344006,0x86fa049857e0209aa7d9e616f7eb3b3b78ecfdb0,0x2a5bb2f4a60c62115f801ab49d0f64b6f3484ef873076f402ac378777cf8f41e,0.0
4009,0xa30d8157911ef23c46c0eb71889efe6a648a41f7,1513344164,0xf7920b0768ecb20a123fac32311d07d193381d6f,0x193c7c63c3f2e7a3dab0c7d4bac9e7dd884f5880c17d69d0a4e94c43d5874921,0.0
4010,0xa30d8157911ef23c46c0eb71889efe6a648a41f7,1513344252,0xf7920b0768ecb20a123fac32311d07d193381d6f,0xc68cbb17e9d8cc79b3aa7ae3c62f5d9b69551838929433e46fd44e793bc8dca1,0.0
4011,0xa30d8157911ef23c46c0eb71889efe6a648a41f7,1513344288,0xf7920b0768ecb20a123fac32311d07d193381d6f,0xdedd69981e45f1a4b19d53ddaf20e4850219c53b2652b942ec1952987b959906,0.0
4012,0xa30d8157911ef23c46c0eb71889efe6a648a41f7,1513344327,0x2bd2e6cc9307db2ee6c40048bff6fea665d49f01,0xe36693adad6534ae13166f0c30809da96be7dfb2428ffae93493e457b810ff65,9.99
4013,0xa30d8157911ef23c46c0eb71889efe6a648a41f7,1513344369,0xf7920b0768ecb20a123fac32311d07d193381d6f,0xdc9739a02d3f7074d8105abae6dae4e6b2932d07710474f3a0b8385bce63bf62,0.0
4014,0xa30d8157911ef23c46c0eb71889efe6a648a41f7,1513344596,0xf7920b0768ecb20a123fac32311d07d193381d6f,0x6de0909a373a7a7618e6d073018dcf059fb515eacc7ce3e22146684fa641f215,0.0
4015,0xa30d8157911ef23c46c0eb71889efe6a648a41f7,1513344849,0x4290563c2d7c255b5eec87f2d3bd10389f991d68,0x72500d9578f910b16d2560229b65af8295b89694851a37331154d4311781c492,0.0
4016,0xa30d8157911ef23c46c0eb71889efe6a648a41f7,1513344849,0x86fa049857e0209aa7d9e616f7eb3b3b78ecfdb0,0x325b0fad382c8119b12dea069e60d1b1921ff8e796b4a8efb38e58ea5c90fec8,0.0
4017,0xa30d8157911ef23c46c0eb71889efe6a648a41f7,1513345446,0x86fa049857e0209aa7d9e616f7eb3b3b78ecfdb0,0x3a2b5129d50d3fe40461b4a451cfc92eefbabb34ad46d39de2940c71bd361aee,0.0
4018,0xa30d8157911ef23c46c0eb71889efe6a648a41f7,1513345446,0xf7920b0768ecb20a123fac32311d07d193381d6f,0xd82a6986bfd38a1d029cc36e2b90bc1fac2fb1b1b52e64d15a1b5d20412e8dd2,0.0
4019,0xa30d8157911ef23c46c0eb71889efe6a648a41f7,1513345446,0xf7920b0768ecb20a123fac32311d07d193381d6f,0xeea0304c26602255da7797e67708788d6fc3eeea09e509b0ba5c5b35a96294ca,0.0
4020,0xa30d8157911ef23c46c0eb71889efe6a648a41f7,1513345527,0xb97048628db6b661d4c2aa833e95dbe1a905b280,0x3125881f90f45f536e83a06e52ee30297929a8cd2142fa27627c68ad56d4a532,0.0
4021,0xa30d8157911ef23c46c0eb71889efe6a648a41f7,1513346037,0x86fa049857e0209aa7d9e616f7eb3b3b78ecfdb0,0x1b7813eec7f1bdcb9e1f3927286bd05a5f3fa5ddd4f06a17d8b6e3bf95b4c311,0.0
4022,0xa30d8157911ef23c46c0eb71889efe6a648a41f7,1513346130,0xf7920b0768ecb20a123fac32311d07d193381d6f,0xcbe07427eea3abbd7518353f7521f83af549189afa77922f0fd0e783cc5d2cda,0.0
4023,0xa30d8157911ef23c46c0eb71889efe6a648a41f7,1513346431,0xf7920b0768ecb20a123fac32311d07d193381d6f,0x66dbf9f53cfba6a2448f9c4949ce377df75c57bb326e74c84a6bbd97507735dd,0.0
4024,0xa30d8157911ef23c46c0eb71889efe6a648a41f7,1513346781,0x0f5d2fb29fb7d3cfee444a200298f468908cc942,0x4308d3f578737cd8b9fd36455cf9bc789feceacff4353ff40e1f23c304acb5e7,0.0
4025,0xa30d8157911ef23c46c0eb71889efe6a648a41f7,1513346851,0x793db0d98fd73134f6d917693c37812e2bdd194d,0xc5d832ac114bd327d03cb1177498e1a62e8680e752c720c3c0a425e44c088da0,0.002
4026,0xa30d8157911ef23c46c0eb71889efe6a648a41f7,1513347056,0x86fa049857e0209aa7d9e616f7eb3b3b78ecfdb0,0x6d9a5b42f6c6f661d917235a4c911609d2c8615f2f699f1e386c898c927603be,0.0
4027,0xa30d8157911ef23c46c0eb71889efe6a648a41f7,1513347169,0xf7920b0768ecb20a123fac32311d07d193381d6f,0xc9c92bcc7fd78faaa0e19f3d7fa56b8ba102e729f9a596d1d33dee55f5e71e9d,0.0
4028,0x4be2166a8dbe25e79a9b30b4ce26858e10d21e92,1513347460,0xdecad07bcba1a655d908307617d7cc48e6228b99,0xe0370fcd6e335e27c1a503a07036470c5343453612c1259d8e0562578214da84,0.0
4029,0x4be2166a8dbe25e79a9b30b4ce26858e10d21e92,1513347584,0xdecad07bcba1a655d908307617d7cc48e6228b99,0x5daf5bf29bc10aabc9254250d2c4fc5e277eb9ebf2d457498711b624e19d0f41,0.0
4030,0xa30d8157911ef23c46c0eb71889efe6a648a41f7,1513347584,0xf7920b0768ecb20a123fac32311d07d193381d6f,0xc5147ee82ac77d90fdd2de9cce50430b60f19bf08b0a80846a4c4d22650a0ace,0.0
4031,0xa30d8157911ef23c46c0eb71889efe6a648a41f7,1513347631,0x86fa049857e0209aa7d9e616f7eb3b3b78ecfdb0,0xbe2f060ff9c3fb01169e073935dffbfc5d6d3d32b629afce8528f0dede9254a4,0.0
4032,0xa30d8157911ef23c46c0eb71889efe6a648a41f7,1513347756,0xf7920b0768ecb20a123fac32311d07d193381d6f,0x98d009555ffdd532a1cd3634efa0bbe969544eab2a53ecfa2c2027a824ae0eeb,0.0
4033,0xa30d8157911ef23c46c0eb71889efe6a648a41f7,1513347833,0xf7920b0768ecb20a123fac32311d07d193381d6f,0x577561d90877892280b61c518d6adfeb7fbb1c8bc879b14c5ddddcfee38cfd58,0.0
4034,0xa30d8157911ef23c46c0eb71889efe6a648a41f7,1513348210,0xf7920b0768ecb20a123fac32311d07d193381d6f,0x412d3038467b3a90d2a78eb735e5ef7215049120aefec6795b2306ebe606d0f5,0.0
4035,0xa30d8157911ef23c46c0eb71889efe6a648a41f7,1513348301,0x86fa049857e0209aa7d9e616f7eb3b3b78ecfdb0,0x15841967ec6fab777643d6c178e0636d1a2220e760104de49e86ffc5798f7af4,0.0
4036,0xa30d8157911ef23c46c0eb71889efe6a648a41f7,1513348754,0x86fa049857e0209aa7d9e616f7eb3b3b78ecfdb0,0xb7ab9f72949ac7c657e94be1df054b214f0dcd690789f026dea4941652c535be,0.0
4037,0xa30d8157911ef23c46c0eb71889efe6a648a41f7,1513348768,0xf7920b0768ecb20a123fac32311d07d193381d6f,0xe1c76e47c77d08e647b03c45fea5f3f47a18e6e27b9bef9f45bfae0fb49170aa,0.0
4038,0xa30d8157911ef23c46c0eb71889efe6a648a41f7,1513348812,0xf7920b0768ecb20a123fac32311d07d193381d6f,0xd6d6eb341b980aeb55e29cf5698cd925cd8b9c7e2b16f4baeede20e9690a503e,0.0
4039,0xa30d8157911ef23c46c0eb71889efe6a648a41f7,1513348937,0xf7920b0768ecb20a123fac32311d07d193381d6f,0xceb0bb4560e2dad6ad37bfbedeaa144273dee9d8813c02953a6b33e2c788d679,0.0
4040,0xa30d8157911ef23c46c0eb71889efe6a648a41f7,1513348970,0x887834d3b8d450b6bab109c252df3da286d73ce4,0xd872fcb65ec97ca1b6baee2e07986442f3740f9f224f48f60c1d526b2eba2b5b,0.0
4041,0xa30d8157911ef23c46c0eb71889efe6a648a41f7,1513349180,0x887834d3b8d450b6bab109c252df3da286d73ce4,0xb3a9e24451613dd2957682e34a0dfe1e26975b1158e5fa7e83098c962c6b5bc0,0.0
4042,0xa30d8157911ef23c46c0eb71889efe6a648a41f7,1513349180,0xf7920b0768ecb20a123fac32311d07d193381d6f,0x793f0639ff447b87bd974315afa1b9f7c5c4615b052460dee75d21685cef81a7,0.0
4043,0xa30d8157911ef23c46c0eb71889efe6a648a41f7,1513349232,0x442bc47357919446eabc18c7211e57a13d983469,0x1474b52e747fb5720a95d9333864ac37e4cba52a3930504c3578f7bfd85a1b16,0.0
4044,0xa30d8157911ef23c46c0eb71889efe6a648a41f7,1513349295,0x61916af385eaaa11b7118f94c6bc9a2432ad4dbf,0x2ab381f59d57b2b13ab3a797cbc661eb5f94754d73e8b725f5bd2cb68d941e7d,0.02
4045,0xa30d8157911ef23c46c0eb71889efe6a648a41f7,1513349318,0x86fa049857e0209aa7d9e616f7eb3b3b78ecfdb0,0xaca10d1654690484f0ad79725e577e77581b09a7dbb1838a84f3deeb2eaf61a8,0.0
4046,0x4be2166a8dbe25e79a9b30b4ce26858e10d21e92,1513411602,0x6ec8a24cabdc339a06a172f8223ea557055adaa5,0x3831ffa7963db2ee546d7a9fd5b2d1ca424beb31e7e3444bd9c623c336608d70,0.0
4047,0x4be2166a8dbe25e79a9b30b4ce26858e10d21e92,1513415422,0x6ec8a24cabdc339a06a172f8223ea557055adaa5,0x7b8dbf24f71ccbf659176a3bf6d12d5d45e147a1c3b38c715b5d18d704ca1ba4,0.0
4048,0x4be2166a8dbe25e79a9b30b4ce26858e10d21e92,1513418995,0x3acc431c34cc37446375f6f8c4beb5d4f5b2d9fe,0x93057227260b236b910dd904c72250fc074f23d923ab5ff27004c8331f7be2fe,0.05
4049,0x3acc431c34cc37446375f6f8c4beb5d4f5b2d9fe,1513422697,0x4be2166a8dbe25e79a9b30b4ce26858e10d21e92,0x532ee6c59b32c40c72e35a5652c39473bc18e0da9395607798d90d3654a7ae41,0.06
4050,0x4be2166a8dbe25e79a9b30b4ce26858e10d21e92,1513422930,0x72adadb447784dd7ab1f472467750fc485e4cb2d,0x16ed00ba4dce962bdd77f1d35402266255ece787349fc45e552fd0c0b96f37c0,0.0
4051,0x4be2166a8dbe25e79a9b30b4ce26858e10d21e92,1513423083,0x72adadb447784dd7ab1f472467750fc485e4cb2d,0x8c4e6fba8434a9dc82c8df8fc11f5881e8a9a2755cad7a5a2b90703e0bae42c3,0.0
4052,0x4be2166a8dbe25e79a9b30b4ce26858e10d21e92,1513428084,0x72adadb447784dd7ab1f472467750fc485e4cb2d,0x9cab11c942e3a1c9651f42346b05da688b0e04727762335863a53c4718bc43f3,0.0
4053,0x4be2166a8dbe25e79a9b30b4ce26858e10d21e92,1513428161,0x72adadb447784dd7ab1f472467750fc485e4cb2d,0x7f3a35219be8f473302afdebe3428fef0096d442b789353c2416a716b5a981a1,0.0
4054,0x4be2166a8dbe25e79a9b30b4ce26858e10d21e92,1513428280,0x72adadb447784dd7ab1f472467750fc485e4cb2d,0x57f77e0b25b55e8e8bc5eb0e3b600a9db4d00918929b19147e169fb890370ba0,0.0
4055,0x4be2166a8dbe25e79a9b30b4ce26858e10d21e92,1513428541,0x72adadb447784dd7ab1f472467750fc485e4cb2d,0xdbfa300f7d9257be38aa802a63e977a8c66351f0ce45b0342824c8acb2664c48,0.0
4056,0x4be2166a8dbe25e79a9b30b4ce26858e10d21e92,1513428646,0x72adadb447784dd7ab1f472467750fc485e4cb2d,0xef39d9352af463c7e7cb9b8cca7f8ffde538926d7ac0102e1c84d744dc1d55ae,0.0
4057,0x4be2166a8dbe25e79a9b30b4ce26858e10d21e92,1513428742,0x72adadb447784dd7ab1f472467750fc485e4cb2d,0x504a987ec872b6b1de9b1a2021179ffeaf778ce42af1bb5e9e812e5d74e68d25,0.0
4058,0x4be2166a8dbe25e79a9b30b4ce26858e10d21e92,1513432144,0x72adadb447784dd7ab1f472467750fc485e4cb2d,0x0a9e8fc66a0715d5c8d161bcd54a25e7c6a7fd593c45bac5aef30d07003bcf8f,0.0
4059,0x4be2166a8dbe25e79a9b30b4ce26858e10d21e92,1513502188,0x34dc4166e99f945f7651b22d79685ca65f8e2a31,0x748334560449d79e3aaf6831482f105469f12c6f229c03a8c2f4cae824c56416,0.2
4060,0x34dc4166e99f945f7651b22d79685ca65f8e2a31,1513507050,0x4be2166a8dbe25e79a9b30b4ce26858e10d21e92,0xf993a2609003c292194d85e9a27741be27c9de30529d6c167eb8f6439d2057af,0.2
4061,0x4be2166a8dbe25e79a9b30b4ce26858e10d21e92,1513560509,0x4290563c2d7c255b5eec87f2d3bd10389f991d68,0xb726080bd1c05b3e9b380cd11fecaec522fae506e198d8a3c6a2bb2dffe63c3f,0.0
4062,0x4be2166a8dbe25e79a9b30b4ce26858e10d21e92,1513569701,0x80fb784b7ed66730e8b1dbd9820afd29931aab03,0x82c017b1d19139c7c395c305b24aa5a41661809f532b026d863d803338b810a7,0.0
4063,0x80e29acb842498fe6591f020bd82766dce619d43,1513691068,0x4be2166a8dbe25e79a9b30b4ce26858e10d21e92,0x96a3e52969b979ba2c20b77edd3847f92a80751a173e69a5074c454d11b3a910,5.0248
4064,0x4be2166a8dbe25e79a9b30b4ce26858e10d21e92,1513697038,0x4f43444b7b2724b3831f32f3c0c396b3bdc283a6,0x6649edb10339e809b3dd27156cce7a9cb8be6120a08692be8a73eb6b2192e884,0.5
4065,0x3f5ce5fbfe3e9af3971dd833d26ba9b5c936f0be,1513755184,0x4be2166a8dbe25e79a9b30b4ce26858e10d21e92,0x7513bbc183797d528abee0ee665e23ab8c62807121a7f6b86ff863031033550e,2.0
4066,0x3f5ce5fbfe3e9af3971dd833d26ba9b5c936f0be,1513757345,0x4be2166a8dbe25e79a9b30b4ce26858e10d21e92,0x5e57a1f8fa89ac4009a221b076b40d39067f822508c87682aae767a382a5a176,2.002
4067,0x4be2166a8dbe25e79a9b30b4ce26858e10d21e92,1513776503,0x5bbd1ec4666361f2dec164eabcb613f6dc44eb2a,0xa6562cfba1d422e6cd3ffa2d923b8c6c9a82e41aacf12ce3729c3822f150556c,1.0
4068,0x4be2166a8dbe25e79a9b30b4ce26858e10d21e92,1513785041,0x8dec37c0034bc3abbf4e204b27bef628eb7cc944,0x0ed0dbb4613dd60159580b2f5b35f07e5116033ccca7a4e9ed22f13bede22140,6.0
4069,0x4be2166a8dbe25e79a9b30b4ce26858e10d21e92,1513824213,0x51db5ad35c671a87207d88fc11d593ac0c8415bd,0x1639db16d8513032fe1f1738f4d27b28d9f62512eaba2cf8e18d2b9ad1daa20f,0.0
4070,0x0fd081e3bb178dc45c0cb23202069dda57064258,1513828084,0x4be2166a8dbe25e79a9b30b4ce26858e10d21e92,0x03f2551a3b9d9cf9b6a16df245ab5d6b78384f42325da49415787d95089eba40,0.991
4071,0x2b5634c42055806a59e9107ed44d43c426e58258,1513828374,0x4be2166a8dbe25e79a9b30b4ce26858e10d21e92,0xa1b6afb47563eb785583c4480e1b0a9febdd96d03889588a6ffed58c79a2d21e,3.1465650000000003
4072,0x71fb72d4432b11f85c1a7eb723c0bb904932c6f7,1513829847,0x4be2166a8dbe25e79a9b30b4ce26858e10d21e92,0x4f015c2a72c8a8524ce4e78cd2ab084a1c9d8f54cde39fad168235d93db4b8ac,26.0
4073,0x4be2166a8dbe25e79a9b30b4ce26858e10d21e92,1513842398,0x5f3789907b35dce5605b00c0be0a7ecdbfa8a841,0xfa9d0da0b8bd81a99dac0012eb1ebc8ecfba0c52c221886f1e84e740f1d329a6,0.0
4074,0x4be2166a8dbe25e79a9b30b4ce26858e10d21e92,1513842806,0x5f3789907b35dce5605b00c0be0a7ecdbfa8a841,0x10a9ac3f0a10cebfbcbad7abedeab72d893109d1f0902c2d0676633816e9ca18,0.0
4075,0x3f5ce5fbfe3e9af3971dd833d26ba9b5c936f0be,1513844956,0x4be2166a8dbe25e79a9b30b4ce26858e10d21e92,0x1689e54e7766eba16c22f354222c48251ba5cbbfdeae0c7508d2b8996b18cdee,0.67415114
4076,0x4be2166a8dbe25e79a9b30b4ce26858e10d21e92,1513853129,0xb9cc9bf5aed8ec4cf02fa5daffb4c7df649f9d28,0x14e838d9ab6b2c5f0880231b2006bbec2d0a8b56cedc0b0c5317dfbc3c1abb16,4.0
4077,0x4be2166a8dbe25e79a9b30b4ce26858e10d21e92,1513855209,0x5dae5c3ca2019d5f2a4d0fd4334435bf32b5e4c2,0x8c257e938e6d0eb322df955959066cfc8db251ffe42cb8bd10efdaede414a7c5,28.56
4078,0x3f5ce5fbfe3e9af3971dd833d26ba9b5c936f0be,1513956685,0x4be2166a8dbe25e79a9b30b4ce26858e10d21e92,0x7163016617b30d20defcc7ff484d63735dd537afae76e977216806c4623fae55,2.0
4079,0x3f5ce5fbfe3e9af3971dd833d26ba9b5c936f0be,1513957433,0x4be2166a8dbe25e79a9b30b4ce26858e10d21e92,0x90da4e8a80e70ece212c511bdf50cb76ac98e1e325e6bea68277714784d57732,10.356
4080,0x3f5ce5fbfe3e9af3971dd833d26ba9b5c936f0be,1513958879,0x4be2166a8dbe25e79a9b30b4ce26858e10d21e92,0xcc68077e4ac5f8d8f2db8872d282a9e0d8b10e43a14fd064ea0e47b19d8c98a3,1.0
4081,0x0fd081e3bb178dc45c0cb23202069dda57064258,1514009344,0x4be2166a8dbe25e79a9b30b4ce26858e10d21e92,0x7c4a2436558e6c9c5d331fb386987d7d1208365f2b7abad83d7016d716658b2f,3.991
4082,0x4be2166a8dbe25e79a9b30b4ce26858e10d21e92,1514009532,0xf315d18225accafce4284762052e3ab23039d20d,0xc86657f2dffe4382cbd41b5fb671c4aba5615ff10137ca9017b97f71c19cb220,1.14
4083,0x7f4f2f7159aacdb2c56777937515221ae820be23,1514016479,0x4be2166a8dbe25e79a9b30b4ce26858e10d21e92,0xbab8f1cdab922c7d132ff588579ba451612566ca5b80bfa4647cf9f965a41d53,102.0
4084,0x3d6b38ea2b185607622de9ce7324e0db95241bce,1514016884,0x4be2166a8dbe25e79a9b30b4ce26858e10d21e92,0x0442729cdf1abdfef639396f3384f3ad419a9e5166583343d684634dd9bf085a,2.0
4085,0x4be2166a8dbe25e79a9b30b4ce26858e10d21e92,1514019419,0x73ffb24400409d381859256391099d21495e53d0,0x785b59fbceafaed77c94830a5a12df1dd4882d869c5b56367a42dfe23339dad7,2.0
4086,0x0fd081e3bb178dc45c0cb23202069dda57064258,1514021400,0x4be2166a8dbe25e79a9b30b4ce26858e10d21e92,0x48fa47b48d231c90cd5a751de0787a6b8a09851cdc5d0b0eb3cbe0150f851556,0.953577
4087,0x3f5ce5fbfe3e9af3971dd833d26ba9b5c936f0be,1514022739,0x4be2166a8dbe25e79a9b30b4ce26858e10d21e92,0xf367e5c0971c68e7f22bc3e24d82da6af3b96111dc50f4f12cf4bc4a406c38aa,2.001
4088,0xc225fb974b1236c9d45b5da90aef26e6e733a655,1514026274,0x4be2166a8dbe25e79a9b30b4ce26858e10d21e92,0x3c90d1621429d423af395f244017dc84f57d121a8b38113086453f999c45d7dd,2.0
4089,0xc225fb974b1236c9d45b5da90aef26e6e733a655,1514029829,0x4be2166a8dbe25e79a9b30b4ce26858e10d21e92,0x904536f965d0933d8701c76aaccc0c5cde23c3cdf4fc528774d0296e5164857c,2.0
4090,0x4be2166a8dbe25e79a9b30b4ce26858e10d21e92,1514035772,0xc31b894d585986075a9f39a8d73ee424eedc6041,0x2d2a38b0b5291af8e786a4741ac4f0b13c1143a48f171d16667f84489e5797ad,2.02
4091,0x0fd081e3bb178dc45c0cb23202069dda57064258,1514035855,0x4be2166a8dbe25e79a9b30b4ce26858e10d21e92,0x25bf77b5d7a034f88505b833a290bc382c33774f3be2fdd33fbffcc3e5150599,2.0
4092,0x8a1791593ac68b34e433c876098e41dea7413ea8,1514043384,0x4be2166a8dbe25e79a9b30b4ce26858e10d21e92,0xaa02936fcdb0c307fc22baab13f42aec59b33b787aa2044966c86127a2fd1679,15.0
4093,0x4be2166a8dbe25e79a9b30b4ce26858e10d21e92,1514087107,0x1ff8e3a0e0aebbf43158fae1cb42988356dd7cf0,0x2648ff3dc605fdc69a534e9f22968c716c802ce4b09bb50898794fdd26deae87,3.0
4094,0x0fd081e3bb178dc45c0cb23202069dda57064258,1514087508,0x4be2166a8dbe25e79a9b30b4ce26858e10d21e92,0xf8c0e06d70e1014e3ff4b5cbed482579f9f92ad94e5bb656a1b144a05a8664f9,2.0
4095,0x42dee3a253c7c3196c78249f45783ec75a550a4c,1514092585,0x4be2166a8dbe25e79a9b30b4ce26858e10d21e92,0x6949fe6f99e7ccca57740a1d94c59481ad8e6db5863de0cc4c2adb844283dd5f,5.96
4096,0x269721054dc1802869305ca8a0d5b51fa331616e,1514097846,0x4be2166a8dbe25e79a9b30b4ce26858e10d21e92,0x7cc49d4397a309a8856d554935901b8ced5c836c32f2fc92730f2f8b22340e60,3.0
4097,0x5ac95e1f0be759fabdcef513190b45a9c2b3ecbf,1514098817,0x4be2166a8dbe25e79a9b30b4ce26858e10d21e92,0x5a893b3b727793b70023bcf51b128267b48bf633d925d94f10b0400190775e37,1.0
4098,0xc2c9e7a31b7f658f912a73f4a71c3ee5115e457f,1514106390,0x4be2166a8dbe25e79a9b30b4ce26858e10d21e92,0x064afbf88e70b5076745738e676a85ab231c2712cdaa4af32d9ac470846b27ca,93.5
4099,0xc2c9e7a31b7f658f912a73f4a71c3ee5115e457f,1514108599,0x4be2166a8dbe25e79a9b30b4ce26858e10d21e92,0xcaa21160262ab560d81aee396a5419d56fc27138281271e0c4201ba2c858a478,7.5
4100,0x4be2166a8dbe25e79a9b30b4ce26858e10d21e92,1514116239,0xc2c9e7a31b7f658f912a73f4a71c3ee5115e457f,0x7c7db0a5be123c566e095278a3e0e8d5803f2f85338050b343ebfae9cc96dc86,5.0
4101,0x4be2166a8dbe25e79a9b30b4ce26858e10d21e92,1514120354,0xf1e815a4beb413886c955deb0c64c26a6e139dcf,0x83bd1885660e6a3e38b2654b5c0a56bbe3881e78558049e0d6426c9f4b5178b7,240.0
4102,0x4be2166a8dbe25e79a9b30b4ce26858e10d21e92,1514125092,0xf1e815a4beb413886c955deb0c64c26a6e139dcf,0x20b5f8814913ff0493e9253bd0e69161b7e6cd8398ce821cd1decb4854bb8e62,5.0
4103,0x1e8332ef2e873dcf19f1c699ce424316e43cef51,1514168369,0x4be2166a8dbe25e79a9b30b4ce26858e10d21e92,0xa8e05b2efcf5a5cc4088bda9e13ccbcff691ba92181d70f268b2633a389ca04d,1.0
4104,0x8a1791593ac68b34e433c876098e41dea7413ea8,1514168598,0x4be2166a8dbe25e79a9b30b4ce26858e10d21e92,0x92310bd206ad3d2d72b937624ac97317323355ba166b565a1a68603f1db7ba75,3.0
4105,0x4be2166a8dbe25e79a9b30b4ce26858e10d21e92,1514168651,0x2e07e607f626eaea88b426c21d4587df7330b1a1,0xf99cbf3d96b48c299aeb9048d941db23374327f39b70b461188f791ee03d6120,1.0
4106,0x3f5ce5fbfe3e9af3971dd833d26ba9b5c936f0be,1514168954,0x4be2166a8dbe25e79a9b30b4ce26858e10d21e92,0xdd846628b63ec425ddd0c0b0a4f45a5b5dd645684efe784b5a3714f4bd16005c,1.0
4107,0x3f5ce5fbfe3e9af3971dd833d26ba9b5c936f0be,1514169199,0x4be2166a8dbe25e79a9b30b4ce26858e10d21e92,0x8392543fe0fa7681458a536f23a23ee3caf1e47b6d3c999d17e1ba490f9807dd,1.0
4108,0x4be2166a8dbe25e79a9b30b4ce26858e10d21e92,1514169350,0x2e07e607f626eaea88b426c21d4587df7330b1a1,0x9ce32870b99de9f5931b7f271f7321a2dc4b53d5f3c765bdf1dfb4c1afb178d9,5.0
4109,0x80e29acb842498fe6591f020bd82766dce619d43,1514170497,0x4be2166a8dbe25e79a9b30b4ce26858e10d21e92,0xecea689dbdee4c244d446c969b31f290f1f336ad01a4b6a0cc7661a688de998a,2.003
4110,0x3f5ce5fbfe3e9af3971dd833d26ba9b5c936f0be,1514172078,0x4be2166a8dbe25e79a9b30b4ce26858e10d21e92,0xa55b77d87493c26e6bc8b8c1913dcde31898d5bc88961206e54876977456213b,2.0
4111,0x3f5ce5fbfe3e9af3971dd833d26ba9b5c936f0be,1514172201,0x4be2166a8dbe25e79a9b30b4ce26858e10d21e92,0xbc58c0401488b4f5ce32efbbb7d081ed6f8c81b2e98162ad7a3180264b39090b,1.0
4112,0x4be2166a8dbe25e79a9b30b4ce26858e10d21e92,1514174356,0x2e07e607f626eaea88b426c21d4587df7330b1a1,0xc6b3f90a8dcdb6c98051b8620da138b6d1afe31d7bc1030a0b2f9b3afed17411,5.0
4113,0xf8b93924dec06afdcfbbf7bbe37a8f503fd7eed8,1514183007,0x4be2166a8dbe25e79a9b30b4ce26858e10d21e92,0xb9daec00f27894a38aebed77a8d5d5f3b886cdc2ddb2a188c1806147c507ae8b,390.0
4114,0x4be2166a8dbe25e79a9b30b4ce26858e10d21e92,1514189010,0xf1e815a4beb413886c955deb0c64c26a6e139dcf,0x0d2da19fc3708df0a8814a3fccf0c595bf56696d253a7185f5919cf6b778257c,375.0
4115,0xc2c9e7a31b7f658f912a73f4a71c3ee5115e457f,1514189772,0x4be2166a8dbe25e79a9b30b4ce26858e10d21e92,0xe293f5fd3483e6aeb2805207b5ad3615c125cd1e0b4e4d83975754d30f7ba481,10.0
4116,0x4be2166a8dbe25e79a9b30b4ce26858e10d21e92,1514189985,0xf1e815a4beb413886c955deb0c64c26a6e139dcf,0xa71830cfb60ef7cb4b715d9c6c9febb87dbddbe2361b27877310a4ee1aa86fe4,10.0
4117,0x3f5ce5fbfe3e9af3971dd833d26ba9b5c936f0be,1514194250,0x4be2166a8dbe25e79a9b30b4ce26858e10d21e92,0xe52d05ac6efbf91839bdde67befcaf6c11b45924e17e256f319fd4e46084e7a9,2.0
4118,0xf8b93924dec06afdcfbbf7bbe37a8f503fd7eed8,1514198429,0x4be2166a8dbe25e79a9b30b4ce26858e10d21e92,0x1bde320aef44b3cf34406792de75cc166c6190fec60c09de32dac8c957b27962,30.0
4119,0xc2c9e7a31b7f658f912a73f4a71c3ee5115e457f,1514198468,0x4be2166a8dbe25e79a9b30b4ce26858e10d21e92,0x4ac1e1e63e971f435dcb02e8537f6f5bac1491e298b3c8da82c282f86cf97bb1,2.0
4120,0x4be2166a8dbe25e79a9b30b4ce26858e10d21e92,1514198898,0xf1e815a4beb413886c955deb0c64c26a6e139dcf,0x0c66eddc7bdcc9b279a73bb4764316e8861601dfac4513088cbbf783d32c5630,32.0
4121,0x3f5ce5fbfe3e9af3971dd833d26ba9b5c936f0be,1514211327,0x4be2166a8dbe25e79a9b30b4ce26858e10d21e92,0xc6af271538cd045b510cbcefd54a57098fa0af1c1901cb723ea69c2d299d0e89,3.0010000000000003
4122,0x4be2166a8dbe25e79a9b30b4ce26858e10d21e92,1514239140,0x73ffb24400409d381859256391099d21495e53d0,0x99e410bf73297090e7dd738cdb8e391d9811e3dcc88f04a5535ab430116b2f0c,1.0
4123,0x4be2166a8dbe25e79a9b30b4ce26858e10d21e92,1514239554,0x2e07e607f626eaea88b426c21d4587df7330b1a1,0x94bff14abab220046f143a7cb6127b354da50488df7b15f26e98c9f935517b20,1.0
4124,0x4be2166a8dbe25e79a9b30b4ce26858e10d21e92,1514259582,0xc31b894d585986075a9f39a8d73ee424eedc6041,0x077a1b7497242529880d5c1a211f28f5fe95cec14c131efaaa4922c89d417710,10.0
4125,0x4be2166a8dbe25e79a9b30b4ce26858e10d21e92,1514267312,0xf315d18225accafce4284762052e3ab23039d20d,0x2af747474f98dcb87cf20d13a0983681f9822768db82c7ef9b443f9aba762928,5.0
4126,0x8a1791593ac68b34e433c876098e41dea7413ea8,1514275783,0x4be2166a8dbe25e79a9b30b4ce26858e10d21e92,0x8ebf215229992cb48b71b4ec19a9093794a8980328a6af8924a477fa1d8916e6,2.0
4127,0x05ee546c1a62f90d7acbffd6d846c9c54c7cf94c,1514288344,0x4be2166a8dbe25e79a9b30b4ce26858e10d21e92,0x769f81c34794f9fa1e7b2f7c2ae1a228812d448b5bffdf8bfefeb2b1dfe15757,1.0
4128,0xc31b894d585986075a9f39a8d73ee424eedc6041,1514289279,0x4be2166a8dbe25e79a9b30b4ce26858e10d21e92,0x16cd0609ee483d0943a63a72e5d1e1476f01c87e8698db21718905843227798e,10.0
4129,0x4be2166a8dbe25e79a9b30b4ce26858e10d21e92,1514290724,0x02c1652b3bf08fa9d3e1413539f11a26debe297b,0xd1a5cda0c3af9ce42c9e8cc81d385bd47f9635fe8c9f65c0296215e8194e3a93,1.0
4130,0x4be2166a8dbe25e79a9b30b4ce26858e10d21e92,1514298236,0x5d65d971895edc438f465c17db6992698a52318d,0x556511c4c3aa04ce996e6d6988b7513edcdcb0e11835b4dbea26e1c407cea063,0.0
4131,0x4be2166a8dbe25e79a9b30b4ce26858e10d21e92,1514299626,0x8a1791593ac68b34e433c876098e41dea7413ea8,0x0b3b3da465c0e0eaf649b65b50d7c600480627ef4e240fb9d274064787dd87f5,2.0
4132,0x4be2166a8dbe25e79a9b30b4ce26858e10d21e92,1514301614,0x73ffb24400409d381859256391099d21495e53d0,0xd2e969e672dc0093bb3cfc9b8296a2518bcc82f56f71e8b4e062f571f54bba1c,1.0
4133,0x4be2166a8dbe25e79a9b30b4ce26858e10d21e92,1514338101,0x71fb72d4432b11f85c1a7eb723c0bb904932c6f7,0xa86ed48f4f661571386ba11b0c2938cf8c9180a23c3709219819be46106da76c,5.0
4134,0x05ee546c1a62f90d7acbffd6d846c9c54c7cf94c,1514341501,0x4be2166a8dbe25e79a9b30b4ce26858e10d21e92,0xdb6072d40cd0bc3b0f9db61288a5835db5123484256f9f7e4b06564eb0cc9bd4,3.397
4135,0x4be2166a8dbe25e79a9b30b4ce26858e10d21e92,1514359493,0xc2c9e7a31b7f658f912a73f4a71c3ee5115e457f,0x375d27bd389b49de1ce647f42947e934255552b375a8b62ecb885309fec00c43,3.0
4136,0x4be2166a8dbe25e79a9b30b4ce26858e10d21e92,1514359608,0x7adf94815dbf041e9d01fcf88e665f4d40df6451,0x29ea304c98cc2771fd23026d1df887f75d72d368856cc7486c62b20f606c40e2,5.0
4137,0x4be2166a8dbe25e79a9b30b4ce26858e10d21e92,1514367139,0x51db5ad35c671a87207d88fc11d593ac0c8415bd,0x3c17bfe56b5ae3907d6e885145b70ee539d2d406f2ff414272be0853bedfa7df,0.0
4138,0x4be2166a8dbe25e79a9b30b4ce26858e10d21e92,1514380932,0xe04fa2cefc26a519f95c639a27c2d09eede5facb,0xa83411b4a10586d00944d2dab58a3accd3c5af3eaf81bd97d77ee897762d52f4,2.0
4139,0x80e29acb842498fe6591f020bd82766dce619d43,1514384503,0x4be2166a8dbe25e79a9b30b4ce26858e10d21e92,0xa890d01b035d557e57f5f900ee283dff82cc614305e3002cbe0a39b421e01294,1.994
4140,0x4be2166a8dbe25e79a9b30b4ce26858e10d21e92,1514387956,0x5bbd1ec4666361f2dec164eabcb613f6dc44eb2a,0x78929e777460829ceef6da722466f00ac6f3043c2116bb1c356eb15d50acc4e9,2.5
4141,0x3f5ce5fbfe3e9af3971dd833d26ba9b5c936f0be,1514440821,0x4be2166a8dbe25e79a9b30b4ce26858e10d21e92,0x2cfa0074784c67e04d4d63380a1ccd3f91848d2965279655e851af1a72fc7f1b,5.0
4142,0x4be2166a8dbe25e79a9b30b4ce26858e10d21e92,1514455042,0x61c33ef91467ce8bed0f7ff5edea09ffaf4a98d3,0xe3b248e9c039a5bebbf0d1aa0edcaa94751f676f63e31b79aa0119709d5955f7,5.0
4143,0x0fd081e3bb178dc45c0cb23202069dda57064258,1514458341,0x4be2166a8dbe25e79a9b30b4ce26858e10d21e92,0x01366268c8871e6a475e179db41ce0231e49af0a5ce42d927f90b9bebea4ca14,1.001
4144,0x3f5ce5fbfe3e9af3971dd833d26ba9b5c936f0be,1514458703,0x4be2166a8dbe25e79a9b30b4ce26858e10d21e92,0x593980b15c71ec032aa923f5faaece7a7fb248c3a96cd7f91a40f11802973ec5,3.17830026
4145,0x3f5ce5fbfe3e9af3971dd833d26ba9b5c936f0be,1514459184,0x4be2166a8dbe25e79a9b30b4ce26858e10d21e92,0x44d3d97d94221273e6348c0a113cceb8ecebb5adb1e0d112ee07c0ba796e7973,1.0
4146,0x80e29acb842498fe6591f020bd82766dce619d43,1514460656,0x4be2166a8dbe25e79a9b30b4ce26858e10d21e92,0x20755ba8d735f24d30565a1405e88457ef0c5febe95cef16e76a4bbc034e4c15,2.004
4147,0x05ee546c1a62f90d7acbffd6d846c9c54c7cf94c,1514460884,0x4be2166a8dbe25e79a9b30b4ce26858e10d21e92,0x1794cfc6371051b37684215bcaa0dd22a62d0739256d7f88bd841a24bcf6e2b3,2.0
4148,0x0fd081e3bb178dc45c0cb23202069dda57064258,1514461191,0x4be2166a8dbe25e79a9b30b4ce26858e10d21e92,0x83dd383056b004b4d88bd8a0d752bc0d47a504ee016e470fa7452f246d12a3fa,0.991
4149,0x269721054dc1802869305ca8a0d5b51fa331616e,1514462057,0x4be2166a8dbe25e79a9b30b4ce26858e10d21e92,0xe06b1ce01f524e21b76d8f4c6687b9900eed71135f3ff60cc2e990f48173f0ae,2.0
4150,0x80e29acb842498fe6591f020bd82766dce619d43,1514462395,0x4be2166a8dbe25e79a9b30b4ce26858e10d21e92,0x83bd45b9bb880f3bf88c62acb5177085c2a685ff6050dc38267a1a13f4f044b0,2.0638
4151,0x3f5ce5fbfe3e9af3971dd833d26ba9b5c936f0be,1514466984,0x4be2166a8dbe25e79a9b30b4ce26858e10d21e92,0xba69397566b12589f5f83327ede6cb67e900fdf219df52b886f6193fc70e9c3c,2.0
4152,0x4be2166a8dbe25e79a9b30b4ce26858e10d21e92,1514473507,0xafba1b04ec9dcbdeaa8601d8ae8f44edc77da224,0xb20880b68ff66516975887ceaa8ab31747f5359e62fbf4104d9a5527d1ab7082,5.0
4153,0x4be2166a8dbe25e79a9b30b4ce26858e10d21e92,1514475026,0xafba1b04ec9dcbdeaa8601d8ae8f44edc77da224,0x516901e1a4c968fe9de08f44e67d6125e8910536ca0dcdc4c42877556a50a0f4,1.0
4154,0x4be2166a8dbe25e79a9b30b4ce26858e10d21e92,1514476320,0x66e3681a22d10b396d12e1724ebc3ccbde2b41ce,0xd77db29e947012ff0b5624fdc933a94bc14e1490182468165f2fae3eb301c8dc,5.0
4155,0x0fd081e3bb178dc45c0cb23202069dda57064258,1514477226,0x4be2166a8dbe25e79a9b30b4ce26858e10d21e92,0x0616266a9315769aac3f369d3626702c305ea01160843cd4ef8417e9774acb91,10.0
4156,0x4be2166a8dbe25e79a9b30b4ce26858e10d21e92,1514478345,0x8effd494eb698cc399af6231fccd39e08fd20b15,0xf1d275c61453de60399f4e684105f2a7e76ff5dee8f4a6e0a1f01931321593b9,0.0
4157,0x4be2166a8dbe25e79a9b30b4ce26858e10d21e92,1514478345,0x8d12a197cb00d4747a1fe03395095ce2a5cc6819,0xce28e4342c487820a63ea0ef68d0c81be2fccc54eb7a76eb53717acec4329111,0.0
4158,0x4be2166a8dbe25e79a9b30b4ce26858e10d21e92,1514478472,0x8d12a197cb00d4747a1fe03395095ce2a5cc6819,0x1d46f7b98121ee761618fc00097c162035cd4a3151410bc37023979ec795d54b,0.0
4159,0x4be2166a8dbe25e79a9b30b4ce26858e10d21e92,1514478593,0x8d12a197cb00d4747a1fe03395095ce2a5cc6819,0x75fccb44776eca8372bb0ead6d4aa4188bcd2a61cbf1f797d9310fc494e74e32,0.0
4160,0x8d12a197cb00d4747a1fe03395095ce2a5cc6819,1514478593,0x4be2166a8dbe25e79a9b30b4ce26858e10d21e92,0x75fccb44776eca8372bb0ead6d4aa4188bcd2a61cbf1f797d9310fc494e74e32,2.594
4161,0x3f5ce5fbfe3e9af3971dd833d26ba9b5c936f0be,1514517852,0x4be2166a8dbe25e79a9b30b4ce26858e10d21e92,0x68b86550bb816069db06c795f883e80c8d15b42582c35a3b872976be427d6f2f,13.727
4162,0x0fd081e3bb178dc45c0cb23202069dda57064258,1514524027,0x4be2166a8dbe25e79a9b30b4ce26858e10d21e92,0x7fc0964d65e53b730833a22e243e0d0f5e59a8a066090c2184901a8d48cf5dc9,1.0
4163,0xa105bb6cb587ed88d3a4017acf4a7563b735bc06,1514524785,0x4be2166a8dbe25e79a9b30b4ce26858e10d21e92,0xe0967970c65dc33be2bb6f97305e73aecb8b0771fd464349be4684447949886f,1.0
4164,0x4be2166a8dbe25e79a9b30b4ce26858e10d21e92,1514526220,0xb9cc9bf5aed8ec4cf02fa5daffb4c7df649f9d28,0xe6b8c98aec8f296ec974acc018ae855a406862075f64105b64c249d81c4ee6f3,5.0
4165,0x05ee546c1a62f90d7acbffd6d846c9c54c7cf94c,1514528895,0x4be2166a8dbe25e79a9b30b4ce26858e10d21e92,0x258c898a5f8a45f02a9f4e5a19dd5d348debe33b10f789738215714cf709b72a,1.0
4166,0x3f5ce5fbfe3e9af3971dd833d26ba9b5c936f0be,1514530563,0x4be2166a8dbe25e79a9b30b4ce26858e10d21e92,0xd82999887802e3ae43f23b6ca2a69f433d7d5c02a14f0c9920e73253ac1fb293,4.99
4167,0x4be2166a8dbe25e79a9b30b4ce26858e10d21e92,1514532748,0x3d6b38ea2b185607622de9ce7324e0db95241bce,0x86e82012496af0d71d18cf362c091a5394ffce0413c67534ecbec39e2e2b6801,34.0
4168,0x3d6b38ea2b185607622de9ce7324e0db95241bce,1514534778,0x4be2166a8dbe25e79a9b30b4ce26858e10d21e92,0x247471afec4732e5861885b99758e6cae31f6e85e89d4c9fa87d3dddbdccf458,3.0
4169,0x3f5ce5fbfe3e9af3971dd833d26ba9b5c936f0be,1514535532,0x4be2166a8dbe25e79a9b30b4ce26858e10d21e92,0xff7281d2a875a613701c22e8e646bc9c042944b051802ca2904752ea895cb9c2,3.10615
4170,0x2fa7f8c4bdd156610d40421a0ecd3e452055968c,1514537180,0x4be2166a8dbe25e79a9b30b4ce26858e10d21e92,0xd5176d862eaa8f1ca0bbc95d4e79fe6773d59419a2b003e5a1ca2ed307c06d71,5.0
4171,0x3f5ce5fbfe3e9af3971dd833d26ba9b5c936f0be,1514537222,0x4be2166a8dbe25e79a9b30b4ce26858e10d21e92,0x572e87a13590aee945393bed832edadd9dfbc553359cb80a1d8c8da62194a004,4.93
4172,0x4be2166a8dbe25e79a9b30b4ce26858e10d21e92,1514538011,0xf3db9a281ef5273741388cf0ca164d39e18433dd,0x9d21f79c1cdd252596a75115ab70c4b0f6a1cce4f6c0f02ae693af71c8f63e27,0.0
4173,0x3f5ce5fbfe3e9af3971dd833d26ba9b5c936f0be,1514538076,0x4be2166a8dbe25e79a9b30b4ce26858e10d21e92,0x539f99cb6a39319e87c19f239e109b4b9a117435ad2fe6b4140b91fabe1bd710,1.0
4174,0x1e8332ef2e873dcf19f1c699ce424316e43cef51,1514538280,0x4be2166a8dbe25e79a9b30b4ce26858e10d21e92,0x601f7e3d4b3a306f9b3296e89c164695853e3d1cb2b117779c7470cd8857e097,1.0
4175,0x59deef3cdd719a3a0a5a0a2e0e0d3a4576749e2a,1514538576,0x4be2166a8dbe25e79a9b30b4ce26858e10d21e92,0x088f8f1925dd743dd7442461f632a2482f428abf19cb4b4e4ba3ae785ccc125a,7.3
4176,0xa8660c8ffd6d578f657b72c0c811284aef0b735e,1514538702,0x4be2166a8dbe25e79a9b30b4ce26858e10d21e92,0xefa098657478f57f27f5c672344e4cbd216ab145c55a68abcf7feb42819e8b3a,0.988
4177,0x3f5ce5fbfe3e9af3971dd833d26ba9b5c936f0be,1514539259,0x4be2166a8dbe25e79a9b30b4ce26858e10d21e92,0xab27a56601d94d72b5c7f951910ff9be128147587e4b8b442bc608e259107310,3.00102349
4178,0x6f4d027a2335866e4bf7979e7a3e5bf75495906e,1514539528,0x4be2166a8dbe25e79a9b30b4ce26858e10d21e92,0x6ae3c43eafadf25eea1505560c285c56fd029e2a9633b215f01fa1e62d77ccb3,1.4225
4179,0x0fd081e3bb178dc45c0cb23202069dda57064258,1514539686,0x4be2166a8dbe25e79a9b30b4ce26858e10d21e92,0x3defe3e4c1a3ee9f12de9292eca0db2d85942a38ad29bd25b8ffa3aa0365a583,1.9909999999999999
4180,0x05ee546c1a62f90d7acbffd6d846c9c54c7cf94c,1514540206,0x4be2166a8dbe25e79a9b30b4ce26858e10d21e92,0x54f3af3f5ba2b9e5702420d1572faf2ecc1ada47a81ec2d3a8f7c4eb5ae4e304,1.0
4181,0x4be2166a8dbe25e79a9b30b4ce26858e10d21e92,1514540973,0x414ac625f192b5dd77544899d0bd60f3548ee382,0x45e66557f7d59561ed8faa2ceb953fc2c52d6cb5334e1be373b4a170f8b99299,25.0
4182,0xa8660c8ffd6d578f657b72c0c811284aef0b735e,1514541975,0x4be2166a8dbe25e79a9b30b4ce26858e10d21e92,0x5bf5b912d667f5b271a419935fee463dd392627b93e0814f7e20e89f9ef03f4e,1.0019719999999999
4183,0xc225fb974b1236c9d45b5da90aef26e6e733a655,1514542807,0x4be2166a8dbe25e79a9b30b4ce26858e10d21e92,0x4a8c7ad456ed2462f6fec9bf4fa8f3bf638af23b3e6b6e0d7c598b583a753dd0,3.0
4184,0x0fd081e3bb178dc45c0cb23202069dda57064258,1514542891,0x4be2166a8dbe25e79a9b30b4ce26858e10d21e92,0x8f0ee45a5c8b088f4dc48d668c2b6bfd49cf4a7e8c63a950aca9338f38868ec8,3.0
4185,0x3f5ce5fbfe3e9af3971dd833d26ba9b5c936f0be,1514543394,0x4be2166a8dbe25e79a9b30b4ce26858e10d21e92,0x2b73016e2add31c713deb19abe422fac5368ef77ed1662a715c6920f80329b34,3.991
4186,0x3f5ce5fbfe3e9af3971dd833d26ba9b5c936f0be,1514544353,0x4be2166a8dbe25e79a9b30b4ce26858e10d21e92,0x8de3eedbaa91b27498e5256545923b6e7c922ab3855437d99ac58e1fc6f752af,1.0
4187,0x269721054dc1802869305ca8a0d5b51fa331616e,1514544815,0x4be2166a8dbe25e79a9b30b4ce26858e10d21e92,0x8b52f3e804c7295d59f3847ea400cf10bd7d39f277d0ec10f15c35c589cf36c4,7.0
4188,0xdd73cd23fad24ec5b8f0b29ee3f2ea003c2275d2,1514544815,0x4be2166a8dbe25e79a9b30b4ce26858e10d21e92,0xcc59fb8738ee4bf00cbdb6446a6ab10aa00f4a937c63d5c6410942be38bb7425,3.0
4189,0x0fd081e3bb178dc45c0cb23202069dda57064258,1514544995,0x4be2166a8dbe25e79a9b30b4ce26858e10d21e92,0x55644424e83d5331e14270f8af30897fe7e48321fa3e2625449ef2c66107e933,2.005
4190,0x59deef3cdd719a3a0a5a0a2e0e0d3a4576749e2a,1514545859,0x4be2166a8dbe25e79a9b30b4ce26858e10d21e92,0x4d6ab45340890078bf0851ed53c4ac862e5677aba7c83758ff7a730fa076041c,4.0
4191,0x3d6b38ea2b185607622de9ce7324e0db95241bce,1514547269,0x4be2166a8dbe25e79a9b30b4ce26858e10d21e92,0xe6d5f7672e91d4c020f89b502de513649d49ce51ca0d47520b4ad971347db04b,1.0
4192,0x3f5ce5fbfe3e9af3971dd833d26ba9b5c936f0be,1514548003,0x4be2166a8dbe25e79a9b30b4ce26858e10d21e92,0x421494f272d3adf5fa16e93974e58302a011f186977bc534b6504ee275547cb3,1.0
4193,0xa105bb6cb587ed88d3a4017acf4a7563b735bc06,1514548352,0x4be2166a8dbe25e79a9b30b4ce26858e10d21e92,0x2defb127072e1d5aa18cc80ae5da6abf9b5e8db0c446296f73c7c7a8df2df5f3,1.0
4194,0x3f5ce5fbfe3e9af3971dd833d26ba9b5c936f0be,1514548625,0x4be2166a8dbe25e79a9b30b4ce26858e10d21e92,0x1229c604e5ced25f5c108a0dfd18d21e4f897f32c8766d0745278996ef1cbd91,1.0
4195,0x4be2166a8dbe25e79a9b30b4ce26858e10d21e92,1514548633,0x25ff392e1df9a36fd40d51fd690a96040833d368,0x4a40dad49278216cb9270f8bf1cba045ef9ad5dd6c88fa23c9b1a7f733f98904,5.0
4196,0x6295cecf3f19ab3a0b25a893451448024fc09cea,1514549610,0x4be2166a8dbe25e79a9b30b4ce26858e10d21e92,0xaa217570693ec970916087f8c0be1a40fac166e80083cbb677d5bca92ceaa5e8,10.0
4197,0x1030689b82fd9ef11d05d1fc1d780a658a77b033,1514549750,0x4be2166a8dbe25e79a9b30b4ce26858e10d21e92,0xe11a2b91d910d6a202c345e93fa161030663232ae2f2adcc915d720d3f033f4b,20.0
4198,0x3d6b38ea2b185607622de9ce7324e0db95241bce,1514554960,0x4be2166a8dbe25e79a9b30b4ce26858e10d21e92,0x014517b6a5eb01d8b42055c1a385f04d0034f2bfcca6b253043605501da49e8b,5.0
4199,0x3d6b38ea2b185607622de9ce7324e0db95241bce,1514555740,0x4be2166a8dbe25e79a9b30b4ce26858e10d21e92,0x3ca5624213570852a40d91aef320352850beaed99f2daa0a46ffd24a42a44a1a,6.0
4200,0x59deef3cdd719a3a0a5a0a2e0e0d3a4576749e2a,1514556107,0x4be2166a8dbe25e79a9b30b4ce26858e10d21e92,0xe7b17242ccb7cde8fbce2187ca3a1d114491ac917e193a072bfbf0059d011946,2.0
4201,0x7f087c2ef81a9bfe36cb9eded1559170052c50c3,1514556523,0x4be2166a8dbe25e79a9b30b4ce26858e10d21e92,0x355868bb78a13c16202bc687468e49d1294a4c31255455547882b3c27f86856b,5.0
4202,0xafba1b04ec9dcbdeaa8601d8ae8f44edc77da224,1514559836,0x4be2166a8dbe25e79a9b30b4ce26858e10d21e92,0xa21bd3ddbd9ab544d8083e60888834070a4ed8820b846116676457751c3696cf,211.0
4203,0x2783ebcf1cf18c4a1343316b75206fc69563fab1,1514560391,0x4be2166a8dbe25e79a9b30b4ce26858e10d21e92,0x18b4fa4f6b30f02997aa1dbb37ec1f85ec93ed88724db6d152b079bb2d377dc5,2.0
4204,0x4be2166a8dbe25e79a9b30b4ce26858e10d21e92,1514561196,0x25ff392e1df9a36fd40d51fd690a96040833d368,0x03a673fd5697c9b2415056f022137fb2e2246778ab0dd6f98646f74c0f419dd8,225.0
4205,0x3d6b38ea2b185607622de9ce7324e0db95241bce,1514593204,0x4be2166a8dbe25e79a9b30b4ce26858e10d21e92,0xb9cc53f2ae7342043de4bab4b8523b1ccc69a3b910f5f98131c51a5787bf5f1d,6.0
4206,0x05ee546c1a62f90d7acbffd6d846c9c54c7cf94c,1514595491,0x4be2166a8dbe25e79a9b30b4ce26858e10d21e92,0x93a1c91c30f02bfccf1e31fb35c1a1005898885c28fa48c27c59625d26bdef5c,2.0
4207,0x4be2166a8dbe25e79a9b30b4ce26858e10d21e92,1514596131,0x414ac625f192b5dd77544899d0bd60f3548ee382,0xef1d669f7bfce567028081b37c4e618f554f9c8b92163ff834ab71e84127838a,77.0
4208,0x3f5ce5fbfe3e9af3971dd833d26ba9b5c936f0be,1514596156,0x4be2166a8dbe25e79a9b30b4ce26858e10d21e92,0xd5b4d04874b25edaa8236cf892f3c8a106e9454593993d70c5e2225963774f7b,3.0010000000000003
4209,0x05ee546c1a62f90d7acbffd6d846c9c54c7cf94c,1514597332,0x4be2166a8dbe25e79a9b30b4ce26858e10d21e92,0x64582c7677e856ce39f08a3640edb8b6ed28c16327395bf426222e5a45033680,1.0
4210,0xc225fb974b1236c9d45b5da90aef26e6e733a655,1514598265,0x4be2166a8dbe25e79a9b30b4ce26858e10d21e92,0xf3031f3f74eff3fba3872d65f1faae7d23059d509510d1acffd6b95a884ff3d0,9.0
4211,0x2b7270a8e96662c122bc2760786e1720ada4155e,1514598527,0x4be2166a8dbe25e79a9b30b4ce26858e10d21e92,0xb4920b19b1f426c6ca71a20b89d4cc76f2507c947135d8d82568fdda457c6b5f,45.0
4212,0x5569317725aee5d8f40ad55a9d7008ae418416d0,1514599713,0x4be2166a8dbe25e79a9b30b4ce26858e10d21e92,0xb5006c54e7a7cdc97a0f999430300a4bc14139b82db1108864eae168966343a3,1.0
4213,0x4be2166a8dbe25e79a9b30b4ce26858e10d21e92,1514600091,0x4999ba3e07e8446389fc80467cf6cba34ab2363b,0xd330b6ef192af5f429d7900b8f28e5eea3340af0f136e57b010cfe21807e1bfb,55.0
4214,0x876eabf441b2ee5b5b0554fd502a8e0600950cfa,1514600356,0x4be2166a8dbe25e79a9b30b4ce26858e10d21e92,0x8d223dacc925e95afd4f258421c29134a2d630de84c0a93efd7637cc3644d0d1,1.0
4215,0x0fd081e3bb178dc45c0cb23202069dda57064258,1514600692,0x4be2166a8dbe25e79a9b30b4ce26858e10d21e92,0xf757a09acba33804abd031d929432f3c3c4477cd723b2f263ef61ee353c4b42b,3.0
4216,0x0fd081e3bb178dc45c0cb23202069dda57064258,1514601180,0x4be2166a8dbe25e79a9b30b4ce26858e10d21e92,0x51e1066ba5084de07a8ba28377ab0b3120b1aa418d9ec67530279ae824c3fba7,4.002
4217,0x80e29acb842498fe6591f020bd82766dce619d43,1514601880,0x4be2166a8dbe25e79a9b30b4ce26858e10d21e92,0xdfd015ec8f0a5b4b773af101ff9ef968dcf07fd8b93e32b8b8b747339d56020d,1.0001
4218,0x4be2166a8dbe25e79a9b30b4ce26858e10d21e92,1514602000,0xb9cc9bf5aed8ec4cf02fa5daffb4c7df649f9d28,0x968bbf04ec14a66c9414a05ade0699f3a77b5488b84bbed71ff715b53906e0bf,8.0
4219,0x4be2166a8dbe25e79a9b30b4ce26858e10d21e92,1514602049,0xb9cc9bf5aed8ec4cf02fa5daffb4c7df649f9d28,0xc2e120c4b779d5bab835bcdd13807d462acad0ef735194963347440477f493bb,1.0
4220,0x0fd081e3bb178dc45c0cb23202069dda57064258,1514602653,0x4be2166a8dbe25e79a9b30b4ce26858e10d21e92,0x1fef04045b2ab7d175255d083613d7904c088d51bd63ccd88b61a353a133319f,1.012
4221,0x05ee546c1a62f90d7acbffd6d846c9c54c7cf94c,1514603471,0x4be2166a8dbe25e79a9b30b4ce26858e10d21e92,0x5ad389e529ec20e1169865a909ff7fb89e50e44b60d50a3776ecd6cb418307c6,3.097
4222,0x0fd081e3bb178dc45c0cb23202069dda57064258,1514619453,0x4be2166a8dbe25e79a9b30b4ce26858e10d21e92,0xa30eb0e90ec08c84d6ca42b3e692f71f82fd05eaa988987bf9312376d83f7a9d,1.0
4223,0x2fa7f8c4bdd156610d40421a0ecd3e452055968c,1514622873,0x4be2166a8dbe25e79a9b30b4ce26858e10d21e92,0xf6515c682631fdb46847b1744a3ba011ce68f37cc31abd1609bb3268d0af468c,10.0
4224,0x80e29acb842498fe6591f020bd82766dce619d43,1514623338,0x4be2166a8dbe25e79a9b30b4ce26858e10d21e92,0x3be22aeaf56ec2413e04ac0a6d257b81f0f333529d437868badb82ec276d99d5,10.97
4225,0xa30d8157911ef23c46c0eb71889efe6a648a41f7,1514623455,0x4be2166a8dbe25e79a9b30b4ce26858e10d21e92,0x0db30e7706b78629633673773743f69857cda767351b9066f99270c22118776f,2.1
4226,0x6f4d027a2335866e4bf7979e7a3e5bf75495906e,1514623468,0x4be2166a8dbe25e79a9b30b4ce26858e10d21e92,0x94e0b449072b0e37cc38a108d26eaa3935a02b776be48624a0a570d1506db763,3.01
4227,0x3f5ce5fbfe3e9af3971dd833d26ba9b5c936f0be,1514623850,0x4be2166a8dbe25e79a9b30b4ce26858e10d21e92,0xb670340d26d39ec3cec3e822e8e0aa24a8935f19c83b7d6815ab946a410d1f57,2.0
4228,0x843671f88cec86f560f360f67c94fe6a20d44d99,1514623909,0x4be2166a8dbe25e79a9b30b4ce26858e10d21e92,0xc89cf6c80ec0422721abbf5f38459008015eb13ab7cdbec2d0b39d24aa4a8c0c,20.0
4229,0x3f5ce5fbfe3e9af3971dd833d26ba9b5c936f0be,1514624381,0x4be2166a8dbe25e79a9b30b4ce26858e10d21e92,0xc92624cb4e5ac0197ec21540395b5c8ab1353a7a4bef0184bb22ceb073c3c813,12.001
4230,0xc31b894d585986075a9f39a8d73ee424eedc6041,1514624538,0x4be2166a8dbe25e79a9b30b4ce26858e10d21e92,0x885b077935ba77282e26532d99ff16ad1af5155421b243461301acd4127985fc,11.0
4231,0x645f376bc1b6070e6baf86270c3046b49ac6c927,1514625706,0x4be2166a8dbe25e79a9b30b4ce26858e10d21e92,0x00beef9bbc7f7daadbde088b465570eeef7c77dab3127de3037ae422e67480db,20.0
4232,0x77c8253bf4fb4f9b116673d535f06062d5e481d5,1514626233,0x4be2166a8dbe25e79a9b30b4ce26858e10d21e92,0x2d14d9cf20818a156dac8c9cf8e0df2a43edb396eb148eed506a60f50bee1721,100.0
4233,0xc225fb974b1236c9d45b5da90aef26e6e733a655,1514626443,0x4be2166a8dbe25e79a9b30b4ce26858e10d21e92,0xd746a2db269ec9622826488f3d0620d03ff62ef84483460bf7d32436fc82d6c5,7.0
4234,0x2fa7f8c4bdd156610d40421a0ecd3e452055968c,1514626636,0x4be2166a8dbe25e79a9b30b4ce26858e10d21e92,0x7a1aabef0f5864c52cf0a723e6058f28bf043c93d86b03c3e21b9d6a4e2f9043,10.0
4235,0x0fd081e3bb178dc45c0cb23202069dda57064258,1514628505,0x4be2166a8dbe25e79a9b30b4ce26858e10d21e92,0xf2c04693d7093be4681284597101fec029231c296c81730b8fb011b887ff0e77,1.9909999999999999
4236,0xc225fb974b1236c9d45b5da90aef26e6e733a655,1514629496,0x4be2166a8dbe25e79a9b30b4ce26858e10d21e92,0x99e993e56ed07bcf589301e37691341c01c85df905ca933688b642aeeb1e2ee4,6.0
4237,0x6f4d027a2335866e4bf7979e7a3e5bf75495906e,1514629935,0x4be2166a8dbe25e79a9b30b4ce26858e10d21e92,0x5b7332ac6c668f2781b4e98e764142fbaa7296845c5dd1c77b11fb127c2c7397,1.0
4238,0x1030689b82fd9ef11d05d1fc1d780a658a77b033,1514630080,0x4be2166a8dbe25e79a9b30b4ce26858e10d21e92,0x250f506899a28c9008bf96ebb736f14557fff7cbf049eba839dd2b5e862275c9,50.0
4239,0x4be2166a8dbe25e79a9b30b4ce26858e10d21e92,1514630310,0x71fb72d4432b11f85c1a7eb723c0bb904932c6f7,0x94a9b5f2efe94190aa875492e9daa82fb74f7d1626f29af0d590a34f1ec05717,265.0
4240,0x80e29acb842498fe6591f020bd82766dce619d43,1514632432,0x4be2166a8dbe25e79a9b30b4ce26858e10d21e92,0x597b31e8f09412dc3c51cb6b16ad4e2aabb80506d35d469e0527e4e474e03902,1.1466
4241,0xc2c9e7a31b7f658f912a73f4a71c3ee5115e457f,1514633524,0x4be2166a8dbe25e79a9b30b4ce26858e10d21e92,0x2276e8a407f5ec831a569a6818f1eb68247eca94a149a661f2c87b15229c14b5,6.0
4242,0x4be2166a8dbe25e79a9b30b4ce26858e10d21e92,1514633719,0x5dae5c3ca2019d5f2a4d0fd4334435bf32b5e4c2,0x283bf798e52c2585d15de67f8a5bdc5251b879ecee57e6fc03d2fbfa329c1e75,20.0
4243,0xafba1b04ec9dcbdeaa8601d8ae8f44edc77da224,1514635024,0x4be2166a8dbe25e79a9b30b4ce26858e10d21e92,0x54204972ef6d33aec970a53d0ccccb1858386e114984a06b1c77551f5b74365d,6.0
4244,0x4be2166a8dbe25e79a9b30b4ce26858e10d21e92,1514642823,0xc2c9e7a31b7f658f912a73f4a71c3ee5115e457f,0x22ba84fe0fd641571b0b2d36ce7049d67b5f69082587146f4c0cc67dd2e9313f,6.0
4245,0xc2c9e7a31b7f658f912a73f4a71c3ee5115e457f,1514644084,0x4be2166a8dbe25e79a9b30b4ce26858e10d21e92,0x2d86f1f38eb3c4f45bcb771d3719d765d5f677037f0066c2e15973cecd94c36b,10.0
4246,0xa30d8157911ef23c46c0eb71889efe6a648a41f7,1514647939,0x4be2166a8dbe25e79a9b30b4ce26858e10d21e92,0x0892a3ccf43c80518775a5416ecd09b60ab2d733b045b1173d0d6bef97f900d5,2.01
4247,0x59deef3cdd719a3a0a5a0a2e0e0d3a4576749e2a,1514648343,0x4be2166a8dbe25e79a9b30b4ce26858e10d21e92,0xaad070998b8f014fab86e5caae015b82977638c84308939eb959c152a81ca642,2.0
4248,0x5ac95e1f0be759fabdcef513190b45a9c2b3ecbf,1514648555,0x4be2166a8dbe25e79a9b30b4ce26858e10d21e92,0x77df1e69681618f958454a96992167cc4f0f94e517941dc930a546051772897a,2.9989999999999997
4249,0x506f32c9c76b7716d2354e16781cde0907cb2c85,1514648555,0x4be2166a8dbe25e79a9b30b4ce26858e10d21e92,0xf92cf5f749146846acbae00af425d44fcc303b22beb3cefd659f2efcc99d5d70,11.0
4250,0x6295cecf3f19ab3a0b25a893451448024fc09cea,1514649251,0x4be2166a8dbe25e79a9b30b4ce26858e10d21e92,0x1465e3ae5dac3cd3a2078c580a0543f9f6a1b93d49b7868a66b05b8d9fac46c7,5.0
4251,0x506f32c9c76b7716d2354e16781cde0907cb2c85,1514649450,0x4be2166a8dbe25e79a9b30b4ce26858e10d21e92,0x51e9125e7595fc5323025d685f11bbcaa6c809502211d48265aef301411f3d4e,3.0
4252,0x2fa7f8c4bdd156610d40421a0ecd3e452055968c,1514649536,0x4be2166a8dbe25e79a9b30b4ce26858e10d21e92,0xc8df72b8d3790cd4ec7da1490ad41e6b53275e8eda092b1959675cdf6c3bf533,5.0
4253,0x506f32c9c76b7716d2354e16781cde0907cb2c85,1514649560,0x4be2166a8dbe25e79a9b30b4ce26858e10d21e92,0xfa6586b39ed6874ec34288d0c85ec04bb88dc76e507a94da0d7da692f5d27155,4.0
4254,0x4be2166a8dbe25e79a9b30b4ce26858e10d21e92,1514649680,0x8b1698f7344d8446821940dfa180dd0f6eb03ca9,0x64740960c4ec136ebc2d06c669d8ca5e3473d8a766cf3c36c891659c879463be,38.0
4255,0x4be2166a8dbe25e79a9b30b4ce26858e10d21e92,1514650505,0x8b1698f7344d8446821940dfa180dd0f6eb03ca9,0x0b7707d1ce1e05a4fb0c0a0419c4af94258aecabf386d49b37ffbd4a8bebcde1,6.0
4256,0x8b1698f7344d8446821940dfa180dd0f6eb03ca9,1514653057,0x4be2166a8dbe25e79a9b30b4ce26858e10d21e92,0x97111b3c5ca30b3149b2bca4131b048fb9bb882c04a8d03b13ab757f7cae4ed5,7.0
4257,0x730222bbb8bc0faf26f40db6eb378ad660cdde2f,1514655045,0x4be2166a8dbe25e79a9b30b4ce26858e10d21e92,0xa7100d59f203aa7a67153c817740aaf0597dd619a1777db20d8d47bfaf19714f,5.0
4258,0x4be2166a8dbe25e79a9b30b4ce26858e10d21e92,1514676601,0xb31458838ae39fb3d4e961d063fe89ff6f8d9f37,0xb1523f6a3d78f6f15e4939c297c4ca0f65a277a2ac9de2febb3214cee2cc3bcc,5.0
4259,0x3d6b38ea2b185607622de9ce7324e0db95241bce,1514682040,0x4be2166a8dbe25e79a9b30b4ce26858e10d21e92,0xff658cd98161be562b21ce2e0801f2bb75398eb923b9485f4b22394019d3a4f0,1.0
4260,0x199950da8f3cc0019f3ebe10a4bf108c672cc5b7,1514684395,0x4be2166a8dbe25e79a9b30b4ce26858e10d21e92,0x8cdc2ac455268f97754ff577d6d18c2391046a69acf5052aeb1f4c58d97a9c65,4.0
4261,0x203401eebc97e1e9ba8b0a2fb754f440f227dccf,1514685022,0x4be2166a8dbe25e79a9b30b4ce26858e10d21e92,0xbd80c8ed66632d19f73d24227b7ffe640b80c9068eb131985e1f8e449b104975,1.0
4262,0x5ac95e1f0be759fabdcef513190b45a9c2b3ecbf,1514685206,0x4be2166a8dbe25e79a9b30b4ce26858e10d21e92,0x81384b691f40fd6370acd54383059de0079606ae87581635460bc53e7638ef35,3.0010000000000003
4263,0xa30d8157911ef23c46c0eb71889efe6a648a41f7,1514686478,0x4be2166a8dbe25e79a9b30b4ce26858e10d21e92,0x0779df3066f379a58c8b2433b971d241d0baa8afcf9dd70bf8873ffaec95b639,2.51
4264,0xa30d8157911ef23c46c0eb71889efe6a648a41f7,1514686697,0x4be2166a8dbe25e79a9b30b4ce26858e10d21e92,0x260ac72ee6ff35e777be8b38f75a65e9ea38b609d7a2634226c61107d68ee3ba,0.51
4265,0x59deef3cdd719a3a0a5a0a2e0e0d3a4576749e2a,1514687242,0x4be2166a8dbe25e79a9b30b4ce26858e10d21e92,0xda7bc77055621cb28b36fc9b4cc1c934ec2d4d46c558b4274ee95830735ce7d0,11.0
4266,0x4f43444b7b2724b3831f32f3c0c396b3bdc283a6,1514687505,0x4be2166a8dbe25e79a9b30b4ce26858e10d21e92,0x870f2a510861cbd6f217aa93d9122bf62e9f4c734dfe88ab4ae1eab517015f2f,1.01
4267,0x6f4d027a2335866e4bf7979e7a3e5bf75495906e,1514687902,0x4be2166a8dbe25e79a9b30b4ce26858e10d21e92,0x16db9546de7d765c2c6fc2a74c295c61d5374bddd3b4045d7f536911a34f04cc,2.0
4268,0x6f4d027a2335866e4bf7979e7a3e5bf75495906e,1514687957,0x4be2166a8dbe25e79a9b30b4ce26858e10d21e92,0xdd7951cb10b2ab02c3fbc887aeda9fd0ba8860c53763abdb52e18f552175246f,5.0
4269,0x3f5ce5fbfe3e9af3971dd833d26ba9b5c936f0be,1514688288,0x4be2166a8dbe25e79a9b30b4ce26858e10d21e92,0xbadf0b7cb72b30f37837d62bd684a43a363639d4a35f4dc9313e62c2ae379dd3,1.0
4270,0x203401eebc97e1e9ba8b0a2fb754f440f227dccf,1514688394,0x4be2166a8dbe25e79a9b30b4ce26858e10d21e92,0xb6721b730f196c5a9ace3fb0a1cb93c21b98c3f091fa89f21b2c3194753df555,5.0
4271,0x3f5ce5fbfe3e9af3971dd833d26ba9b5c936f0be,1514688634,0x4be2166a8dbe25e79a9b30b4ce26858e10d21e92,0x45e6f15f8694875c7a362ccf019ae4033aa6d80f229cf0d6cb3d299308739d43,1.0
4272,0x269721054dc1802869305ca8a0d5b51fa331616e,1514690129,0x4be2166a8dbe25e79a9b30b4ce26858e10d21e92,0x640468e1d5596aaf703b876637f8e432f552f6f340cfa2316ef484790b473f81,4.0
4273,0x6295cecf3f19ab3a0b25a893451448024fc09cea,1514690880,0x4be2166a8dbe25e79a9b30b4ce26858e10d21e92,0x399b32ad8bdbc6f2fa710b4863c69f5e3969a3c5413899621f552ac330734b13,25.0
4274,0x645f376bc1b6070e6baf86270c3046b49ac6c927,1514692079,0x4be2166a8dbe25e79a9b30b4ce26858e10d21e92,0xdd5f6fff30492ca1519bcdce16654902d812ba6cd782f21b96df1ebb5b60e1f0,14.0
4275,0x4be2166a8dbe25e79a9b30b4ce26858e10d21e92,1514692105,0x9d1ca470d17e851ef17afa3d1109c9ccadca15e0,0xab8e23df3f8efef42710f9925ccf68489000767480f19ea3a8a8caf9a4a54e3c,60.0
4276,0x6f4d027a2335866e4bf7979e7a3e5bf75495906e,1514695416,0x4be2166a8dbe25e79a9b30b4ce26858e10d21e92,0xa2f38c759fb54025c31bb1e29b4cba3a8b6c586ea5015ccc31728bd65cf38021,2.0
4277,0x4be2166a8dbe25e79a9b30b4ce26858e10d21e92,1514699081,0x8b1698f7344d8446821940dfa180dd0f6eb03ca9,0x4f89953d809993da06ad35cbb5c5e6e5cfc1f1408dd1388a1084fbb7089477c8,23.0
4278,0x506f32c9c76b7716d2354e16781cde0907cb2c85,1514700298,0x4be2166a8dbe25e79a9b30b4ce26858e10d21e92,0xcf89b74f2618eaf7d3b31953e21bb6a289fd2f4c81f6043f43c72d0c8de53dba,2.0
4279,0x4be2166a8dbe25e79a9b30b4ce26858e10d21e92,1514700993,0x8b1698f7344d8446821940dfa180dd0f6eb03ca9,0x3693e069fb53bc581cb8629189e53468a6cd834a2ce99c939a660bf000d3f670,6.0
4280,0xf45d0fd38dd45e73ba088fa8318f255df0612cdb,1514701784,0x4be2166a8dbe25e79a9b30b4ce26858e10d21e92,0x09507a6c56add6bce10299744475e381bdb4e08b12d484295e4c41c7b6f08dc5,1.0
4281,0x6bea940e3c3ae92488ab20af3ef38853c7d3ad04,1514706059,0x4be2166a8dbe25e79a9b30b4ce26858e10d21e92,0x370444cd18dcef732deaa63da68aae1de7a80469b70eba924a2c7dd08c5876fd,1.0
4282,0xc225fb974b1236c9d45b5da90aef26e6e733a655,1514706073,0x4be2166a8dbe25e79a9b30b4ce26858e10d21e92,0xaa5c0bd715490f58de1aa124e313417ec85174329c7a33e60ee1b74362972344,20.0
4283,0x506f32c9c76b7716d2354e16781cde0907cb2c85,1514708396,0x4be2166a8dbe25e79a9b30b4ce26858e10d21e92,0x76e21d0c0774b2e375c8fd4d7055418ffe523bb7f91ad6353a4ec3ae4513bab3,18.0
4284,0x59deef3cdd719a3a0a5a0a2e0e0d3a4576749e2a,1514709122,0x4be2166a8dbe25e79a9b30b4ce26858e10d21e92,0x49e436159b85b36b782bc9da58178b6fa0f59603a9eac1fdeb491666f3b40060,13.0
4285,0x7f087c2ef81a9bfe36cb9eded1559170052c50c3,1514709243,0x4be2166a8dbe25e79a9b30b4ce26858e10d21e92,0x4eecc1d486145b1a21fc2aa5ea317dd3967722a5946e399b515dc13f1922eff2,2.0
4286,0x4be2166a8dbe25e79a9b30b4ce26858e10d21e92,1514709619,0x7abf99b7e65a43d2af04e8e0d47d3361494513d9,0x6336c2ae98f1cc77baf15b6d40c44a427e31e53fea557a9c2ba70d3955e6e3a3,40.0
4287,0x4be2166a8dbe25e79a9b30b4ce26858e10d21e92,1514709903,0x7abf99b7e65a43d2af04e8e0d47d3361494513d9,0x89d69553c92ca01f44a0ca415cb7559061f88495adb24c90a771bb7833af77ac,5.0
4288,0x730222bbb8bc0faf26f40db6eb378ad660cdde2f,1514712590,0x4be2166a8dbe25e79a9b30b4ce26858e10d21e92,0x761ecc8964dcde691445a51a76ea94f85cf1a5daa86449717873a9c249b7460d,2.0
4289,0x4be2166a8dbe25e79a9b30b4ce26858e10d21e92,1514714075,0xc2c9e7a31b7f658f912a73f4a71c3ee5115e457f,0x633b51ba06ea1c8c2de2a4dcb4ed425247de6af483baadd9b25eeec8d5e2ebd1,10.0
4290,0x4be2166a8dbe25e79a9b30b4ce26858e10d21e92,1514716474,0xafba1b04ec9dcbdeaa8601d8ae8f44edc77da224,0x48111e7a0f7008b7190a2240d6becbbeaa62124f61f10dccdb343cb60f2e5ce8,6.0
4291,0x0fd081e3bb178dc45c0cb23202069dda57064258,1514719865,0x4be2166a8dbe25e79a9b30b4ce26858e10d21e92,0xc34ac483b1096483f292e08db0837e2c9328e94aa668983074ce21d4e6800398,5.0
4292,0x4be2166a8dbe25e79a9b30b4ce26858e10d21e92,1514720372,0x3d6b38ea2b185607622de9ce7324e0db95241bce,0x4b56853011a80f02c44a37e16bd7d73d493262edd43f410f459136c5f400c014,6.0
4293,0x8b1698f7344d8446821940dfa180dd0f6eb03ca9,1514731492,0x4be2166a8dbe25e79a9b30b4ce26858e10d21e92,0x22e36160dd2d633d081be63ca8204048a9f672143754a01bda0d3524d2bfb923,66.0
4294,0x4be2166a8dbe25e79a9b30b4ce26858e10d21e92,1514735639,0x645f376bc1b6070e6baf86270c3046b49ac6c927,0xc816de0d3b4c28996be2a33adb0e55cc3b06ae9e3f49b7e52d9491b151959ff1,14.0
4295,0x4be2166a8dbe25e79a9b30b4ce26858e10d21e92,1514737023,0x5ac95e1f0be759fabdcef513190b45a9c2b3ecbf,0xaca0e7a077061a7307db41532eb47378d62fe47c9849be1c9976224ea41e932e,4.0
4296,0x4be2166a8dbe25e79a9b30b4ce26858e10d21e92,1514770521,0x506f32c9c76b7716d2354e16781cde0907cb2c85,0x0b7d1f81f25c2df6ca679d87ca2bc34577f55d9d97c7558909b1e7d20c042913,20.0
4297,0xc225fb974b1236c9d45b5da90aef26e6e733a655,1514772371,0x4be2166a8dbe25e79a9b30b4ce26858e10d21e92,0xefb6b931012bde801cd5c268b674df93d06fd0ce5840fcfbf9446a1174cfec54,54.0
4298,0x3f5ce5fbfe3e9af3971dd833d26ba9b5c936f0be,1514772713,0x4be2166a8dbe25e79a9b30b4ce26858e10d21e92,0x10e3076f988c44883cbe45c2b46cab8bed9585dbeaf1c7ecbbaca9b3eedd606c,1.0
4299,0x1e8332ef2e873dcf19f1c699ce424316e43cef51,1514772821,0x4be2166a8dbe25e79a9b30b4ce26858e10d21e92,0x5fd4ffa7b3945b2898c68f15bfbe2d3ed73884ed2b8fb688cfce607c82b98779,1.0
4300,0xc225fb974b1236c9d45b5da90aef26e6e733a655,1514773698,0x4be2166a8dbe25e79a9b30b4ce26858e10d21e92,0x5ab043362423a7572da82915ddd03d4ab239dbbe63c7476e6fc50f1dde13552e,7.0
4301,0xa193c943980a9340f306b3d59deb183dc501b35f,1514774241,0x4be2166a8dbe25e79a9b30b4ce26858e10d21e92,0xb34c7c72cec86053007b982bb66e14d578e3d2fe7004ccef1afc914f418d984b,20.0
4302,0x506f32c9c76b7716d2354e16781cde0907cb2c85,1514774300,0x4be2166a8dbe25e79a9b30b4ce26858e10d21e92,0xd378888faebfc365127082785f67ad6281717821580c8fd8464f3d2344a10828,20.0
4303,0xfa6e074c0f1dcb8c5aee20c72b964c8fe8f1a570,1514774450,0x4be2166a8dbe25e79a9b30b4ce26858e10d21e92,0x23e970d266e20839cce9b6510d7f004a86eb6a2bee2d52a7077db34439955fd0,2.0
4304,0xc225fb974b1236c9d45b5da90aef26e6e733a655,1514774863,0x4be2166a8dbe25e79a9b30b4ce26858e10d21e92,0x25ca5c3d40e1f4d398835a1333c7dde432ff240bbea6e03e76551ee343767daa,6.0
4305,0xaa8f06c44146c14f3393d4f4e0b782845e802b3d,1514775257,0x4be2166a8dbe25e79a9b30b4ce26858e10d21e92,0xb6c4a428a4fe36345a5f26d74eebfb1f7a3056a9b438a10dba494b8f23ae5514,5.011
4306,0xb013a76d2f8694a333d436c1bea4108efce0ac37,1514775419,0x4be2166a8dbe25e79a9b30b4ce26858e10d21e92,0x480bdc0b7fe31ad45893f14166b316b24e27aaeef39194654d1744c214364758,17.000999999999998
4307,0xb013a76d2f8694a333d436c1bea4108efce0ac37,1514775751,0x4be2166a8dbe25e79a9b30b4ce26858e10d21e92,0xf3776cd7a2eeb06623795a034cdf799e5eea2aee34f6934e7787dd23b8a5a491,5.0
4308,0xd6f73452c862d39367fdb1042b8b445d75fcd4be,1514776204,0x4be2166a8dbe25e79a9b30b4ce26858e10d21e92,0x4ecf133cab84423913c0ee86af2c0aec1e34b48046fc96778dc56e38a4bc696c,1.0
4309,0x05ee546c1a62f90d7acbffd6d846c9c54c7cf94c,1514776390,0x4be2166a8dbe25e79a9b30b4ce26858e10d21e92,0x391ba4ec283d0b92dd3fb588356f9fb6bd0fb871df9bd54a0e6084fee5ab3269,4.0
4310,0x3d6b38ea2b185607622de9ce7324e0db95241bce,1514776498,0x4be2166a8dbe25e79a9b30b4ce26858e10d21e92,0xe3f32211ccc52baea0de793f3a1e660768127555149cea44317b48b5f56c3326,7.0
4311,0x4be2166a8dbe25e79a9b30b4ce26858e10d21e92,1514776959,0xb18073097e702650e105605de83eade581862436,0xa93783f89bec9d0486400fbe94bcbe22ebf96c0f42919f1c0c28a81112fdf187,178.0
4312,0x199950da8f3cc0019f3ebe10a4bf108c672cc5b7,1514777479,0x4be2166a8dbe25e79a9b30b4ce26858e10d21e92,0x81ba7e8e0fe896395ec2bb7615d31b0b91da5398cdb8de55940c0d55767edf3e,8.0
4313,0x6f4d027a2335866e4bf7979e7a3e5bf75495906e,1514778318,0x4be2166a8dbe25e79a9b30b4ce26858e10d21e92,0x728a4c10bd148056db92448385eff97e5d90ed51bd8bc2eec6a276132311c269,0.9999899999999999
4314,0xc225fb974b1236c9d45b5da90aef26e6e733a655,1514779180,0x4be2166a8dbe25e79a9b30b4ce26858e10d21e92,0x6996a72cbff3e128fc2cf08e0ddda0a927747dcd1037360a314ec82c4f59a9c9,4.0
4315,0x77c8253bf4fb4f9b116673d535f06062d5e481d5,1514779207,0x4be2166a8dbe25e79a9b30b4ce26858e10d21e92,0xa384d6674f4002e198ba9992cd7f2be63cc7129e88005310588925467010c353,50.0
4316,0x4be2166a8dbe25e79a9b30b4ce26858e10d21e92,1514779594,0x71fb72d4432b11f85c1a7eb723c0bb904932c6f7,0x21681b30fd2e841b27955900b4f258a4d011e572bcd23dd5fc5231641c7a9b71,60.0
4317,0x77c8253bf4fb4f9b116673d535f06062d5e481d5,1514780243,0x4be2166a8dbe25e79a9b30b4ce26858e10d21e92,0xd7ccbe9d3eb1812fbb747e3e4bf0979607347a0ba7d54c6dd8813127dff91922,80.0
4318,0x5ac95e1f0be759fabdcef513190b45a9c2b3ecbf,1514780503,0x4be2166a8dbe25e79a9b30b4ce26858e10d21e92,0xe68e43ca989d86c3e666eb71b4ac327dcefa4066b0fd9df09955fee54b286268,1.0
4319,0xc31b894d585986075a9f39a8d73ee424eedc6041,1514780994,0x4be2166a8dbe25e79a9b30b4ce26858e10d21e92,0xc2186e64a81cead174557e2d65ccb1c566342b1c967f3941099cf32589f8c3cf,10.0
4320,0xb18073097e702650e105605de83eade581862436,1514781283,0x4be2166a8dbe25e79a9b30b4ce26858e10d21e92,0xb827d21b5c229f5ec8ac672f807378f5747cff0b74b135b9290198019eabc757,100.0
4321,0xc2e0318f5f6ff4a9ae3ea2d02717f729786cde7d,1514782073,0x4be2166a8dbe25e79a9b30b4ce26858e10d21e92,0x6eca3515e679c12a2f4fbf69c87f3f9496ae8d0a45e2e01b08138050102bfaac,30.0
4322,0xc2e0318f5f6ff4a9ae3ea2d02717f729786cde7d,1514783031,0x4be2166a8dbe25e79a9b30b4ce26858e10d21e92,0xc62bfe1c57f32ed37dd40cf2cb233c63a49454276f31c93116b3f2268073a6b2,30.0
4323,0xc225fb974b1236c9d45b5da90aef26e6e733a655,1514785767,0x4be2166a8dbe25e79a9b30b4ce26858e10d21e92,0x86eef7571ab5f4c493013c33d515c92b2d5913c5769467d29fd3807f720e11a9,8.0
4324,0x05ee546c1a62f90d7acbffd6d846c9c54c7cf94c,1514786268,0x4be2166a8dbe25e79a9b30b4ce26858e10d21e92,0x438cda1985bd9d1161e85a6f03c008b8e6a619ddc5adcf8a84a7980981eee609,4.0
4325,0x0a0f4a2ffaec6807a4db8064adbf9b9979c0d41c,1514786465,0x4be2166a8dbe25e79a9b30b4ce26858e10d21e92,0x9f06afcb2ab6a1bfa3031f6c5bcacfa7c6fa9601b21de7e3e994686b77245d13,6.03
4326,0x5ac95e1f0be759fabdcef513190b45a9c2b3ecbf,1514786985,0x4be2166a8dbe25e79a9b30b4ce26858e10d21e92,0x15a0bb234d267e4dd7d3d19cc97822a3319a642910503896ea398f383937a6e8,3.0
4327,0xb18073097e702650e105605de83eade581862436,1514787005,0x4be2166a8dbe25e79a9b30b4ce26858e10d21e92,0x5a780b01fd42cf5724b6a9572d66cdd33e08e79a5860f2896f5a846a88f12545,140.0
4328,0xc2e0318f5f6ff4a9ae3ea2d02717f729786cde7d,1514787429,0x4be2166a8dbe25e79a9b30b4ce26858e10d21e92,0xefcaab6743194e9ef6260191b1ea4040d66ab28efbb261cd7b3b1cd713158d0b,40.0
4329,0x59deef3cdd719a3a0a5a0a2e0e0d3a4576749e2a,1514788846,0x4be2166a8dbe25e79a9b30b4ce26858e10d21e92,0xb6b947e6c0a597142975ceb83ff5ab17aa086114a7e6bb2bbd45c589e6206bd3,7.0
4330,0xcac725bef4f114f728cbcfd744a731c2a463c3fc,1514789536,0x4be2166a8dbe25e79a9b30b4ce26858e10d21e92,0x1552c50a881201c3d82a67fd727c6125b068bb0b0fc671525b5c0af3c3208044,13.04
4331,0x6295cecf3f19ab3a0b25a893451448024fc09cea,1514789699,0x4be2166a8dbe25e79a9b30b4ce26858e10d21e92,0x4d1f51ee57f3a49b3dd7afe07561ecd576e1635a50578318f36fbb87169ba9aa,8.0
4332,0x59deef3cdd719a3a0a5a0a2e0e0d3a4576749e2a,1514792600,0x4be2166a8dbe25e79a9b30b4ce26858e10d21e92,0x60a5e096160f92ec4cddd23f0460bbc98d036d8cf7c70e439f897cf809fca065,2.0
4333,0x4be2166a8dbe25e79a9b30b4ce26858e10d21e92,1514792884,0xafba1b04ec9dcbdeaa8601d8ae8f44edc77da224,0x51d660fbce99de037000415d29d6fc513a3ea3bfc969b6254918eb6fc7007259,14.0
4334,0x4be2166a8dbe25e79a9b30b4ce26858e10d21e92,1514793175,0xafba1b04ec9dcbdeaa8601d8ae8f44edc77da224,0x975b7eacd1296672edf2853097939317f6c97144960a3b031c5ed8b4a98d122d,445.0
4335,0x6b618c80213375cff8b13c77de6fea5fa12cc00b,1514793770,0x4be2166a8dbe25e79a9b30b4ce26858e10d21e92,0x98c5e81bf507881cf2876426f9fc5070bb4564cfc7681ccd3b049e9a8ed7ae73,3.01
4336,0xf0ff4fc8c6e51f4ac12169dbfb2430e6a24c44c5,1514795387,0x4be2166a8dbe25e79a9b30b4ce26858e10d21e92,0xdc41a091134f15b2097d4031c2924765703696d128e71ee4cc9af0c4f19e5a62,1.0
4337,0x4be2166a8dbe25e79a9b30b4ce26858e10d21e92,1514795670,0x71fb72d4432b11f85c1a7eb723c0bb904932c6f7,0xe9c05d2d9e6e5f8675ec725b6ecf39c117e68501060a68c368c8fd7765a131f3,10.0
4338,0x730222bbb8bc0faf26f40db6eb378ad660cdde2f,1514796633,0x4be2166a8dbe25e79a9b30b4ce26858e10d21e92,0xd444d27c66c1c2442613b0960b1af9adc5befe166e77cb0622c392715122e598,1.0
4339,0xc225fb974b1236c9d45b5da90aef26e6e733a655,1514797652,0x4be2166a8dbe25e79a9b30b4ce26858e10d21e92,0x0068adfc6345d250331cf2195f4f3237c311033bf6f1f1c938ab050f7edcf930,0.9940000000000001
4340,0x4be2166a8dbe25e79a9b30b4ce26858e10d21e92,1514798583,0x27ccf88233526a2b440f92c74e51ae80a681c63e,0x13b39750c913638b997a4ad4d72a6b12184c9b546c584dd0174668f2d6b27896,0.9940000000000001
4341,0xb18073097e702650e105605de83eade581862436,1514799817,0x4be2166a8dbe25e79a9b30b4ce26858e10d21e92,0x1df511a645ac3a8dee31f424d201ebd0408c33d1c3a85f8c6fa469dc15c00987,100.0
4342,0x4be2166a8dbe25e79a9b30b4ce26858e10d21e92,1514800086,0x71fb72d4432b11f85c1a7eb723c0bb904932c6f7,0x11ece5e9dcd0a734b9286ed887e99564740cad02d9328771862799e72e84ad2c,90.0
4343,0xf7814b5cecf31907745420d67d52d1c8b1671541,1514802569,0x4be2166a8dbe25e79a9b30b4ce26858e10d21e92,0xe8df11e321742ad0d8952418b4f05951aef34db864e2fb23528e72f10b5a7f93,5.0
4344,0xc225fb974b1236c9d45b5da90aef26e6e733a655,1514805060,0x4be2166a8dbe25e79a9b30b4ce26858e10d21e92,0x666ea650e2a6cf6aebcb640e551dc85630a9c1345aa0b1590e619606bcd8b580,5.0
4345,0x4be2166a8dbe25e79a9b30b4ce26858e10d21e92,1514813908,0xb6275acefd4d2a7d01a74b1c286ee0e250be5274,0xef9febfc9609d3cd82551079eca0a184d960f764551c5de02c9c0dcb884b23fd,10.0
4346,0x4be2166a8dbe25e79a9b30b4ce26858e10d21e92,1514852773,0x442bc47357919446eabc18c7211e57a13d983469,0xe859ca8a70d8dd0bbad983532b3097658d5d798cb6d9e477501883f44ffc9e84,0.0
4347,0x4be2166a8dbe25e79a9b30b4ce26858e10d21e92,1514854082,0x6ec8a24cabdc339a06a172f8223ea557055adaa5,0xce817d5666d4539b476d732a9fd3340bba31f184bde0c22d55b25922f62f809c,0.0
4348,0x4be2166a8dbe25e79a9b30b4ce26858e10d21e92,1514861266,0x59deef3cdd719a3a0a5a0a2e0e0d3a4576749e2a,0xa698a28883e5ee49f965477732937be515f2aa4aae63e71d2451760323a24b3a,1.3
4349,0x269721054dc1802869305ca8a0d5b51fa331616e,1514866293,0x4be2166a8dbe25e79a9b30b4ce26858e10d21e92,0x85a843b0b6679c6df48f666e854dea29aeb9680b143ca0f7fabc9908dd4431c5,3.0
4350,0x77c8253bf4fb4f9b116673d535f06062d5e481d5,1514870591,0x4be2166a8dbe25e79a9b30b4ce26858e10d21e92,0x5899c9125070941b004847dbfa9aa42f4edcfe3a44f2e1cb97ef96d7df06dd38,20.0
4351,0xb18073097e702650e105605de83eade581862436,1514878507,0x4be2166a8dbe25e79a9b30b4ce26858e10d21e92,0x34561ee5a98f102e2acfe2eba8c00e2746c8111cbcd938857b5a0d60a83b4478,120.0
4352,0x4be2166a8dbe25e79a9b30b4ce26858e10d21e92,1514879955,0xafba1b04ec9dcbdeaa8601d8ae8f44edc77da224,0x3e609b921242e56cf0d3e835bbe81cd03f97936b7ed9d962488074a38eb9d4a2,140.0
4353,0x5011b7dc5fd842ba65ec717d812b3bfcf9433957,1514882201,0x4be2166a8dbe25e79a9b30b4ce26858e10d21e92,0xd581ee1e3f61703dda47903348ae52433db4d76269f0438e6f80f0382bc77f8d,5.0
4354,0xb18073097e702650e105605de83eade581862436,1514884638,0x4be2166a8dbe25e79a9b30b4ce26858e10d21e92,0xace190fe615225e4b509a1de64e7b04e71e55f28fd864cd3dfc80473899e252f,100.0
4355,0xb18073097e702650e105605de83eade581862436,1514887125,0x4be2166a8dbe25e79a9b30b4ce26858e10d21e92,0x610bee5f0f7ff574bce60f0cc941723af0f52eaef52b3285549766b45a7d39bd,80.0
4356,0x4be2166a8dbe25e79a9b30b4ce26858e10d21e92,1514889192,0xafba1b04ec9dcbdeaa8601d8ae8f44edc77da224,0x16f11ff198bf82f5d10d82b061f1b9b3100f338b4be1622065ec8fbf53dcb02d,85.0
4357,0x71fb72d4432b11f85c1a7eb723c0bb904932c6f7,1514893169,0x4be2166a8dbe25e79a9b30b4ce26858e10d21e92,0xaf01b7fca77da0d00d0cc27c5db164d7c498467f4e0b5f8facc8b0fbd9a5cb93,160.0
4358,0x4be2166a8dbe25e79a9b30b4ce26858e10d21e92,1514895537,0xafba1b04ec9dcbdeaa8601d8ae8f44edc77da224,0xd686092c9b8bd75485ff0ed27e8fadd91d89bb46d4f5a61313cc61c471b59f41,227.0
4359,0x4be2166a8dbe25e79a9b30b4ce26858e10d21e92,1514902011,0xb013a76d2f8694a333d436c1bea4108efce0ac37,0x7dd855cbf9f7ce1d58dd3a012d08eef768b1a61246de9a5d91d90af7a4d14f4b,18.0
4360,0x4be2166a8dbe25e79a9b30b4ce26858e10d21e92,1514902376,0x3d6b38ea2b185607622de9ce7324e0db95241bce,0x7e0d3c2bfda4a69db8cfb42e388ea6dfa2da10b7debd7987c93176d05f6ae037,15.0
4361,0x1ff8b80279f4f49875a2e06ef4df5c634503e449,1514909006,0x4be2166a8dbe25e79a9b30b4ce26858e10d21e92,0x18ac58400c8a75d78b1e5f036ec4164c71a98de244636af9a763dfd4e3547efb,276.0
4362,0x4be2166a8dbe25e79a9b30b4ce26858e10d21e92,1514909379,0xafba1b04ec9dcbdeaa8601d8ae8f44edc77da224,0x54713afced4fe33572e3d9e42135121b679af3492dfa45672f87b1c44fd195ac,274.0
4363,0x4be2166a8dbe25e79a9b30b4ce26858e10d21e92,1514912541,0x737599a4abeded8a2e3cdaa9a9714a51816f7e9d,0xf15f5d8e739ee3189f8f74f07caec026ae9eeef1b6592355b85dde55d014d70f,2.0
4364,0xce108d03d27b8382a0b65ff54baffb09b965c47f,1514914327,0x4be2166a8dbe25e79a9b30b4ce26858e10d21e92,0x012e9f22326c7d3dfb82774f49c7c013f62e3046c10c4d180f90983ac20f4a57,4.0
4365,0xce85247b032f7528ba97396f7b17c76d5d034d2f,1514945956,0x4be2166a8dbe25e79a9b30b4ce26858e10d21e92,0x9922e2472136ad9efaee7828e31a18894aa8f6557db544f2fb12ce8c73f4532c,7.581700814300058
4366,0x2b5634c42055806a59e9107ed44d43c426e58258,1514946226,0x4be2166a8dbe25e79a9b30b4ce26858e10d21e92,0x1e4fd058dc680cc70dabe2cbda1e5ae7db8c4ccf661d0f23537421cabd4b9be7,5.6175809999999995
4367,0x3f5ce5fbfe3e9af3971dd833d26ba9b5c936f0be,1514950158,0x4be2166a8dbe25e79a9b30b4ce26858e10d21e92,0xfb9f0379de39f5a53970887ca7847c5cc62974a97d46015f89bc5d952e0f2185,4.0
4368,0xc2c9e7a31b7f658f912a73f4a71c3ee5115e457f,1514952053,0x4be2166a8dbe25e79a9b30b4ce26858e10d21e92,0x8f1476ed032f6ac023bbe7326ce69322320a3bb636b24ca9397d108f839c7a38,330.0
4369,0x3f5ce5fbfe3e9af3971dd833d26ba9b5c936f0be,1514953733,0x4be2166a8dbe25e79a9b30b4ce26858e10d21e92,0x11376a7f9c6e736766cea9a4d0128e3ce5ae1ae7a9d1d4243f0e794ee16638be,2.0
4370,0x4be2166a8dbe25e79a9b30b4ce26858e10d21e92,1514955040,0xafba1b04ec9dcbdeaa8601d8ae8f44edc77da224,0xf345a35be63edb344c5d21e3be0ef7567a56e3438e9fce6ca5a924576c8a4eaa,330.0
4371,0xe3d56e97c1692aed323a948c9eb262cc90be1d76,1514959095,0x4be2166a8dbe25e79a9b30b4ce26858e10d21e92,0xf848e9d4fd282f9b76d2bdecf18768b5c28cca77ed247a8f75a0de8ed72bb033,30.0
4372,0x4be2166a8dbe25e79a9b30b4ce26858e10d21e92,1514960528,0xb18073097e702650e105605de83eade581862436,0xc2c7f2f852e584c8dcbc672f293ceb7a31e2b493117c61e8b143e9db8c1053d7,30.0
4373,0x6f4d027a2335866e4bf7979e7a3e5bf75495906e,1514960637,0x4be2166a8dbe25e79a9b30b4ce26858e10d21e92,0xde6b739aed5d6f8044255e96b0f08bfa822d2e92c37f37730e37c38e8f55885f,1.0
4374,0xc225fb974b1236c9d45b5da90aef26e6e733a655,1514963444,0x4be2166a8dbe25e79a9b30b4ce26858e10d21e92,0xddbb267eb73593e3aa0d3d1f28819ab341891e34054c1484c8b1c3c9c29351ed,1.0
4375,0x414ac625f192b5dd77544899d0bd60f3548ee382,1514964192,0x4be2166a8dbe25e79a9b30b4ce26858e10d21e92,0x6fe1beac2db7df85ddb6a0d024f41c76d46a787863a99b0e9bc235cd5355335a,85.0
4376,0x0fd081e3bb178dc45c0cb23202069dda57064258,1514964835,0x4be2166a8dbe25e79a9b30b4ce26858e10d21e92,0xa7775614fe6669b151c96a4387da35b9011ac90c206b6bc99c3c501f49fc9253,1.0
4377,0x6f4d027a2335866e4bf7979e7a3e5bf75495906e,1514968841,0x4be2166a8dbe25e79a9b30b4ce26858e10d21e92,0xc910c279fcad033378268f94592aafd5c706d0c6615b18c7928007098ffcad4a,2.0
4378,0x414ac625f192b5dd77544899d0bd60f3548ee382,1514968892,0x4be2166a8dbe25e79a9b30b4ce26858e10d21e92,0x35235d0cf3ba9c4832104e664343722846d60de3195f8993cb557b98c96ac972,2.0
4379,0x80e29acb842498fe6591f020bd82766dce619d43,1514970317,0x4be2166a8dbe25e79a9b30b4ce26858e10d21e92,0x76fafd3c17a0d7a8f6211d0429cacd3af4d0867eaf3a4706852bb42d4f813cdc,0.997
4380,0xfa6e074c0f1dcb8c5aee20c72b964c8fe8f1a570,1514971318,0x4be2166a8dbe25e79a9b30b4ce26858e10d21e92,0xdf475c9f0e588a007a9053cd750dfb7c2ad1308c279ad3b3025376fd204dfa0a,1.0
4381,0x2b5634c42055806a59e9107ed44d43c426e58258,1514971918,0x4be2166a8dbe25e79a9b30b4ce26858e10d21e92,0xf9f1b6e1ad7593ede380ffbac4d2c1cec75e50c4b7f84bfba3370c52236e0e3e,1.0
4382,0x4be2166a8dbe25e79a9b30b4ce26858e10d21e92,1514978916,0xdfb58f914a8b198fa5599480872a3a54185ed0ca,0xd29bb53c3f5129245ece1484259be833021ea37a30ed126ba022b2dee7ba27df,5.0
4383,0x3d6b38ea2b185607622de9ce7324e0db95241bce,1514979639,0x4be2166a8dbe25e79a9b30b4ce26858e10d21e92,0x2c691758ad99ce1fd1af97009852d8b3483136df77be722cfac8e2c6a4b26147,2.0
4384,0x4be2166a8dbe25e79a9b30b4ce26858e10d21e92,1514981213,0x8effd494eb698cc399af6231fccd39e08fd20b15,0x13094787d96e14b1de0ad2877c9d7821a1779b0657c4340f5c47aeed27186ae3,0.0
4385,0x0a0f4a2ffaec6807a4db8064adbf9b9979c0d41c,1514985520,0x4be2166a8dbe25e79a9b30b4ce26858e10d21e92,0xa6bee8ab5c496fbc938c91a2de61cb96f1c13041bad39e51c1cf8dbb412ef137,4.001
4386,0x6f4d027a2335866e4bf7979e7a3e5bf75495906e,1514987807,0x4be2166a8dbe25e79a9b30b4ce26858e10d21e92,0xf46ad393a30be7ed8d22ad8f74c173c6ccce41eca7ad276743b33508a13584a2,3.0
4387,0xbb418c47bebff00d4a0bfffd6b066dffbefa474c,1514989272,0x4be2166a8dbe25e79a9b30b4ce26858e10d21e92,0x8769160796f0cf47844da54ab338e9917f83970c0543b9f44112a86c8f0c552f,200.0
4388,0x4be2166a8dbe25e79a9b30b4ce26858e10d21e92,1514989354,0xafba1b04ec9dcbdeaa8601d8ae8f44edc77da224,0x55fc5c6a63764bb427cccc58f96582e2851d871867bc89a4561c1a8a5769bf86,155.0
4389,0x4be2166a8dbe25e79a9b30b4ce26858e10d21e92,1514990168,0xafba1b04ec9dcbdeaa8601d8ae8f44edc77da224,0x236d058ae3600a414cc73390bb68d3477606dc3969251a708d7ffa94aa405613,200.0
4390,0x3f5ce5fbfe3e9af3971dd833d26ba9b5c936f0be,1514990386,0x4be2166a8dbe25e79a9b30b4ce26858e10d21e92,0x390ad59ae6bdcd05870972a8bf35837b5713f6431761ee2085fe25f0a58a1f14,1.0
4391,0xc2c9e7a31b7f658f912a73f4a71c3ee5115e457f,1514990778,0x4be2166a8dbe25e79a9b30b4ce26858e10d21e92,0xd0fc5baa79b2a4a650f3e52fa9e1e8abfe705dda0d9ad205c046218397921230,940.0
4392,0x4be2166a8dbe25e79a9b30b4ce26858e10d21e92,1514991002,0xafba1b04ec9dcbdeaa8601d8ae8f44edc77da224,0xcbc9b3d44d8ce3ef40ecee555925eb281d37065ccbd9b45b778ac8781f678417,941.0
4393,0x730222bbb8bc0faf26f40db6eb378ad660cdde2f,1514992120,0x4be2166a8dbe25e79a9b30b4ce26858e10d21e92,0x36bfd0673f5d3fb9666e69d6ce06bb8f1c1066bbd27124d857a82f642e23cf5a,1.0
4394,0xbb418c47bebff00d4a0bfffd6b066dffbefa474c,1514992277,0x4be2166a8dbe25e79a9b30b4ce26858e10d21e92,0xc5ebc04f383b31daf898b1ab1c7a6a0bf8007a4dc5c81eb0444422480734d6d0,300.0
4395,0xfa6e074c0f1dcb8c5aee20c72b964c8fe8f1a570,1514992374,0x4be2166a8dbe25e79a9b30b4ce26858e10d21e92,0x37cb5acdccb7d9d272615121778bfdafc27303322cb59bf87c7fd7d49cb3c5cf,1.0
4396,0xc225fb974b1236c9d45b5da90aef26e6e733a655,1514992413,0x4be2166a8dbe25e79a9b30b4ce26858e10d21e92,0x092b07ca21586c13d7cbbb95637b25f0a5e181fcbb6cb184aacce7d20280bb1d,38.0
4397,0x4be2166a8dbe25e79a9b30b4ce26858e10d21e92,1514992434,0xafba1b04ec9dcbdeaa8601d8ae8f44edc77da224,0x0e6b716063f23dfb7cd4c1a511718b38da680c3af2b8d8f50802d21ac98f1ed2,300.0
4398,0x3ac8bda3a636d437fa5441bc02e51218c0cf193f,1514992840,0x4be2166a8dbe25e79a9b30b4ce26858e10d21e92,0x55f88c82737af1408f089dc67f10ccab940145100613773eb02f72b1777df003,30.0
4399,0x4be2166a8dbe25e79a9b30b4ce26858e10d21e92,1514992947,0xafba1b04ec9dcbdeaa8601d8ae8f44edc77da224,0x200f654f51281e5cac0922d5257d9e9e18dc1cf33a442003923c28ae9ea9c81f,70.0
4400,0xc2c9e7a31b7f658f912a73f4a71c3ee5115e457f,1514994103,0x4be2166a8dbe25e79a9b30b4ce26858e10d21e92,0xc48615d184c09df5ee15772da73c52743209bff8745767f7b46e6d094c7b66d7,140.0
4401,0x4be2166a8dbe25e79a9b30b4ce26858e10d21e92,1514994330,0xafba1b04ec9dcbdeaa8601d8ae8f44edc77da224,0x7f56db765104bef04962a165acb2802376bbd7391c81925c45773b17734fcc9e,140.0
4402,0x0fd081e3bb178dc45c0cb23202069dda57064258,1514994797,0x4be2166a8dbe25e79a9b30b4ce26858e10d21e92,0xc431358e32309697a3a6deddb021744d1a0fb97db17c418cd743d805f21d846d,1.0
4403,0xc2c9e7a31b7f658f912a73f4a71c3ee5115e457f,1514995586,0x4be2166a8dbe25e79a9b30b4ce26858e10d21e92,0x93b0957e16e42c51dc302de110f7c6de213e9c118063042cb41d22a31163bff4,20.0
4404,0xc47253923b3a2c7d426e35ac91cbad94cc32fe16,1514995975,0x4be2166a8dbe25e79a9b30b4ce26858e10d21e92,0xee0f394100792021ef0b352e74482ad3edfc4b62916e90f0083d1f6b4b8ab824,1.0
4405,0x3f5ce5fbfe3e9af3971dd833d26ba9b5c936f0be,1514996942,0x4be2166a8dbe25e79a9b30b4ce26858e10d21e92,0xeb78b044cbbf62a1686fde6a0000033df0e986037bf335b17f70393012f1f7ff,2.0
4406,0x4be2166a8dbe25e79a9b30b4ce26858e10d21e92,1515001230,0xbdc5bac39dbe132b1e030e898ae3830017d7d969,0x6af182ce8320bbb8f2d715196392d47eb0b1acdc214aab7212efbb423483b408,0.0
4407,0x4be2166a8dbe25e79a9b30b4ce26858e10d21e92,1515003155,0xbdc5bac39dbe132b1e030e898ae3830017d7d969,0x36e73c31442c5674d1e919998099e4ed296fa3f6fbb8b803f3d67fb0db947f36,0.0
4408,0xc2c9e7a31b7f658f912a73f4a71c3ee5115e457f,1515028300,0x4be2166a8dbe25e79a9b30b4ce26858e10d21e92,0x61d8111b5a2c6055e8cf79f562ea4969baf7c1281bb3d138495305ae3824db0f,15.0
4409,0x4be2166a8dbe25e79a9b30b4ce26858e10d21e92,1515030314,0x73ffb24400409d381859256391099d21495e53d0,0x560598059d834537bd55c5b26594e54ac25de83e7105b8ad3e17b82dcd9df083,2.0
4410,0x3f5ce5fbfe3e9af3971dd833d26ba9b5c936f0be,1515034947,0x4be2166a8dbe25e79a9b30b4ce26858e10d21e92,0x0b4f7d41a32ceaf127da33a919984c377a53563cc64e8d2d0179a636322cd505,2.0
4411,0x5ac95e1f0be759fabdcef513190b45a9c2b3ecbf,1515037569,0x4be2166a8dbe25e79a9b30b4ce26858e10d21e92,0xa7b5a100d19b2004a83daa3cb1f03005f63885f5c256967830d87268a2576ce4,3.0
4412,0xf346b7f9445003ab800181f2294027cea3291333,1515037604,0x4be2166a8dbe25e79a9b30b4ce26858e10d21e92,0x9f95bc0049181f5b9929bcfba1d0c50519d36592437704a860792ff79db1f598,2.0
4413,0xcac725bef4f114f728cbcfd744a731c2a463c3fc,1515037767,0x4be2166a8dbe25e79a9b30b4ce26858e10d21e92,0xba2e9166d3ca62bdcb77fca83d8a8af786f11b77faf49e4e8c104c5c505768c9,10.0
4414,0x4be2166a8dbe25e79a9b30b4ce26858e10d21e92,1515038971,0x1234567461d3f8db7496581774bd869c83d51c93,0xc958d6b7a92defe10797b77e6e43026326b42ee7a1be6c8ed66db57318ba8e20,0.0
4415,0x5ac95e1f0be759fabdcef513190b45a9c2b3ecbf,1515040669,0x4be2166a8dbe25e79a9b30b4ce26858e10d21e92,0xe94df05e3744b1a2171792bc855ee93fbf75dfcd0cdc0fc16f1eb5141abe9930,19.0
4416,0x4be2166a8dbe25e79a9b30b4ce26858e10d21e92,1515041514,0x72adadb447784dd7ab1f472467750fc485e4cb2d,0x065451235bfa12ade5e4c0e6016f66cdc63b3b30ae7bbb9bf6fcd48f71169cfe,0.0
4417,0x4be2166a8dbe25e79a9b30b4ce26858e10d21e92,1515042457,0xafba1b04ec9dcbdeaa8601d8ae8f44edc77da224,0xeefde8e2f1e34cb29410bad2b97dfcc905e8763204ed136ddbfd665b38c52050,30.0
4418,0xc2c9e7a31b7f658f912a73f4a71c3ee5115e457f,1515043449,0x4be2166a8dbe25e79a9b30b4ce26858e10d21e92,0x70c716dc6a7f2ff871400165a31c66e68d3841146d4d714255ecf3a4115ecbeb,1050.0
4419,0x4be2166a8dbe25e79a9b30b4ce26858e10d21e92,1515043977,0x78bed742000b0c5a0e65937ffe34778295daa687,0xf0368cf3af49e9861f9ed105ec038709a2e3736d769f511bd3ca647aecbd8ba6,5.0
4420,0x4be2166a8dbe25e79a9b30b4ce26858e10d21e92,1515045334,0x2c75150d93437defbff5c73512e7e0b3217194e9,0x8dbd6f8b1d24bf53f3acbf1efb2968a15ee25a898e60826840e44a3d187aa0a8,0.992
4421,0x4be2166a8dbe25e79a9b30b4ce26858e10d21e92,1515045524,0xafba1b04ec9dcbdeaa8601d8ae8f44edc77da224,0x9863818c1567d28285f2152bdc1c034e898370875284c8e6045eefdfcc8c28fb,1087.0
4422,0xcac725bef4f114f728cbcfd744a731c2a463c3fc,1515046388,0x4be2166a8dbe25e79a9b30b4ce26858e10d21e92,0x13b5064b91d380a635b711fa1ed4c2b4822749a5e7538253a738fcb28b1e6222,2.0
4423,0x6f4d027a2335866e4bf7979e7a3e5bf75495906e,1515047402,0x4be2166a8dbe25e79a9b30b4ce26858e10d21e92,0x4072aa9d8d9b9a7e56a28e1b27986ad2628ba33c4ce7200de9e604368996074a,2.0
4424,0x0fd081e3bb178dc45c0cb23202069dda57064258,1515047815,0x4be2166a8dbe25e79a9b30b4ce26858e10d21e92,0x37586253c04fbf64791a8258b9669fd84f50fc7de4ef03a4de865099f1099c3a,0.992
4425,0xc2c9e7a31b7f658f912a73f4a71c3ee5115e457f,1515048773,0x4be2166a8dbe25e79a9b30b4ce26858e10d21e92,0x874823daa19ed4cd60d71c492f4337b561e63f35898afde72a981a66605a6356,2500.0
4426,0xc225fb974b1236c9d45b5da90aef26e6e733a655,1515049354,0x4be2166a8dbe25e79a9b30b4ce26858e10d21e92,0x568e6ff724867b1d36e56f50455664bb92edc8cb00d8f9e8a46ae07f1f047993,6.0
4427,0xc2c9e7a31b7f658f912a73f4a71c3ee5115e457f,1515049526,0x4be2166a8dbe25e79a9b30b4ce26858e10d21e92,0x118548e917e7fc37d7e7193e419e15a7a18707aeea3a10436024c62e38c0cb9d,5.0
4428,0xfa6e074c0f1dcb8c5aee20c72b964c8fe8f1a570,1515049793,0x4be2166a8dbe25e79a9b30b4ce26858e10d21e92,0x610e52c1494a41c4452a130235eb64508956b6620e4f94f60f50cda8a3c8acf2,1.0
4429,0xd04003e9bfd8e8a99f18e21daa332c29373308fd,1515050202,0x4be2166a8dbe25e79a9b30b4ce26858e10d21e92,0x662ecbd6babb8447cdc54412be446a1aec6ed5435c600e6a76def1a9d2fa6642,1.0
4430,0x4be2166a8dbe25e79a9b30b4ce26858e10d21e92,1515050461,0xafba1b04ec9dcbdeaa8601d8ae8f44edc77da224,0xd6a68c84956eacb13c6c2dd806ff872fcba8c7ae03bfc88e6ff287be0cbb1f8c,2460.9999999999995
4431,0x3f5ce5fbfe3e9af3971dd833d26ba9b5c936f0be,1515051200,0x4be2166a8dbe25e79a9b30b4ce26858e10d21e92,0xf472baffdbe678c8e4d4e54006c2a5e8a2aecb400adde30f70dff0d99174b6f8,5.001
4432,0xf0ff4fc8c6e51f4ac12169dbfb2430e6a24c44c5,1515051592,0x4be2166a8dbe25e79a9b30b4ce26858e10d21e92,0x1ad102aa70f5d546af73a1915de9fb62f37659180219842d99ad806327cfdadc,3.0
4433,0x4be2166a8dbe25e79a9b30b4ce26858e10d21e92,1515052950,0x9d1ca470d17e851ef17afa3d1109c9ccadca15e0,0x44cdf132fa3bbd4b7e6ebd7146064168e3f74260a93104379b4cd5dd9fe7e185,10.0
4434,0x4be2166a8dbe25e79a9b30b4ce26858e10d21e92,1515053467,0x9d1ca470d17e851ef17afa3d1109c9ccadca15e0,0x1c615eb49717c731ebda66d309ee41e820916960a6d0a3c31013900d7e1a2666,0.2
4435,0x78bed742000b0c5a0e65937ffe34778295daa687,1515054485,0x4be2166a8dbe25e79a9b30b4ce26858e10d21e92,0x0ebdcbd450476785d99f09eb352bf0d91ab7115af620b276c3cf458f1d8b121c,5.0
4436,0x3f5ce5fbfe3e9af3971dd833d26ba9b5c936f0be,1515055130,0x4be2166a8dbe25e79a9b30b4ce26858e10d21e92,0x0d735c9efb32297e68c61840e4f3a89264ac4ca3a047d95180fafb357b21cc17,1.0
4437,0x4be2166a8dbe25e79a9b30b4ce26858e10d21e92,1515055892,0x9d1ca470d17e851ef17afa3d1109c9ccadca15e0,0x1cc959ea78b736ca2eac8ee1fb458775f144fa2c4cc261857cd94828ed649a56,11.11
4438,0xc2c9e7a31b7f658f912a73f4a71c3ee5115e457f,1515056771,0x4be2166a8dbe25e79a9b30b4ce26858e10d21e92,0xc3167b141e362df5ad40f07e590d0087c931630b25ac9b1616d1cf62814e5d53,5.0
4439,0xc96420fbc712d56e248fc4a165560480fda72618,1515058227,0x4be2166a8dbe25e79a9b30b4ce26858e10d21e92,0x9042df050153295616de578204932b309f795711345802c94ec041c296ea9982,26.0
4440,0x17cdfbeca6529612f503db16a78a29b5c5bfff96,1515058687,0x4be2166a8dbe25e79a9b30b4ce26858e10d21e92,0x131b90cb38e6b00b12bf0dc209dc2dfe46c1b6b50cad46767c198bf711e216a1,4.0
4441,0x4be2166a8dbe25e79a9b30b4ce26858e10d21e92,1515059039,0xafba1b04ec9dcbdeaa8601d8ae8f44edc77da224,0x2cd46431a014ffa66c8f4c5d97847691929a5e33b529a22715f44c933cd3f3bc,85.0
4442,0x2b5634c42055806a59e9107ed44d43c426e58258,1515059688,0x4be2166a8dbe25e79a9b30b4ce26858e10d21e92,0xa42f69fcd04990e750c4bda135daf9163d21b9a6187e0d43650e710de5394939,15.009
4443,0x8b1698f7344d8446821940dfa180dd0f6eb03ca9,1515063676,0x4be2166a8dbe25e79a9b30b4ce26858e10d21e92,0xe14a84a7465f0fb6ddc1fd2863527f5d4794574fac95615fefda03b92691ca3a,170.0
4444,0xa1247cd2d06846b8fcb3575880abc80eb7e844ea,1515063768,0x4be2166a8dbe25e79a9b30b4ce26858e10d21e92,0x461896444e6a62bb7fbe9515773f5b0fee1502a971a583c55c75a18764598f6b,1.0
4445,0x4be2166a8dbe25e79a9b30b4ce26858e10d21e92,1515064070,0xb18073097e702650e105605de83eade581862436,0x970f392b6a76ff63b458d2f236cb444d5f78b29f4b3405aaff5b1f73bc279913,170.0
4446,0x3c2fe93c08322860a437eaf7ce32faae408b9723,1515064914,0x4be2166a8dbe25e79a9b30b4ce26858e10d21e92,0x16acb77e0c372cad272f186e773a02275710b9501875e172d0d4b6bd55c5003b,4.0095
4447,0x30146933a3a0babc74ec0b3403bec69281ba5914,1515073281,0x4be2166a8dbe25e79a9b30b4ce26858e10d21e92,0xe500b5f4351629eebff03d38890e7b77c6b8f228e516f918090c924453a822fe,1.0
4448,0x3f5ce5fbfe3e9af3971dd833d26ba9b5c936f0be,1515073329,0x4be2166a8dbe25e79a9b30b4ce26858e10d21e92,0xcce1e5447b1a0d8306ca628f8656e347d9417bad9f8d8036dbba353b959f77d0,4.0
4449,0xcac725bef4f114f728cbcfd744a731c2a463c3fc,1515073986,0x4be2166a8dbe25e79a9b30b4ce26858e10d21e92,0xc966e8f0bcd1e0ec1a336ab18e646b268f808e104eb3fef5221795b433cf8423,3.0
4450,0xc2c9e7a31b7f658f912a73f4a71c3ee5115e457f,1515075084,0x4be2166a8dbe25e79a9b30b4ce26858e10d21e92,0x7f142e5e2ababfecc06f2f53f0ebbae268079732ceb631acd4cc7a94ce388cc9,5.0
4451,0x3f5ce5fbfe3e9af3971dd833d26ba9b5c936f0be,1515075105,0x4be2166a8dbe25e79a9b30b4ce26858e10d21e92,0xee9120c94e89cbf88b7ba317fc49842dd719c555d26d4ca59ae40c5d5babae1c,1.0
4452,0x93d63bbf49d6f58ffa5e7232fc6c01d2d3b263ab,1515075907,0x4be2166a8dbe25e79a9b30b4ce26858e10d21e92,0x3391e6aee326697648d2904c99c84c206416d5f1117ad481aba5bd0f7d7f90d1,5.0
4453,0xb0562f82a443b2d46105909e4e928a6211670aae,1515077287,0x4be2166a8dbe25e79a9b30b4ce26858e10d21e92,0xf3dc618951770b5cc82599255e08315ae79682f80003be3075a99bd6250d0a42,1.0
4454,0x3acc431c34cc37446375f6f8c4beb5d4f5b2d9fe,1515077714,0x4be2166a8dbe25e79a9b30b4ce26858e10d21e92,0xcc2f4dbc0d40cbf2dc4f3b974a4f68247c9e84622dc8dd5942bf0e9ec7deab2a,2.0
4455,0x4be2166a8dbe25e79a9b30b4ce26858e10d21e92,1515077758,0xafba1b04ec9dcbdeaa8601d8ae8f44edc77da224,0xf493f68445c932f67888f57f47b95748339e297a93766987067a27db11a75c9a,40.0
4456,0xc2c9e7a31b7f658f912a73f4a71c3ee5115e457f,1515079222,0x4be2166a8dbe25e79a9b30b4ce26858e10d21e92,0x0a5d98973dc993d3e2f06b4da75bd802fa58d021de1717c9f78966e1f25b445f,1000.0
4457,0x4be2166a8dbe25e79a9b30b4ce26858e10d21e92,1515079497,0xafba1b04ec9dcbdeaa8601d8ae8f44edc77da224,0xf46560b1de5ad3cc728abacfb4000a361ed46c0e87501c881fc52101be5f182f,1000.0
4458,0x4be2166a8dbe25e79a9b30b4ce26858e10d21e92,1515083850,0xafba1b04ec9dcbdeaa8601d8ae8f44edc77da224,0xbdbdfec23a0d942272c1d71777e21ae0b8ab5fe376c7e09d454092b0704d3197,2.0
4459,0x77c8253bf4fb4f9b116673d535f06062d5e481d5,1515084451,0x4be2166a8dbe25e79a9b30b4ce26858e10d21e92,0x10d7d7760b88b1b8a467a8a4db52412f1a215d39634159d8354fead2f56eb0a1,100.0
4460,0x4be2166a8dbe25e79a9b30b4ce26858e10d21e92,1515084619,0xafba1b04ec9dcbdeaa8601d8ae8f44edc77da224,0x174c9e9f06f8f531b131d5650a0860e1666a0bf2eb4c15bcab5c014d76d18f33,100.0
4461,0x062603414e8ac52f38e8a3020326d916a8127309,1515115972,0x4be2166a8dbe25e79a9b30b4ce26858e10d21e92,0xad757f86e8d8c92c8b3702a46e941abb23ff645097e52d7f138acbc65cdb44e2,1.0
4462,0x1e8332ef2e873dcf19f1c699ce424316e43cef51,1515116020,0x4be2166a8dbe25e79a9b30b4ce26858e10d21e92,0x70152498a14a4ec257b32ede1950686fad3cbabd1269362b4f71caadf3482f6f,1.0
4463,0xcb6a1ccc598404ee3c368dbb76ee1728708183bf,1515116116,0x4be2166a8dbe25e79a9b30b4ce26858e10d21e92,0xd3882d49ead85478e1befb0d1035c1718aaee868a1650ae12a02151493efcdbd,1.0
4464,0x506f32c9c76b7716d2354e16781cde0907cb2c85,1515116140,0x4be2166a8dbe25e79a9b30b4ce26858e10d21e92,0xb3fd09eaa8edf686739affd24c06d5c59a702d46c0ebd2baf00be303753bc803,1.0
4465,0xa1247cd2d06846b8fcb3575880abc80eb7e844ea,1515116169,0x4be2166a8dbe25e79a9b30b4ce26858e10d21e92,0x1ed117b5c28eb35fb8a34c34076cac33d09becf8a875ca1d11cccce8c4825f5e,1.0
4466,0xf346b7f9445003ab800181f2294027cea3291333,1515116498,0x4be2166a8dbe25e79a9b30b4ce26858e10d21e92,0x48ad5cfd3cdb4dca4da7b07c5b4f17bd532f0d36f995b4a30bff78452b38037d,4.0
4467,0x2b5634c42055806a59e9107ed44d43c426e58258,1515116950,0x4be2166a8dbe25e79a9b30b4ce26858e10d21e92,0x4102bada7d640f5b3db1ac1b4b6c3b33239743eeb4ccc38d37523dc7b171bf50,14.189
4468,0x0fd081e3bb178dc45c0cb23202069dda57064258,1515121065,0x4be2166a8dbe25e79a9b30b4ce26858e10d21e92,0xb920c02f9ec0b380288a54156dc763e799e1d2999708819aac107a93a799cdc7,0.9965
4469,0xcb6a1ccc598404ee3c368dbb76ee1728708183bf,1515121694,0x4be2166a8dbe25e79a9b30b4ce26858e10d21e92,0xb3783f7dc8128a57e3aa7a3525af4f4d404336403f83ae2a42ccf9668e391c7d,1.1
4470,0x12021f11761f8fbfb4947f6a6a3718cfefdd45d5,1515121776,0x4be2166a8dbe25e79a9b30b4ce26858e10d21e92,0x2399e476eb2a329ea9cb5e3350c6a2de4116e0fb85335901277a975a0fe77638,15.0
4471,0x0a0f4a2ffaec6807a4db8064adbf9b9979c0d41c,1515122730,0x4be2166a8dbe25e79a9b30b4ce26858e10d21e92,0x17003d9684db81b90b5f8c00dc78c621620acd6bd3b03b529b7a21f24598c5a8,3.3
4472,0x5ac95e1f0be759fabdcef513190b45a9c2b3ecbf,1515126282,0x4be2166a8dbe25e79a9b30b4ce26858e10d21e92,0xdd6c1e08255c17418deed9a7ebe9a9bc5b1512d9e2136f859fc879c20240ff57,1.0
4473,0x6f4d027a2335866e4bf7979e7a3e5bf75495906e,1515126421,0x4be2166a8dbe25e79a9b30b4ce26858e10d21e92,0xa58904589403dc200bcf89518beb379f6521ea89aecf048cb132397ed9689442,1.0
4474,0xc225fb974b1236c9d45b5da90aef26e6e733a655,1515126616,0x4be2166a8dbe25e79a9b30b4ce26858e10d21e92,0x01c839e121a51dbca10a9a473c8eeb275ee3bdb7fdcb3f320770403763e2eb69,7.0
4475,0x6f4d027a2335866e4bf7979e7a3e5bf75495906e,1515126645,0x4be2166a8dbe25e79a9b30b4ce26858e10d21e92,0xffe69e0183e4a7cef069728cda15d7f913b847a504ee0bf7b022eced2fb469c8,0.1
4476,0xfc61563ad79109f6f04e9085474ef7e8bf641baf,1515127893,0x4be2166a8dbe25e79a9b30b4ce26858e10d21e92,0x90c66668d82bc3c41d424dc0a6a5a0160ad120aed0017c620d90c057f7c33c02,1.05
4477,0xa86fb9599f74257cf6407f697f4ee8045c9f7777,1515129449,0x4be2166a8dbe25e79a9b30b4ce26858e10d21e92,0xdc9674c1345e8632620a5dac36fbc042c4754ca8aa3d4a036ec843897e780d61,1.05
4478,0xfa6e074c0f1dcb8c5aee20c72b964c8fe8f1a570,1515131386,0x4be2166a8dbe25e79a9b30b4ce26858e10d21e92,0x76931731c35b598c823fc9a9c7d1bda380158b6c27d9ff8222db67309e9f4d26,1.05
4479,0x3f5ce5fbfe3e9af3971dd833d26ba9b5c936f0be,1515132202,0x4be2166a8dbe25e79a9b30b4ce26858e10d21e92,0x3590d8e05722a247c034929a81a773ce183140094353a05e95fc95f3de28354f,2.09
4480,0x513b4bd0f9eb1371955e33539d23985d112b3f95,1515133106,0x4be2166a8dbe25e79a9b30b4ce26858e10d21e92,0x0fe4bf0e7b5bc0d02d84990f06cf23e988a6e1fabe87ff3e201c00b7351da8f6,2.1
4481,0xf789fc66fef3be961637e72a39c6dc3435324762,1515137482,0x4be2166a8dbe25e79a9b30b4ce26858e10d21e92,0x4a17869177b250f3e036bebfefbdbcf4cd47c03efa8fdd99d4613fd19d978045,10.5
4482,0xefcb79385cdc4ae66bb72b49975153b383a28561,1515138583,0x4be2166a8dbe25e79a9b30b4ce26858e10d21e92,0x9309b47ca0541270911beb733b97f2c2def0257676717435f1d6c85801f8de90,2.0
4483,0xf789fc66fef3be961637e72a39c6dc3435324762,1515139546,0x4be2166a8dbe25e79a9b30b4ce26858e10d21e92,0x74d7a6d27f6395a86216791186a1c43a8305b33d0cdeafea0cc0f2fdb10d45e5,15.75
4484,0xb18073097e702650e105605de83eade581862436,1515140018,0x4be2166a8dbe25e79a9b30b4ce26858e10d21e92,0x110af020c7a945d148dbce99c6d112018631ee923b128765bbbf5fa6edd5f44c,26.25
4485,0x3f5ce5fbfe3e9af3971dd833d26ba9b5c936f0be,1515140738,0x4be2166a8dbe25e79a9b30b4ce26858e10d21e92,0x78d2fe9c8e05c11ad2aa15fcc685c23e55520f278ff9f5fa34622f4ea64d141d,5.251
4486,0x4be2166a8dbe25e79a9b30b4ce26858e10d21e92,1515141874,0xb18073097e702650e105605de83eade581862436,0xc5f54ab1193748a279b1be8b1817b18dae5e0c50dc014cd6e0f6e3da1b9f2f02,5.01
4487,0x4be2166a8dbe25e79a9b30b4ce26858e10d21e92,1515142131,0xb18073097e702650e105605de83eade581862436,0x20544ef20bbe5c091624690e7dfee06a3adfa34d79adc57e5f8d5d27f0baa76c,0.1
4488,0x4be2166a8dbe25e79a9b30b4ce26858e10d21e92,1515143083,0x82a887695a7c81dc83f404d7cb422fd221b69906,0xe23735b16b310eb92f19fa77f223ff7e9d03de7e52572dcbee80890ef7d574b1,4.0
4489,0x1e8332ef2e873dcf19f1c699ce424316e43cef51,1515144867,0x4be2166a8dbe25e79a9b30b4ce26858e10d21e92,0x7a670fc87995279af03e501495de401a5fc183b9043b9b4cb603550618b864e9,1.0
4490,0x1e8332ef2e873dcf19f1c699ce424316e43cef51,1515147118,0x4be2166a8dbe25e79a9b30b4ce26858e10d21e92,0x93c0ecfa57ff51e512c850fcad18216be8e36658a870d5a92b627cf839e08792,0.05
4491,0xf05ba4109221d846824e8af384e3b31f733189e1,1515147731,0x4be2166a8dbe25e79a9b30b4ce26858e10d21e92,0x8728eae7654a87e79ee66e2cc4d0ed444bac827caedd0e8b8942311af59a02b0,2.1
4492,0x4be2166a8dbe25e79a9b30b4ce26858e10d21e92,1515148573,0x77c8253bf4fb4f9b116673d535f06062d5e481d5,0x32088421babc4f271d3df2364449e45d5997085b7eb46122a0f40152fb1d05a6,100.0
4493,0x513b4bd0f9eb1371955e33539d23985d112b3f95,1515150577,0x4be2166a8dbe25e79a9b30b4ce26858e10d21e92,0x960299bd409fab2e3e3a0ede436f5eee625136e08aaf2aab8234d6b461bc8375,2.1
4494,0x2bca1236e83b1189db3941cf479b7c7cb1112720,1515150866,0x4be2166a8dbe25e79a9b30b4ce26858e10d21e92,0x97d34567f653a92bb4b0b0ef63effbf10e4ffcf16ef17f0eacb0f8bb216ce3ef,15.002
4495,0x0fd081e3bb178dc45c0cb23202069dda57064258,1515157288,0x4be2166a8dbe25e79a9b30b4ce26858e10d21e92,0x50d675dc0d54d344529ff400f180fa5800d23f37cbad4ef250eb7bb0b04729a2,2.001
4496,0x4be2166a8dbe25e79a9b30b4ce26858e10d21e92,1515158190,0xafba1b04ec9dcbdeaa8601d8ae8f44edc77da224,0x5c5e9a87dbe2ea51709471892dc21f6fa1c84616ed230465ce741f28f5d4a271,2.0
4497,0x4be2166a8dbe25e79a9b30b4ce26858e10d21e92,1515158741,0x45245bc59219eeaaf6cd3f382e078a461ff9de7b,0xb3c4143f2a19041fea3f183fe5cad22043748ded992712f018e617fba829a6f1,0.0
4498,0x4be2166a8dbe25e79a9b30b4ce26858e10d21e92,1515158802,0x45245bc59219eeaaf6cd3f382e078a461ff9de7b,0xe3907393c283f9e20758b5cd93b00b0ce7a5dd860f3931a7ec9befde81d8c2a2,0.0
4499,0xcac725bef4f114f728cbcfd744a731c2a463c3fc,1515159012,0x4be2166a8dbe25e79a9b30b4ce26858e10d21e92,0xedd4d493ca07a7fbfcdc1e5ed174ccc3eaf36bb2b66ee9e55d75a307e3a135ba,2.001
4500,0x4be2166a8dbe25e79a9b30b4ce26858e10d21e92,1515161834,0x1234567461d3f8db7496581774bd869c83d51c93,0xaff7acfb79b7b01fa3d5101f00bc70b491bb67166cb1ab1e3431cda289d05be7,0.0
4501,0x0fd081e3bb178dc45c0cb23202069dda57064258,1515167921,0x4be2166a8dbe25e79a9b30b4ce26858e10d21e92,0x0a432208c8c83a2aef338ac195ce8518bfb33327ac9fcc09ce126ebe998bdb48,2.001
4502,0xd02518f04073779e93d6cea6eea78e3f3c7df2d6,1515169972,0x4be2166a8dbe25e79a9b30b4ce26858e10d21e92,0x25f07ce056bd3244cb097a684084b8ca71b7540f009877abc6a84318cdbf88e7,10.5
4503,0xcb6a1ccc598404ee3c368dbb76ee1728708183bf,1515202745,0x4be2166a8dbe25e79a9b30b4ce26858e10d21e92,0x5f9eaf2de83f7783adbf628dbbc89f550d54039195f58b9fe89dbf66d92ca1ba,3.0
4504,0x77c8253bf4fb4f9b116673d535f06062d5e481d5,1515203118,0x4be2166a8dbe25e79a9b30b4ce26858e10d21e92,0xea33a2bd07db375323b62177e95c2e0573b1c17fe37164627e56db0004e053e8,200.0
4505,0xe91f0f3deb087c877c6f5f19d182da3e0ab61dd6,1515203262,0x4be2166a8dbe25e79a9b30b4ce26858e10d21e92,0xff7881f99dead45c25c2ce5af3689747bd63122ed0387b968da34c1550e1cd08,9.0
4506,0xfc61563ad79109f6f04e9085474ef7e8bf641baf,1515203632,0x4be2166a8dbe25e79a9b30b4ce26858e10d21e92,0xe9a0733a70acdcdb715678513fa083acc4b1ccef27ff45acb4c68a561a84e454,1.0
4507,0x4be2166a8dbe25e79a9b30b4ce26858e10d21e92,1515203680,0xafba1b04ec9dcbdeaa8601d8ae8f44edc77da224,0x79bc7c3037211f38aed55228cda41208747ff72fae09b629eaaa780f2a704567,257.0
4508,0xc225fb974b1236c9d45b5da90aef26e6e733a655,1515203680,0x4be2166a8dbe25e79a9b30b4ce26858e10d21e92,0xb77de46541f5716e23e8f9e1db1be1be793a5ac4658b839066f5985b1cb44187,8.0
4509,0x8e85f2bc7b346fcabdee31502f7c221a8d390a45,1515203879,0x4be2166a8dbe25e79a9b30b4ce26858e10d21e92,0xd685a8f65d4c98cb3583524b6f0f7b90791d47c0b14930f813325c63607e6394,5.9
4510,0xd02518f04073779e93d6cea6eea78e3f3c7df2d6,1515203979,0x4be2166a8dbe25e79a9b30b4ce26858e10d21e92,0xbacfcb4f5a4473b834a6b77e6d66703f4816efa4d97708d9c62febcd65e6a4ae,5.38
4511,0x513b4bd0f9eb1371955e33539d23985d112b3f95,1515204392,0x4be2166a8dbe25e79a9b30b4ce26858e10d21e92,0x5e0eedec9ffe6afb48d6c625ae2a457b63ceeb1fb84a57c08f82bc478862d85d,6.0
4512,0x62a3a4d00bc199f36f15b1c963f146a545410a4e,1515204531,0x4be2166a8dbe25e79a9b30b4ce26858e10d21e92,0x71dc4d426833dc29f563af8d9f6cf2d4008ed39a03da98e597cc0a97aaf52b54,1.0
4513,0xfa6e074c0f1dcb8c5aee20c72b964c8fe8f1a570,1515204606,0x4be2166a8dbe25e79a9b30b4ce26858e10d21e92,0x331f5c85c1d6f753bb5e03188f4c8999388f186d92739ffcc28d2e17812ef5fc,1.0
4514,0x77c8253bf4fb4f9b116673d535f06062d5e481d5,1515204780,0x4be2166a8dbe25e79a9b30b4ce26858e10d21e92,0x77d2c6f3dae9c70057bcc6a3cdae84c53bd38a1bf9a182e5cf1c3437b5f61966,300.0
4515,0x4be2166a8dbe25e79a9b30b4ce26858e10d21e92,1515204975,0xafba1b04ec9dcbdeaa8601d8ae8f44edc77da224,0x642e07dc6600418a71b78f8ef140397c535b9132f42806127dfb86981a9d97c7,328.0
4516,0x5ac95e1f0be759fabdcef513190b45a9c2b3ecbf,1515205269,0x4be2166a8dbe25e79a9b30b4ce26858e10d21e92,0x67cbd04abdf8eaede70db3ca3459f75b435f393f8a8c9c6894609bcacfede53c,21.95
4517,0xacb32c6707c88e9254d90f0d060e43fb25404c4b,1515205879,0x4be2166a8dbe25e79a9b30b4ce26858e10d21e92,0x7f17d0cff2c7a7b64650d5fadead30f4df29bac779cf92f2fdb09c06c014cafd,5.0
4518,0xaa8f06c44146c14f3393d4f4e0b782845e802b3d,1515205902,0x4be2166a8dbe25e79a9b30b4ce26858e10d21e92,0x2461972d8f128daccb8c3eb66c48134a0c3c379d86e95ff0956ef3055b2a487b,4.01
4519,0x4be2166a8dbe25e79a9b30b4ce26858e10d21e92,1515205940,0xafba1b04ec9dcbdeaa8601d8ae8f44edc77da224,0xf3dbde57e453b99ca01b96067d0df2a913d4dc2f06bd73bedfe7e7fe59669445,27.0
4520,0xe564aa0b83b05a625999da0bf44061bcd6858a1f,1515206720,0x4be2166a8dbe25e79a9b30b4ce26858e10d21e92,0x1b825c6479a27aea08eff846eac225f2993e46d115421e0d6c4bcdb3ac6d52fb,3.0
4521,0xf346b7f9445003ab800181f2294027cea3291333,1515207330,0x4be2166a8dbe25e79a9b30b4ce26858e10d21e92,0xb7408064d883300b56375bc7763f08157a91fdfe5ca110af4cb181d2e153506e,2.0
4522,0xa916c0c8f12aff68846c700cd228ec977c23ec15,1515207359,0x4be2166a8dbe25e79a9b30b4ce26858e10d21e92,0x7109133245eb553a15e0be0c8a2a63a1ad25f594fb7750362c9c616ff833c451,1.0
4523,0x27f6c206dc6cacc157991429450b3522623e626d,1515208232,0x4be2166a8dbe25e79a9b30b4ce26858e10d21e92,0x65610d57f59dd4c24bfb15a28efc5bd261174cecc4ad635001c96e5d009bb8ad,2.0
4524,0x506f32c9c76b7716d2354e16781cde0907cb2c85,1515208410,0x4be2166a8dbe25e79a9b30b4ce26858e10d21e92,0xa75e2062499786d977b82aee008826222983db036e5c5ae19e0d2955ca6fed23,30.0
4525,0x5ac95e1f0be759fabdcef513190b45a9c2b3ecbf,1515208792,0x4be2166a8dbe25e79a9b30b4ce26858e10d21e92,0xe8881c96cf080992da1559c34aafc5d97b2dd38bf09cca3629da142416a14984,1.0
4526,0x3a73def5c97d90f86ebf559b543782ff74c959a5,1515208792,0x4be2166a8dbe25e79a9b30b4ce26858e10d21e92,0xe6fbd7cf1df4be59fde793f4cce28a29bd257c2fbc55c6c40436f73558335dce,2.0026
4527,0x9d0e5afa1543659785b2c1725a69602ad3e5aec6,1515211051,0x4be2166a8dbe25e79a9b30b4ce26858e10d21e92,0xd14a70d35666bed170bde9dc639e84f8de8fc99d427e621aa95791f6056ce249,18.0
4528,0xa2808c03d6ccf969fa9c15be78add786bd95b29f,1515211143,0x4be2166a8dbe25e79a9b30b4ce26858e10d21e92,0x92855b21f0fe028783a2ca5d62ccae883b52ab96363275a9ff3a98676a1df5c4,6.9959608409200005
4529,0x05ee546c1a62f90d7acbffd6d846c9c54c7cf94c,1515211278,0x4be2166a8dbe25e79a9b30b4ce26858e10d21e92,0xa161b9e52657f118e673563118e96cee12a0d5864d78429170106c1e9dfa0ba3,2.0
4530,0x3acc431c34cc37446375f6f8c4beb5d4f5b2d9fe,1515214740,0x4be2166a8dbe25e79a9b30b4ce26858e10d21e92,0xf4368afd9884d9508516a4e535c81390b20f6274efc877dc446faee23bd8787d,1.0
4531,0x12021f11761f8fbfb4947f6a6a3718cfefdd45d5,1515216197,0x4be2166a8dbe25e79a9b30b4ce26858e10d21e92,0x0308ea4a73dfe9f7a3b1acd723b72a4b8002b107308587bb0b5327673b59b019,12.0
4532,0x05ee546c1a62f90d7acbffd6d846c9c54c7cf94c,1515217531,0x4be2166a8dbe25e79a9b30b4ce26858e10d21e92,0x1156018063b0f6eeec27b9f1de69cc04fb604efe53a889a1eb49efecf717ee12,2.0
4533,0xefcb79385cdc4ae66bb72b49975153b383a28561,1515218361,0x4be2166a8dbe25e79a9b30b4ce26858e10d21e92,0xa9bff5e549c3c9961bc22505abc98c3dddaf018298d739131c79485ecd0722a4,3.0
4534,0xf346b7f9445003ab800181f2294027cea3291333,1515218551,0x4be2166a8dbe25e79a9b30b4ce26858e10d21e92,0x8b64b3e656a1b8a80be94f4f330f7cd509dd55102e680000cbe84dffd3f64ab0,2.0
4535,0x4be2166a8dbe25e79a9b30b4ce26858e10d21e92,1515218878,0x1234567461d3f8db7496581774bd869c83d51c93,0x2711c382f949044d82502bd97c5a3e3fa8cfa2486994ba2976b4c1ac0355e28d,0.0
4536,0x3d6b38ea2b185607622de9ce7324e0db95241bce,1515232313,0x4be2166a8dbe25e79a9b30b4ce26858e10d21e92,0x589dc41f8032fb2641f3e424625e059fb0f648813f2122f42acb8851d687362f,15.0
4537,0x0fd081e3bb178dc45c0cb23202069dda57064258,1515232833,0x4be2166a8dbe25e79a9b30b4ce26858e10d21e92,0xb1e4e29a1fe622c163af2405f4bf6cf1db7a28880ce2207ca6aacf8c83935851,0.991
4538,0xdb413bff6ded8ea9616a8d2b39a69b39a8cb3d40,1515232981,0x4be2166a8dbe25e79a9b30b4ce26858e10d21e92,0x3d29b550e28708256aeb2d5745d57de5e0088399d10b40990be3a388453c6ec0,10.0
4539,0xfa6e074c0f1dcb8c5aee20c72b964c8fe8f1a570,1515233657,0x4be2166a8dbe25e79a9b30b4ce26858e10d21e92,0x875db3ec08e18d1987ba7df465c15d576f15eb1d6ba5bf496d64fe4ff176f0a1,1.0
4540,0xdb413bff6ded8ea9616a8d2b39a69b39a8cb3d40,1515234056,0x4be2166a8dbe25e79a9b30b4ce26858e10d21e92,0xb180161869e8d534c49e325ee7d517a3ee36a56fe55e85f075f8c37c6a2494cb,10.0
4541,0x730222bbb8bc0faf26f40db6eb378ad660cdde2f,1515234112,0x4be2166a8dbe25e79a9b30b4ce26858e10d21e92,0x74c81481073b9baae61a2fc6cbf644a66f87e7e820d18020d0a857b2fcfc4f04,5.0
4542,0x730222bbb8bc0faf26f40db6eb378ad660cdde2f,1515234346,0x4be2166a8dbe25e79a9b30b4ce26858e10d21e92,0x272d525d0fee2d75db35a68d2d14fb0afd3698b0b459cc98f429d033512afcf3,3.0
4543,0x0a0f4a2ffaec6807a4db8064adbf9b9979c0d41c,1515235969,0x4be2166a8dbe25e79a9b30b4ce26858e10d21e92,0x60ef8525c95324b8e2c462e27eb048cf6ac610356547ac1036d2535fb9c3d365,7.0020000000000024
4544,0x3f5ce5fbfe3e9af3971dd833d26ba9b5c936f0be,1515236127,0x4be2166a8dbe25e79a9b30b4ce26858e10d21e92,0x8b9cb75c98c8dd7dac0d8166b0f3ea8932f524ccef1f1e5180527d81bf504a64,3.72566095
4545,0x3f5ce5fbfe3e9af3971dd833d26ba9b5c936f0be,1515236441,0x4be2166a8dbe25e79a9b30b4ce26858e10d21e92,0x08c0d903f993f3c82f31e17a98d8d814198e358ace6576afd4e01887a6f783f2,10.09
4546,0x842f2089a0bd8bcd49c57bd46b1b7e0772813150,1515240050,0x4be2166a8dbe25e79a9b30b4ce26858e10d21e92,0xa476862b977f3a20de86cac27c8c31d82811fedd7e3cd9b20b74be2c672de301,1.0
4547,0x34a5763a67380fcbf8d041480b66f23a9b04beee,1515240190,0x4be2166a8dbe25e79a9b30b4ce26858e10d21e92,0xa301b7f46ed6c4c800921fb7bed0ed46ae43972c0fdea7381d5327557ebd55ae,2.0
4548,0x645f376bc1b6070e6baf86270c3046b49ac6c927,1515247056,0x4be2166a8dbe25e79a9b30b4ce26858e10d21e92,0x94dff7ead9a55457d9ee97b3b6204e9f6fcfa2f73112d71d18fd6efbb11c9f7e,5.0
4549,0x27f6c206dc6cacc157991429450b3522623e626d,1515250710,0x4be2166a8dbe25e79a9b30b4ce26858e10d21e92,0xc532917faa54490d16d0b05fd27a8821868bbe6cfae0d3dac496d2bac2bef50b,2.0
4550,0x730222bbb8bc0faf26f40db6eb378ad660cdde2f,1515251442,0x4be2166a8dbe25e79a9b30b4ce26858e10d21e92,0xae04d078578000e701f6130351a022ed4899a489ebe547ab7a03d2ba19ebd342,2.0
4551,0x236f9f97e0e62388479bf9e5ba4889e46b0273c3,1515254009,0x4be2166a8dbe25e79a9b30b4ce26858e10d21e92,0x693eca392865a178e3f0e4384c59cfe8171ed936a654307e2be03e6a2849ef2d,5.874
4552,0x4be2166a8dbe25e79a9b30b4ce26858e10d21e92,1515255558,0x45245bc59219eeaaf6cd3f382e078a461ff9de7b,0x7744becbf1a1855ee297c345edff22bd1879ac1fbd0aac748c2a0edd4a3ac7e0,0.0
4553,0x730222bbb8bc0faf26f40db6eb378ad660cdde2f,1515255651,0x4be2166a8dbe25e79a9b30b4ce26858e10d21e92,0x36d6359c31a83c604bc0aa6f2c97fa5d40c4e16be47bc1e2fd54b494d0903723,1.0
4554,0x4be2166a8dbe25e79a9b30b4ce26858e10d21e92,1515255785,0x45245bc59219eeaaf6cd3f382e078a461ff9de7b,0x67f676d24e45da3ce7a96ac325f27253a4cfb7d213d7763fd1cfcf1f232acb3a,0.0
4555,0x4be2166a8dbe25e79a9b30b4ce26858e10d21e92,1515256429,0x45245bc59219eeaaf6cd3f382e078a461ff9de7b,0xeeb88915649c6fe13096ae52c8dd400bedae34a90651536909720da9cf26d7f8,0.0
4556,0x4be2166a8dbe25e79a9b30b4ce26858e10d21e92,1515256549,0x45245bc59219eeaaf6cd3f382e078a461ff9de7b,0x29f9049ceb2cdb2396ff89eb284b61bf014ed143ed6d7546f4dcce0340d1a975,0.0
4557,0x3f5ce5fbfe3e9af3971dd833d26ba9b5c936f0be,1515257351,0x4be2166a8dbe25e79a9b30b4ce26858e10d21e92,0x225cf72ba5dd0b24fa11a22bc85ea074b93b45128e89d6d1447f52e7c581f79d,1.0
4558,0x4be2166a8dbe25e79a9b30b4ce26858e10d21e92,1515258756,0x9db6a35930aa02bb90c91ff90442865a20cf7f1a,0x0942db93ec619845bb2346db0b44184afafb506c980ace8d9a5e9b45208d0858,0.35600000000000004
4559,0xd02518f04073779e93d6cea6eea78e3f3c7df2d6,1515270376,0x4be2166a8dbe25e79a9b30b4ce26858e10d21e92,0x16b207465c661fb6c68dbb8a7cf187fd64f784a91c52c27759a679bc879ca92f,50.0
4560,0x80e29acb842498fe6591f020bd82766dce619d43,1515289233,0x4be2166a8dbe25e79a9b30b4ce26858e10d21e92,0x40572169cc2fe9e2ac6ffcb04fe10b623aa026a436b82d045bbcd0388ca2334e,8.1455
4561,0x4be2166a8dbe25e79a9b30b4ce26858e10d21e92,1515290820,0x37b6624d6a94accba6cc97285df26cf94d1773ef,0xb09405da335ec4ee5dff531241cd49a332750722f54eab8761b2c5626ec4a556,1.0
4562,0x3f5ce5fbfe3e9af3971dd833d26ba9b5c936f0be,1515291337,0x4be2166a8dbe25e79a9b30b4ce26858e10d21e92,0x0377793f87e9ef274428999efa30464f1109fb1394b8d8d850739506a0ce0cc5,2.0
4563,0xcac725bef4f114f728cbcfd744a731c2a463c3fc,1515293272,0x4be2166a8dbe25e79a9b30b4ce26858e10d21e92,0x00e6469736f9a8b903e4f3567ca77e8eed7f0f7da1a9685868d7d0dc84246258,15.0
4564,0x4be2166a8dbe25e79a9b30b4ce26858e10d21e92,1515295967,0x5be5df175e2914bbd538b5cf69e99855c98208e6,0xa46fcf20f20426393b14e2a7fb5a83493b7a028af07bc63700f31c3a142990dd,8.145
4565,0xd02518f04073779e93d6cea6eea78e3f3c7df2d6,1515298661,0x4be2166a8dbe25e79a9b30b4ce26858e10d21e92,0xae93ecd5e7976f2642ad8eaf780adb7b20ad210f76df1522f0b61c1ae82dbc5a,4.3
4566,0x8252eb01f42761254fc1f6d3ada5da3c5a13e3e2,1515299481,0x4be2166a8dbe25e79a9b30b4ce26858e10d21e92,0x61bad4ceca11538d6593f6f694433761e7bf1c23cc384f5fcee816c0488a6e09,10.0
4567,0x4be2166a8dbe25e79a9b30b4ce26858e10d21e92,1515299793,0xafba1b04ec9dcbdeaa8601d8ae8f44edc77da224,0x822f1023410094b344ae6e8d282c99e7f4cb70c8865290f155726ccfbefc7238,5.0
4568,0x4be2166a8dbe25e79a9b30b4ce26858e10d21e92,1515300447,0xe2339a080872ac33cc3d0272554436c1cee044f2,0xc4ab091f31f33de499b762d489080a1569b4d14a89bf2d1e76d19ee02343b34d,5.0
4569,0x4be2166a8dbe25e79a9b30b4ce26858e10d21e92,1515300673,0xafba1b04ec9dcbdeaa8601d8ae8f44edc77da224,0xc1214633ba9cba48ab0f26c28f8416dce1646fd27d6f94cf01c2af533fe8feab,5.0
4570,0x4be2166a8dbe25e79a9b30b4ce26858e10d21e92,1515300991,0xafba1b04ec9dcbdeaa8601d8ae8f44edc77da224,0xfc0ae30cbeaad0ed2390a920ab923c6a00fecb062ac6b6db867571b53279732d,5.0
4571,0x0a0f4a2ffaec6807a4db8064adbf9b9979c0d41c,1515301901,0x4be2166a8dbe25e79a9b30b4ce26858e10d21e92,0x678ab51cb859c4fdec863c297cb5a757cc22e3f60617a46d752651decf71f2c8,1.01
4572,0x645f376bc1b6070e6baf86270c3046b49ac6c927,1515302716,0x4be2166a8dbe25e79a9b30b4ce26858e10d21e92,0x53d5690aacd034a112afb75d879ec13701626015835349315ff9db4b71a022cb,1.01
4573,0x199950da8f3cc0019f3ebe10a4bf108c672cc5b7,1515302833,0x4be2166a8dbe25e79a9b30b4ce26858e10d21e92,0x0ff65b22239e89a5ff4333bc6604b21618c814589338e9c7e533ee0851ab670d,1.01
4574,0x5ac95e1f0be759fabdcef513190b45a9c2b3ecbf,1515303028,0x4be2166a8dbe25e79a9b30b4ce26858e10d21e92,0x07fb7837aa829de2c49235f56c3cab294b15dd2eba0cc3daa11b0c37ee68d4ec,1.001
4575,0xc47253923b3a2c7d426e35ac91cbad94cc32fe16,1515303248,0x4be2166a8dbe25e79a9b30b4ce26858e10d21e92,0x0ec56cf3b37dd1ce7ad8954e369dd44782d0bcd92da5ba29d54f2ff18db5dfd7,1.01
4576,0xcb6a1ccc598404ee3c368dbb76ee1728708183bf,1515303811,0x4be2166a8dbe25e79a9b30b4ce26858e10d21e92,0x4b48651ba9c1a773af80ef483c017c116fab46726777eb6767f60547854a79a2,2.0
4577,0x59deef3cdd719a3a0a5a0a2e0e0d3a4576749e2a,1515303914,0x4be2166a8dbe25e79a9b30b4ce26858e10d21e92,0xe2955f54286fcec9d27b0f884f09295cbd278178aa1cc6b14d6f7b94962020e0,1.01
4578,0x3f5ce5fbfe3e9af3971dd833d26ba9b5c936f0be,1515305248,0x4be2166a8dbe25e79a9b30b4ce26858e10d21e92,0x61fdfee01a9ecf71d55d58349d6c1bbc2a18f41983eeb6414e0a60d869d6bd36,1.0
4579,0x0a0f4a2ffaec6807a4db8064adbf9b9979c0d41c,1515305678,0x4be2166a8dbe25e79a9b30b4ce26858e10d21e92,0x04866b7b971b059acda2766842d316d8bb6e0756acf82aa9264beabadc03e9a9,2.02
4580,0x4be2166a8dbe25e79a9b30b4ce26858e10d21e92,1515306567,0xe2339a080872ac33cc3d0272554436c1cee044f2,0xb1ccc38a6a115db42315e4ab353f67d522fecda4a3a29bc070684340fc196073,9.0
4581,0x4be2166a8dbe25e79a9b30b4ce26858e10d21e92,1515307534,0xafba1b04ec9dcbdeaa8601d8ae8f44edc77da224,0x3555ff0d0ad08735ad99e6df49f04e2bf155670de5072592f2ea85174811ea2c,23.0
4582,0x513b4bd0f9eb1371955e33539d23985d112b3f95,1515307902,0x4be2166a8dbe25e79a9b30b4ce26858e10d21e92,0x43ecac6b9ab2c59a3419deea10ee5bf38e6e951bea090ce7673a988990300368,2.02
4583,0xe564aa0b83b05a625999da0bf44061bcd6858a1f,1515308307,0x4be2166a8dbe25e79a9b30b4ce26858e10d21e92,0x273542aece9efd39512668a4a40b0c2e391bf52e2cb06735123c9db4b001b59c,1.01
4584,0xefcb79385cdc4ae66bb72b49975153b383a28561,1515308886,0x4be2166a8dbe25e79a9b30b4ce26858e10d21e92,0xe4b41b0e6492e10384bc4eedb183f55a3bf78ba19b32022746b6891234bccc5c,1.01
4585,0x0a0f4a2ffaec6807a4db8064adbf9b9979c0d41c,1515309219,0x4be2166a8dbe25e79a9b30b4ce26858e10d21e92,0xa5cbfae6bc4b24eef14a4e493026193eb6095e3184d5417ed57c3a08d40dd36f,1.01
4586,0x59deef3cdd719a3a0a5a0a2e0e0d3a4576749e2a,1515314621,0x4be2166a8dbe25e79a9b30b4ce26858e10d21e92,0x3bb7f39071191c756a8fc6fcf2eb5548538fd4166f6c733d1b9dcae9bd32013a,20.01
4587,0xc225fb974b1236c9d45b5da90aef26e6e733a655,1515316936,0x4be2166a8dbe25e79a9b30b4ce26858e10d21e92,0xb465d191d26472c56cf1685214430d8b6cfbf89b949045bfe17df4d52482462e,6.0
4588,0x4be2166a8dbe25e79a9b30b4ce26858e10d21e92,1515322296,0xafba1b04ec9dcbdeaa8601d8ae8f44edc77da224,0x5d9e2f6a604d66a640552c7d98f7a1054c269304526faad0074d65fe69f8f1a4,44.0
4589,0xc225fb974b1236c9d45b5da90aef26e6e733a655,1515322488,0x4be2166a8dbe25e79a9b30b4ce26858e10d21e92,0x851dc0e925d7de8196523370846d17737ce25b8f1eb61745657e44d41206153a,1.0
4590,0x4be2166a8dbe25e79a9b30b4ce26858e10d21e92,1515332573,0x13f25cd52b21650caa8225c9942337d914c9b030,0xb10afed7e3963ca853b269ab7030cab9954232a9b68130ee01a0c65efe8b701e,0.0
4591,0x4be2166a8dbe25e79a9b30b4ce26858e10d21e92,1515334791,0xc2c9e7a31b7f658f912a73f4a71c3ee5115e457f,0x1c90f09173a6b742420a4a88c35f7f9932cf2a74ea9bd55f330ed34e0f7bd5f7,45.0
4592,0x4be2166a8dbe25e79a9b30b4ce26858e10d21e92,1515336334,0xc2c9e7a31b7f658f912a73f4a71c3ee5115e457f,0x8bba80e94377a2fb0716931af2110a77aa1180a1e35db8e169768877883ad810,11.0
4593,0x4be2166a8dbe25e79a9b30b4ce26858e10d21e92,1515337180,0xb18073097e702650e105605de83eade581862436,0x0dbb7b4e81cd2a8fbd1b12305787f2887571f867b3e32107c22b4d67a9fe43b5,5.25
4594,0x4be2166a8dbe25e79a9b30b4ce26858e10d21e92,1515339902,0xc2c9e7a31b7f658f912a73f4a71c3ee5115e457f,0x547ab08a77c8f6aa5aa7c144ef3aeab1dc589298a16b5a81d3e9c77cd894470e,8.0
4595,0x513b4bd0f9eb1371955e33539d23985d112b3f95,1515342240,0x4be2166a8dbe25e79a9b30b4ce26858e10d21e92,0x7f446573ed11b3dfea4e6772f2ac813b717923868203f30e9bfbb767fb037dd3,2.0
4596,0x3d6b38ea2b185607622de9ce7324e0db95241bce,1515342260,0x4be2166a8dbe25e79a9b30b4ce26858e10d21e92,0x2d705c6073f81449bc402c9534b1201578603d80c91eaa992a1d4622c59940ff,10.0
4597,0x4be2166a8dbe25e79a9b30b4ce26858e10d21e92,1515343152,0x13f25cd52b21650caa8225c9942337d914c9b030,0x3a0354232e3c4cac38435535026da5556460916e0c4508de452517e89107022b,0.0
4598,0x4be2166a8dbe25e79a9b30b4ce26858e10d21e92,1515343890,0x13f25cd52b21650caa8225c9942337d914c9b030,0xc6bac646eb72157799b7551ec7eca9f67f13af6b21c6e86dab56e4c04cc8e939,0.0
4599,0xc225fb974b1236c9d45b5da90aef26e6e733a655,1515344201,0x4be2166a8dbe25e79a9b30b4ce26858e10d21e92,0x3097c48456018f6714ae48e359575af494c7a13d1c00aba74b8e88ae7f70f39a,1.0
4600,0x4be2166a8dbe25e79a9b30b4ce26858e10d21e92,1515344278,0x13f25cd52b21650caa8225c9942337d914c9b030,0x140adbfcf7911688dc4dcbc6737cd5464b5fbce0cb089b097d936bb89f225f6d,0.0
4601,0x4be2166a8dbe25e79a9b30b4ce26858e10d21e92,1515344405,0x13f25cd52b21650caa8225c9942337d914c9b030,0xffb66e1ce430c9b6baba69fc1d2fb8242ab77e314131c643635c73fc6e028f46,0.0
4602,0x4be2166a8dbe25e79a9b30b4ce26858e10d21e92,1515344688,0x13f25cd52b21650caa8225c9942337d914c9b030,0xc88435796fbe7dd7af6b5920a70ccc93d4a217dedf4bdb667ed7297730f638bb,0.0
4603,0x4be2166a8dbe25e79a9b30b4ce26858e10d21e92,1515344890,0x13f25cd52b21650caa8225c9942337d914c9b030,0x3899e9f39fac9ff9c53332e6da334d5b8dc91da85573820a25a8bcc361330247,0.0
4604,0x0a0f4a2ffaec6807a4db8064adbf9b9979c0d41c,1515345050,0x4be2166a8dbe25e79a9b30b4ce26858e10d21e92,0x5e41773a86c3ab5a7fbcc993e8ca5883e781e18294232aff16bf1542eda1063f,2.02
4605,0x4be2166a8dbe25e79a9b30b4ce26858e10d21e92,1515345068,0x13f25cd52b21650caa8225c9942337d914c9b030,0x108780e169d48b5ebc2dbef6718030d9357ef92781d101acc534588ea44b36ed,0.0
4606,0x4be2166a8dbe25e79a9b30b4ce26858e10d21e92,1515345317,0x13f25cd52b21650caa8225c9942337d914c9b030,0x461ce67d6c76256c12f469314394fd0ce0674563e20a8a3fdc169deeb9d4c62b,0.0
4607,0x4be2166a8dbe25e79a9b30b4ce26858e10d21e92,1515345458,0x13f25cd52b21650caa8225c9942337d914c9b030,0x4ed0573e4b75b0f8685dd895f465dc92a85580cd12641ca93b09d0426812674f,0.0
4608,0x4be2166a8dbe25e79a9b30b4ce26858e10d21e92,1515345573,0x13f25cd52b21650caa8225c9942337d914c9b030,0xc0ab00ba4de3c2c6e3d949dbdb8734d1c3f345acc680488847987328b760c4e8,0.0
4609,0x4be2166a8dbe25e79a9b30b4ce26858e10d21e92,1515345644,0x13f25cd52b21650caa8225c9942337d914c9b030,0xe4bdfb7ef4b2a598a0bf2ddc94831975cbb74b5e60c95cf6129f3c435a4b3182,0.0
4610,0x4be2166a8dbe25e79a9b30b4ce26858e10d21e92,1515345754,0x13f25cd52b21650caa8225c9942337d914c9b030,0x322163914379a69720ff9e401c6f9350400ab94884dc90ba6ade60ce34db30d2,0.0
4611,0x4be2166a8dbe25e79a9b30b4ce26858e10d21e92,1515345878,0x13f25cd52b21650caa8225c9942337d914c9b030,0xcee62ae7af32742e8dc7577151e714c61826f9967f84a9892c48e85b410c31a2,0.0
4612,0x4be2166a8dbe25e79a9b30b4ce26858e10d21e92,1515346099,0x13f25cd52b21650caa8225c9942337d914c9b030,0x0a447f150d9f53abed20c061de53b148b234fdfdaf6709f047e4044827e4cbee,0.0
4613,0x4be2166a8dbe25e79a9b30b4ce26858e10d21e92,1515346156,0x13f25cd52b21650caa8225c9942337d914c9b030,0x62ebc229a57c807b5ca8b474ea02fff077a84b714632529c145cf58b07d7c842,0.0
4614,0x645f376bc1b6070e6baf86270c3046b49ac6c927,1515346156,0x4be2166a8dbe25e79a9b30b4ce26858e10d21e92,0x7c186a2e440377a5acd9c4f579f0cf9e5b68d015ed69c4ce8026d6f1b997f1f0,15.0
4615,0x4be2166a8dbe25e79a9b30b4ce26858e10d21e92,1515365572,0x5d65d971895edc438f465c17db6992698a52318d,0xfabc71a28da81a9e13a3c3aac092c0522bfec11db465a25416309c114cbd58d4,0.0
4616,0x3f5ce5fbfe3e9af3971dd833d26ba9b5c936f0be,1515367639,0x4be2166a8dbe25e79a9b30b4ce26858e10d21e92,0x6093c553db0d6bac57ae7fa8b2ad24d6b7a55f2196b17d358110504ab1769f2e,2.69376482
4617,0x05ee546c1a62f90d7acbffd6d846c9c54c7cf94c,1515368667,0x4be2166a8dbe25e79a9b30b4ce26858e10d21e92,0x36c34af3012b9970b40b6997f6cfd9a9697d677c92daf287ab2c9ac508b2803d,3.83175
4618,0x2fa7f8c4bdd156610d40421a0ecd3e452055968c,1515371346,0x4be2166a8dbe25e79a9b30b4ce26858e10d21e92,0xefef2a05be1eb0d9b936e705ef07217ea0a19802ba3aa537ea790fe52b63e836,5.0
4619,0xcb6a1ccc598404ee3c368dbb76ee1728708183bf,1515371353,0x4be2166a8dbe25e79a9b30b4ce26858e10d21e92,0x3c0fd1ea1235bdf919d6fab29618363404e2e889cc000581b093c5f39bef2256,2.0
4620,0x564286362092d8e7936f0549571a803b203aaced,1515378227,0x4be2166a8dbe25e79a9b30b4ce26858e10d21e92,0x737a9362a978177f287a84769734d8433c6e11bcbb29cae026f64883860c0b3d,2.0
4621,0x5ac95e1f0be759fabdcef513190b45a9c2b3ecbf,1515379406,0x4be2166a8dbe25e79a9b30b4ce26858e10d21e92,0xc344ffe453f72fdee41e1feca5eae938f0ad424462e059cac251867fe85579c9,2.01
4622,0xb9cc9bf5aed8ec4cf02fa5daffb4c7df649f9d28,1515379972,0x4be2166a8dbe25e79a9b30b4ce26858e10d21e92,0x7be8989c326a9d75e7a87ae9bef6cb48e07887460d9bea658a42e3a7fc0b49c9,32.0
4623,0xb9cc9bf5aed8ec4cf02fa5daffb4c7df649f9d28,1515380265,0x4be2166a8dbe25e79a9b30b4ce26858e10d21e92,0xb4f2bbed0105cbda04659d00bb58b3ab3587872f3d8f530a975ed9a2d9f74425,32.0
4624,0xfa6e074c0f1dcb8c5aee20c72b964c8fe8f1a570,1515380280,0x4be2166a8dbe25e79a9b30b4ce26858e10d21e92,0x5b088aa6a22e90d2f3779d1afb2529d02ecfb5add137bfa9d03ecb632a8cb603,1.0
4625,0x4be2166a8dbe25e79a9b30b4ce26858e10d21e92,1515381288,0xb9cc9bf5aed8ec4cf02fa5daffb4c7df649f9d28,0x3dec8e2e9278e1d941f29794cac6c2b2f3c95eb3f6adfc02b88c13e42540dd2e,32.0
4626,0xc225fb974b1236c9d45b5da90aef26e6e733a655,1515381288,0x4be2166a8dbe25e79a9b30b4ce26858e10d21e92,0xe6db7ae52352ba64acc8089a957bd3cdeca3490a24c2877b6fa08bb0d2e4720f,120.0
4627,0x4be2166a8dbe25e79a9b30b4ce26858e10d21e92,1515381530,0x13f25cd52b21650caa8225c9942337d914c9b030,0xb267d2d112c6355852c9e1f2f0e56fbbe3348bac5f352e46134585c203476065,0.0
4628,0x4be2166a8dbe25e79a9b30b4ce26858e10d21e92,1515382050,0x13f25cd52b21650caa8225c9942337d914c9b030,0x0071887df9b808dab0e60450ab1fd4ecb4281b513717cf5dd0ef344695848843,0.0
4629,0x4be2166a8dbe25e79a9b30b4ce26858e10d21e92,1515383766,0x59deef3cdd719a3a0a5a0a2e0e0d3a4576749e2a,0x86d7812b043fb7c4b9a54144d946cf849070c1424123ad4a2820e278c1fa0e22,3.0
4630,0x4be2166a8dbe25e79a9b30b4ce26858e10d21e92,1515384178,0x13f25cd52b21650caa8225c9942337d914c9b030,0x80406b3349ebf13f761cfda342174e2e46b89308ca61fcad8100aa40c95297c3,0.0
4631,0x4be2166a8dbe25e79a9b30b4ce26858e10d21e92,1515386733,0x1234567461d3f8db7496581774bd869c83d51c93,0x37bef2d8a3e86cc837868b0c55246c79f063cb36a2e00a0a02baf8463270a227,0.0
4632,0x4be2166a8dbe25e79a9b30b4ce26858e10d21e92,1515389686,0xb17df9a3b09583a9bdcf757d6367171476d4d8a3,0x0483d33beda87b1a7d36909e962c2eccabae0059755a25b8f52c51fb232e1a3c,0.0
4633,0x4be2166a8dbe25e79a9b30b4ce26858e10d21e92,1515389920,0x13f25cd52b21650caa8225c9942337d914c9b030,0xdbdf43e93ed0749b77b49a7e6337e7cab9a9dc60596c2180d364ba0c770d537a,0.0
4634,0x4be2166a8dbe25e79a9b30b4ce26858e10d21e92,1515390243,0xf346b7f9445003ab800181f2294027cea3291333,0x58b71977ebe71caedb018b1be2084380a66f2263e7750e253f1e1f2e3b858754,2.0
4635,0x27f6c206dc6cacc157991429450b3522623e626d,1515390718,0x4be2166a8dbe25e79a9b30b4ce26858e10d21e92,0xff8c4f958ebe221966759887a3653c4318816f53beeb6fc9ddd80b1209fd12d7,6.0
4636,0x4be2166a8dbe25e79a9b30b4ce26858e10d21e92,1515390845,0xafba1b04ec9dcbdeaa8601d8ae8f44edc77da224,0xa7c995876ff90f379d0c764a6910072ff44ce665d8d377d0e3d28042f4c7de1e,145.0
4637,0x4be2166a8dbe25e79a9b30b4ce26858e10d21e92,1515391165,0x62e1c4d38d0e2162a0ad96980b06edd50295571c,0xb9bd00bf3ecb0a8e71dc40a8840f48b3bbdc318cd37961667ee3bc940889d91f,1.0
4638,0x27f6c206dc6cacc157991429450b3522623e626d,1515399523,0x4be2166a8dbe25e79a9b30b4ce26858e10d21e92,0x75de818a7798c7c1705d7e2769bc11bcc681b79418cf45a1d636a24535135e3c,1.0
4639,0xcb6a1ccc598404ee3c368dbb76ee1728708183bf,1515414512,0x4be2166a8dbe25e79a9b30b4ce26858e10d21e92,0x117021efc91df677b0adf9a097fcffd932dfa883a3063b1d7b6d8e9f53892723,1.0
4640,0x4be2166a8dbe25e79a9b30b4ce26858e10d21e92,1515416580,0xefcb79385cdc4ae66bb72b49975153b383a28561,0x0818cda9255c02d003f927181a27e56fea1b488aa45c31238d659dae52396905,3.0
4641,0x4be2166a8dbe25e79a9b30b4ce26858e10d21e92,1515419079,0xc225fb974b1236c9d45b5da90aef26e6e733a655,0xb131fad9c2e15cafe69d3f8de9fbf0f0b27986d9cecc28daf88fe50caa5f7844,16.0
4642,0x4be2166a8dbe25e79a9b30b4ce26858e10d21e92,1515421654,0xe6dd3cfcc1c53f371a105b48fe12295608c535ad,0x212431a17f9c003a30142c8b6e87b542169449af7b2b411728beee73ba4de68f,5.0
4643,0x4be2166a8dbe25e79a9b30b4ce26858e10d21e92,1515422009,0x414ac625f192b5dd77544899d0bd60f3548ee382,0x238d9bec9e28f7fac661cf0bd8211c5fe909426c91df76e8ccc8c772ffc916da,5.0
4644,0x4be2166a8dbe25e79a9b30b4ce26858e10d21e92,1515422408,0xe6dd3cfcc1c53f371a105b48fe12295608c535ad,0x73c2040f17ad88cb3b019cd1bbd73bd40058b6786c69b804a41095b575773e5b,5.0
4645,0x4be2166a8dbe25e79a9b30b4ce26858e10d21e92,1515422572,0x3d6b38ea2b185607622de9ce7324e0db95241bce,0x96317db40ccc3a1e5eb7615d3d75c66c0096731fde0830e418c3ea89f97781c1,6.0
4646,0x4be2166a8dbe25e79a9b30b4ce26858e10d21e92,1515425684,0x645f376bc1b6070e6baf86270c3046b49ac6c927,0xc398292a7bc41454b7a37d70f41d18192a19ceff586ca19c579ef960d202339c,20.0
4647,0x2783ebcf1cf18c4a1343316b75206fc69563fab1,1515458889,0x4be2166a8dbe25e79a9b30b4ce26858e10d21e92,0xb998af6014c8d81209aa692d51aca746e2efacb9817bee21a1be7a3bf42dca99,0.2236
4648,0x4be2166a8dbe25e79a9b30b4ce26858e10d21e92,1515460213,0x2fa7f8c4bdd156610d40421a0ecd3e452055968c,0xee7a699c8528fb69e8b96cd7a4d57cc746db60e8405ee4d70b9f75c95697ab7e,5.0
4649,0x4be2166a8dbe25e79a9b30b4ce26858e10d21e92,1515460900,0x2b7270a8e96662c122bc2760786e1720ada4155e,0x09ae287d4d2cfa728f7aea101bf6e11b8ed72516af9eda04606b00ce8120900a,3.0
4650,0x4be2166a8dbe25e79a9b30b4ce26858e10d21e92,1515464049,0x8a1791593ac68b34e433c876098e41dea7413ea8,0xcc75c0e7dccc2e599c9c3a66231f21e99fac551eef40141af081e8cd07056da3,3.0
4651,0xc2c9e7a31b7f658f912a73f4a71c3ee5115e457f,1515465630,0x4be2166a8dbe25e79a9b30b4ce26858e10d21e92,0x4e8ef7d9a9b8a05517bab93c1522b4e35bc14cb66282edace6a4eaf854dff40e,64.0
4652,0x4be2166a8dbe25e79a9b30b4ce26858e10d21e92,1515466982,0x6ec8a24cabdc339a06a172f8223ea557055adaa5,0x6420934f78e07450d0f525a97437e762b5e52028bd545d3fc991f4ea0796a641,0.0
4653,0x62a3a4d00bc199f36f15b1c963f146a545410a4e,1515469059,0x4be2166a8dbe25e79a9b30b4ce26858e10d21e92,0x43e7096e907f0df4400adc77ce3638e9aea36bf9b6d60350e410aeaedc93d007,2.0
4654,0x4be2166a8dbe25e79a9b30b4ce26858e10d21e92,1515469738,0xafba1b04ec9dcbdeaa8601d8ae8f44edc77da224,0xe75157f84ac9772fc068928983001721275b637f6f575e4911f909a81eefca97,160.0
4655,0xb9cc9bf5aed8ec4cf02fa5daffb4c7df649f9d28,1515470893,0x4be2166a8dbe25e79a9b30b4ce26858e10d21e92,0xe893ae235758d509a8309574b4a3e8ba039cb57b09704bbce0b5673d41314ffc,3.0
4656,0x513b4bd0f9eb1371955e33539d23985d112b3f95,1515471678,0x4be2166a8dbe25e79a9b30b4ce26858e10d21e92,0x954d38bced55833c93b4307a5260201b3225705cbac86e75774fdabafb057e6b,26.0
4657,0xfc61563ad79109f6f04e9085474ef7e8bf641baf,1515472494,0x4be2166a8dbe25e79a9b30b4ce26858e10d21e92,0xc8301609d9c1978e2d201797b9e59202a4188d215bed4277c2f1e3838fbffaa9,1.0
4658,0xefcb79385cdc4ae66bb72b49975153b383a28561,1515473617,0x4be2166a8dbe25e79a9b30b4ce26858e10d21e92,0x4601a0dd83343ed08a90bf7fba53060cce8611e07d236e088fb58920ce2eda81,3.01
4659,0x513b4bd0f9eb1371955e33539d23985d112b3f95,1515478266,0x4be2166a8dbe25e79a9b30b4ce26858e10d21e92,0x896a78f950e62433ee9071eadb4b02f234a185048f37e8933dfacd2da1b4f903,2.0
4660,0x4be2166a8dbe25e79a9b30b4ce26858e10d21e92,1515478644,0xe6dd3cfcc1c53f371a105b48fe12295608c535ad,0x6d43fbcd3bf9e300ead8f95e4b1ef2d245344c9d8ed5d7d0ce5b8e1feda6e3ae,10.0
4661,0x3d6b38ea2b185607622de9ce7324e0db95241bce,1515482676,0x4be2166a8dbe25e79a9b30b4ce26858e10d21e92,0xaef2b7049593fab76423d979235ebcb9e40934686efaa7e3f968483ac0935028,6.0
4662,0xd02518f04073779e93d6cea6eea78e3f3c7df2d6,1515489698,0x4be2166a8dbe25e79a9b30b4ce26858e10d21e92,0x409395b9c02772a11e3fb9425597a96608c2dcef5ac45de3cb4ad23658326cea,12.0
4663,0xf73c3c65bde10bf26c2e1763104e609a41702efe,1515489793,0x4be2166a8dbe25e79a9b30b4ce26858e10d21e92,0x2dfd862e2710eff167189ad67abf881cf4754c57e3d4abeef5012947fcd50849,9.54748677
4664,0x05ee546c1a62f90d7acbffd6d846c9c54c7cf94c,1515493432,0x4be2166a8dbe25e79a9b30b4ce26858e10d21e92,0xbfc1b4cc39aed6e7a198d02356e379f0bd522a7dfdcbb8fc438c207f6171203c,3.0
4665,0x4be2166a8dbe25e79a9b30b4ce26858e10d21e92,1515497969,0x1e8332ef2e873dcf19f1c699ce424316e43cef51,0x1cc51c9b28d977efe38f68a5194bb4582006daaaa7275cd2979815b6e689baa8,1.0
4666,0x4be2166a8dbe25e79a9b30b4ce26858e10d21e92,1515498186,0xf346b7f9445003ab800181f2294027cea3291333,0x6ac4a6f7437ffb9343c6a361d70c57521de2e535e511ad2a2dfdb131b974e259,4.0
4667,0x4be2166a8dbe25e79a9b30b4ce26858e10d21e92,1515500779,0x062603414e8ac52f38e8a3020326d916a8127309,0x0bd31dd3803ce0350b292d99cc4b1fb5664c3767be53673745484b4476bdda49,1.0
4668,0x4be2166a8dbe25e79a9b30b4ce26858e10d21e92,1515503207,0xb9cc9bf5aed8ec4cf02fa5daffb4c7df649f9d28,0xbf1ce2ca96ba077f562f2b3a7dcd7fe2cedaee595f968611bd4de9d87d73ab88,3.0
4669,0x4be2166a8dbe25e79a9b30b4ce26858e10d21e92,1515503774,0xbdc5bac39dbe132b1e030e898ae3830017d7d969,0x5a4ba380b09c0b3dded70b113dc7948e8a48c8f4334483eaa810578550053a21,0.0
4670,0x4be2166a8dbe25e79a9b30b4ce26858e10d21e92,1515509486,0xb18073097e702650e105605de83eade581862436,0xde0482e31b41bfe251d8168634dafe33cd623d58a54131ff0077dfe5e9a4de4d,15.0
4671,0x4be2166a8dbe25e79a9b30b4ce26858e10d21e92,1515511794,0xb9cc9bf5aed8ec4cf02fa5daffb4c7df649f9d28,0xc4f9ae9eb4eab2288534b80b45398e5039e1f5375048e90ea1db6e8ecab7a00f,10.0
4672,0xafba1b04ec9dcbdeaa8601d8ae8f44edc77da224,1515513424,0x4be2166a8dbe25e79a9b30b4ce26858e10d21e92,0x5f7dad797b100b79c82b84a4155719c6ddc9cfc0dbb7c84065ffd4fe776033a3,200.0
4673,0x4be2166a8dbe25e79a9b30b4ce26858e10d21e92,1515516905,0xd46c61573e1bb0b4b45e17ee50519f6692e5ebdc,0x2bcce39d64f893e95ef35acd8e164b46c6eb154c5b0abe4a404a4a25af7f6127,0.1
4674,0x4be2166a8dbe25e79a9b30b4ce26858e10d21e92,1515518398,0x03eb385f0cc0788aab439bd9615e74dde93a45de,0x0a80c6d5f238a8247d028738f560f29c369105828fb428ceb729e62fa3b26e00,1.0
4675,0x4be2166a8dbe25e79a9b30b4ce26858e10d21e92,1515543224,0x58d0a58e4b165a27e4e1b8c2a3ef39c89b581180,0x894b28e3be4ea597da9e553aa719248c60e5f1f865f10192c646d19136952662,0.0
4676,0x4be2166a8dbe25e79a9b30b4ce26858e10d21e92,1515546243,0x458b6577ae83035c877bf03f4477cc367995f475,0xf5f1daa9e8f082b84b63a3af59a68e0e431a7008f5d2f96bcdbe36fc97ecc7e1,10.0
4677,0x3d6b38ea2b185607622de9ce7324e0db95241bce,1515553105,0x4be2166a8dbe25e79a9b30b4ce26858e10d21e92,0x7e90940b8147d4907c3da47a9aee334549dbad464f1fe9248778ddc0bcb4b3f1,1.0
4678,0x4be2166a8dbe25e79a9b30b4ce26858e10d21e92,1515555648,0x414ac625f192b5dd77544899d0bd60f3548ee382,0x1e8c7f3cf0f6043aa6ad6e2097eab7f91640674bc52d40c76e5d8eb5558922b4,112.0
4679,0x4be2166a8dbe25e79a9b30b4ce26858e10d21e92,1515556706,0xcb6a1ccc598404ee3c368dbb76ee1728708183bf,0xb26d15d41696c252649af36d239aa0acb143b4c30d4804a4e6cc0d2da4b2bea3,2.0
4680,0x4be2166a8dbe25e79a9b30b4ce26858e10d21e92,1515560657,0x7f087c2ef81a9bfe36cb9eded1559170052c50c3,0x3998cfc34ebad2464ac9d44a840bbf495ed878ae72da71f46fe325c0e0ddef25,3.0
4681,0x4be2166a8dbe25e79a9b30b4ce26858e10d21e92,1515561786,0x414ac625f192b5dd77544899d0bd60f3548ee382,0xa5a456b93686fb19d2a96a34d74650db86cb74a1abce67f61064eaa61c54d44f,100.0
4682,0x4be2166a8dbe25e79a9b30b4ce26858e10d21e92,1515562144,0x414ac625f192b5dd77544899d0bd60f3548ee382,0xae36041a9969c1adbe912f1af337ecd261952970dad43279a62dd94d8c4dc962,16.0
4683,0x4be2166a8dbe25e79a9b30b4ce26858e10d21e92,1515562464,0x58d0a58e4b165a27e4e1b8c2a3ef39c89b581180,0xd0a9a259467cbacd13b369e90d40fa4be550d0332699caf21cf023140b7ad98d,0.0
4684,0x4be2166a8dbe25e79a9b30b4ce26858e10d21e92,1515562838,0x58d0a58e4b165a27e4e1b8c2a3ef39c89b581180,0x6281dd7bb263963e1f4320a79ef7f39a6d8b59012e5c35fb6d813b360e5aadba,0.0
4685,0x4be2166a8dbe25e79a9b30b4ce26858e10d21e92,1515563219,0x58d0a58e4b165a27e4e1b8c2a3ef39c89b581180,0xa0569bc6e8540422c38005bb3df6ccc1be5fe03fb8a06fb197f7ebffd22ba1aa,0.0
4686,0x4be2166a8dbe25e79a9b30b4ce26858e10d21e92,1515563501,0x58d0a58e4b165a27e4e1b8c2a3ef39c89b581180,0x82339cf2c2498295d3c466982a42e7fb0bbacb47adc9df0957a99d64b019cf31,0.0
4687,0x4be2166a8dbe25e79a9b30b4ce26858e10d21e92,1515563901,0x58d0a58e4b165a27e4e1b8c2a3ef39c89b581180,0xc71e3ae8a7dc3e9d64ff7a2c3cd2ff021ca7e3e23843cd4747227e0b87f7ac56,0.0
4688,0x4be2166a8dbe25e79a9b30b4ce26858e10d21e92,1515564653,0x58d0a58e4b165a27e4e1b8c2a3ef39c89b581180,0xcbd2703bf7dc00bfd06dabf4d69fc01f7e4e0146a25eeb3463c18fa350427e66,0.0
4689,0x4be2166a8dbe25e79a9b30b4ce26858e10d21e92,1515565966,0x58d0a58e4b165a27e4e1b8c2a3ef39c89b581180,0x5cca9043f6281595022a29d8132831604ee424980bc5c4c87c69f76f7125ac2b,0.0
4690,0x4be2166a8dbe25e79a9b30b4ce26858e10d21e92,1515566393,0xf37c4a962e70d813a4d9825942141cd9bc5169fd,0x1bee48d1dadd2fda625403762f66128b465f1d248302364ef8b04677e15b67c1,2.0
4691,0xc225fb974b1236c9d45b5da90aef26e6e733a655,1515570188,0x4be2166a8dbe25e79a9b30b4ce26858e10d21e92,0xbfe63614077ad3512b32fa8746df19b2a06d9bec4091fb79a406b17c495e708e,20.0
4692,0x4be2166a8dbe25e79a9b30b4ce26858e10d21e92,1515570371,0x58d0a58e4b165a27e4e1b8c2a3ef39c89b581180,0x5d82631f57713142d744a3b472229b8e5b7adac282e898ddd8c248437fa77d3b,0.0
4693,0x4be2166a8dbe25e79a9b30b4ce26858e10d21e92,1515577690,0x58d0a58e4b165a27e4e1b8c2a3ef39c89b581180,0x75df79d1d580a53fd86c07b4fec6f42f2f3eb8ef094c9a3f7dd3b57022eb07ea,0.0
4694,0x4be2166a8dbe25e79a9b30b4ce26858e10d21e92,1515581093,0x58d0a58e4b165a27e4e1b8c2a3ef39c89b581180,0x8b8d3f595bfc17138559455785084b65c40e60217149f0ac4c6dad70a2f58b13,0.0
4695,0x4be2166a8dbe25e79a9b30b4ce26858e10d21e92,1515581407,0x59deef3cdd719a3a0a5a0a2e0e0d3a4576749e2a,0xda4ba7c64a98770607ef7a728d7ddf1b0f26d94371d8aa60d17e25898c36ff98,2.75
4696,0x4be2166a8dbe25e79a9b30b4ce26858e10d21e92,1515581526,0x5ac95e1f0be759fabdcef513190b45a9c2b3ecbf,0x5d933103e148f9c7b7f3f139ff3decddd3a9eb12612ea7dc4da936880c62f35c,0.5
4697,0x4be2166a8dbe25e79a9b30b4ce26858e10d21e92,1515581624,0x58d0a58e4b165a27e4e1b8c2a3ef39c89b581180,0x5a2a8a7e0e8514338d69bf43e2e303d00c7b9bee6355ac28c83499162fdc12ae,0.0
4698,0x4be2166a8dbe25e79a9b30b4ce26858e10d21e92,1515582229,0x6295cecf3f19ab3a0b25a893451448024fc09cea,0x1fad75329038095faf28c72d1bb23a43e06cabdd76b1f8c6a103a3ba7b7752c4,6.25
4699,0x4be2166a8dbe25e79a9b30b4ce26858e10d21e92,1515595120,0xbe7e65e2b70da8da0d1ea4d621db506db5ace760,0x33e264b9419feec3a9c1b8819cf4debefe4a403eee01a7379717ec236056e22c,1.25
4700,0x4be2166a8dbe25e79a9b30b4ce26858e10d21e92,1515596825,0x6e38691d883fdec72daf5d37227c7e784009a33e,0x32f6425c06a9bfd122a7ff1e4974c6e4b54c2e6641d11066414adb75c72d1aee,1.0
4701,0x4be2166a8dbe25e79a9b30b4ce26858e10d21e92,1515600116,0x86fa049857e0209aa7d9e616f7eb3b3b78ecfdb0,0xc46f02ad1ef21d0b7a333bae4622be58c847f084f4a69dffe8609ddb0b1239f3,0.0
4702,0x4be2166a8dbe25e79a9b30b4ce26858e10d21e92,1515637124,0x1234567461d3f8db7496581774bd869c83d51c93,0x1a3843bc5600ddca23a011ba6ca41e842a8f5c66efd67c6f216efdc96083ddd9,0.0
4703,0x4be2166a8dbe25e79a9b30b4ce26858e10d21e92,1515637687,0xb693fe842e3265c50bb5983331b211e962d6278a,0x7a077f4cc0cda7ee392b6c5527464a7fc12703138ed2d3acf8c7bcb7f9b1ff83,2.0
4704,0x4be2166a8dbe25e79a9b30b4ce26858e10d21e92,1515642420,0xb17df9a3b09583a9bdcf757d6367171476d4d8a3,0x1dd527313ea73c218a4adff2b471374480f21f2c5e398c4f0e3e6cbcca654405,0.0
4705,0x4be2166a8dbe25e79a9b30b4ce26858e10d21e92,1515647643,0xefcb79385cdc4ae66bb72b49975153b383a28561,0xb88ad26dc4ba1cf003b22615a7a63250906fd84a831fa32ddeac76e5da395e74,5.0
4706,0x4be2166a8dbe25e79a9b30b4ce26858e10d21e92,1515655087,0x584b44853680ee34a0f337b712a8f66d816df151,0xd20ce17749de021f2b8d56a4c512fa552554a12eb8226e74c8e5e854a656753c,0.0
4707,0x4be2166a8dbe25e79a9b30b4ce26858e10d21e92,1515669306,0xc2c9e7a31b7f658f912a73f4a71c3ee5115e457f,0x0fc86cc99311d67b5339ba2fb33cec15f0b9bb415574bef207c7ee837305e9d5,6.0
