LA: 522.0468117496765
HA: 385.6320028965912

做归一化：
LSTM_4: 409.7682074168329
LSTM_10: 409.0072128072456

不做归一化：
LSTM_4_100:379.76781791868586  380.70502421746977  378.5630384798497  376 380.1485797106937
LSTM_4_1000epochs: 379.60239456330754 381.972656704508 382.52289046150986


LSTM+att_10: 382
LSTM+att_100: 377  378.3207445646679  376.0953413006524


bidirectional
10个时间段预测2个时间段：
HA: 354.4157758552468
LA: 493.77370843934966
LSTM_4_100: 286.2143055340658 286.89344385633706
LSTM_4_100_att: 285.5383384984616 286.4700874355426 285.6546319787626

GRU_4_100: 287.05018364250657 286.5442048636704 285.5325237186486
GRU_4_100_att: 285.0 285.0


没有bidirectional:
GRU_4_100: 286.3233850153123 286.9689160850042  285.33651768798387
LSTM_4_100: 286.8803189118236 286.436360977151
RNN_4_100: 286.89756193008003 286.93151634077094


只用Dense： 336.80850858273203

arima:(2,1,0) 435.70352433898495   error_num=181
(1,1,0)